-0.420898 0.821289 1.891357 -0.005249 -0.003052 -0.008179
-0.422119 0.827637 1.886230 -0.005005 -0.001831 -0.003784
-0.459229 0.822754 1.900146 -0.005371 -0.001221 -0.002686
-0.456055 0.821289 1.894531 -0.004272 -0.003296 -0.003662
-0.416992 0.815430 1.892090 -0.003418 -0.004028 -0.004272
-0.448486 0.827637 1.892090 -0.003052 -0.002808 -0.001709
-0.445068 0.818604 1.882568 -0.003662 -0.003784 -0.002197
-0.431885 0.826416 1.893311 -0.004639 -0.003662 -0.005737
-0.438721 0.818848 1.892822 -0.004639 -0.002686 -0.006348
-0.424805 0.823242 1.888672 -0.004395 -0.002441 -0.005127
-0.429199 0.833496 1.895996 -0.004639 -0.002075 -0.006714
-0.367676 0.841309 1.883057 -0.004028 -0.006470 -0.012329
-0.616699 0.596680 1.909668 -0.005737 -0.007202 -0.020874
0.730469 1.427734 1.809082 0.005615 -0.027100 -0.013184
-0.883301 0.617432 1.931396 -0.008057 -0.011963 -0.039551
0.300049 1.013672 1.869141 -0.000610 -0.019531 -0.031372
0.257813 1.207764 1.875488 0.000610 -0.012207 -0.028198
-1.144043 0.304688 1.905762 -0.010498 0.000854 -0.036743
-0.531250 0.583008 1.888184 -0.006958 -0.006104 -0.042969
-1.024414 0.661377 2.079102 0.007324 -0.021973 -0.021240
-0.491943 0.591064 1.887939 0.032593 -0.044922 0.009277
-0.961426 0.258545 1.764648 0.010010 -0.025879 -0.018066
-0.936279 0.451904 1.835693 0.011719 -0.020142 0.004883
-0.683594 0.451416 1.937256 -0.008789 -0.000366 -0.038452
0.176025 1.518555 1.975342 0.025391 -0.027954 0.003174
-1.000000 0.178711 1.897705 0.006714 -0.011841 -0.040771
-0.438965 0.627930 1.907227 0.028198 -0.026001 0.006348
-0.738281 0.624268 1.892334 0.019897 -0.020996 -0.004272
-0.623291 0.148682 1.742432 0.012329 -0.020508 -0.015503
-0.329834 0.838867 1.870850 0.009155 -0.016724 -0.015503
-0.251465 1.793701 2.053955 0.038818 -0.016235 0.050781
-0.252441 0.148193 1.587891 0.008911 -0.004395 -0.007446
-0.319580 0.864014 1.882080 0.001831 -0.004517 0.010254
-0.358887 0.982666 1.892090 0.003906 0.002808 0.013916
-0.275635 0.759766 1.798828 0.000977 0.005615 0.010986
-0.155273 1.066650 1.921387 0.012695 0.007568 0.055054
-0.359131 1.260742 1.817139 0.005615 0.018555 0.029541
-0.670410 0.806885 1.950928 -0.002930 0.022705 0.036865
-0.345703 1.093506 1.930908 0.008789 -0.002441 0.054077
-0.277832 1.136475 1.911621 -0.002563 0.003418 0.030884
-0.527344 0.728516 1.890137 -0.025879 0.022949 -0.006714
-0.428955 0.762451 1.864990 -0.014771 0.014282 0.011719
-0.164307 1.479736 1.939209 -0.015015 0.009644 0.004761
-0.339355 1.115234 1.868896 -0.027588 0.018433 -0.018188
-0.306396 1.197998 1.959473 -0.007813 -0.002808 0.018799
-0.611816 0.367432 1.812256 -0.040161 0.013184 -0.049805
-0.271973 1.215088 1.848145 -0.016724 0.002686 0.014771
-0.295898 1.165039 1.962891 -0.004395 -0.003296 0.033203
-0.606689 0.066650 1.707520 -0.016357 0.001099 0.011353
-0.349854 1.161133 1.964355 -0.038452 0.003662 -0.009155
-0.406494 0.815186 1.866943 -0.018555 0.002441 0.022949
-0.471191 0.576660 1.818359 -0.007446 -0.004150 0.026123
-0.152588 1.443604 1.996338 -0.033813 0.006592 -0.013306
-0.022461 1.717773 2.032715 -0.036499 0.009766 -0.019653
-0.337891 1.167725 1.970947 -0.026245 -0.001221 0.001221
-0.213379 1.032715 1.976074 -0.044067 0.011230 -0.024536
-0.432861 0.941895 1.912354 -0.034668 0.009644 -0.016479
-0.453857 0.514893 1.807129 -0.010132 -0.000732 0.006470
-0.264893 1.010986 1.901855 -0.027710 0.009399 -0.023193
-0.479492 0.080322 1.786865 -0.029785 0.005859 -0.026733
-0.584229 0.116211 1.854980 -0.032959 0.004517 -0.043213
-0.336670 0.681885 1.871338 -0.020630 0.007813 -0.017334
-0.394287 0.009277 1.852051 -0.020020 0.003418 -0.013184
-0.147461 1.080811 1.897461 -0.010254 0.005737 -0.004517
-0.557861 0.730713 1.950928 -0.013550 -0.002686 0.005493
-0.589600 1.067139 1.919678 -0.042114 0.009888 -0.027344
-0.410400 0.447510 1.958740 -0.009033 0.000977 0.029053
-0.112793 1.388916 1.832031 -0.044189 0.017578 -0.022461
-0.568604 0.411621 1.922119 -0.024048 0.007568 -0.002197
-0.152588 1.254639 1.979980 -0.033569 0.014893 -0.011475
-0.423584 0.666748 1.946045 -0.009399 0.004395 0.036011
-0.793457 0.720947 2.028320 -0.037964 0.022949 0.012329
-0.613281 0.676514 1.932861 -0.017578 0.015381 0.052490
-0.625732 0.337158 1.895752 -0.017212 0.012573 0.022705
-0.618408 0.520020 2.021973 -0.012451 0.009644 0.017212
-0.312500 0.727783 1.925293 0.003418 -0.003784 0.016479
-0.529541 0.552734 1.898193 0.003662 0.020020 0.004150
-0.498291 0.525635 1.924561 0.001709 0.012085 -0.000977
-0.367676 0.671631 1.934326 0.003784 -0.007568 -0.004639
-0.285156 0.620361 1.876465 0.015015 0.011719 0.002686
-0.953369 1.555176 2.184570 0.004395 -0.001343 0.008179
-0.527832 0.794678 2.010742 0.012695 0.003906 0.023926
-0.585449 0.944092 2.003906 0.005859 0.007935 0.024048
-0.134521 0.755859 1.915527 -0.004028 0.001221 -0.003784
-0.443848 0.658691 1.893555 0.000488 0.013306 -0.004517
-0.442871 0.681396 1.871582 0.000732 0.013062 -0.016968
-0.895020 0.932861 2.013184 0.007080 0.004517 -0.015869
-0.535400 0.406738 1.769287 0.023438 -0.003662 -0.001221
-0.403076 1.198242 1.990967 -0.001343 -0.002563 -0.037354
-0.494385 0.360596 1.903076 0.009521 -0.000854 -0.014282
-0.530518 0.367432 1.856934 0.006836 -0.000610 -0.026489
-0.557617 0.706299 1.851318 0.013428 -0.005127 -0.015869
-0.329590 1.414551 1.954590 -0.011597 -0.002808 -0.055176
-0.820068 -0.136963 1.784668 0.039307 -0.023438 0.014526
-0.032471 1.483887 1.957764 0.006104 -0.011353 -0.019775
-0.634033 0.499268 1.873779 0.006592 -0.006714 -0.023560
-0.617188 0.597168 1.900879 0.008179 -0.010132 -0.019165
-0.516113 0.944092 1.874268 0.016602 -0.015747 0.006104
-0.424561 0.611816 1.912598 -0.009888 0.003540 -0.025024
-0.261963 0.598389 1.879639 0.008789 -0.012573 -0.000610
-0.527100 0.895508 1.892578 0.001587 -0.005371 -0.006714
-0.545898 0.764648 1.906494 -0.005493 -0.002441 -0.013550
-0.531982 0.706787 1.905273 -0.000366 -0.005981 -0.006104
-0.101318 1.262207 1.920166 0.009033 -0.010620 0.007690
-0.597168 0.687988 1.924072 0.007568 -0.011597 0.001221
-0.502441 0.624268 1.868652 0.005737 -0.008301 -0.012939
-0.652588 0.631592 1.945557 0.010254 -0.012085 0.000366
-0.677490 0.628906 1.909424 -0.008057 0.000610 -0.015015
-0.772217 0.387939 1.895752 0.023193 -0.027222 0.021729
-0.308105 0.702637 1.890625 -0.003296 -0.001221 -0.011230
-0.773193 0.477539 1.930908 0.006714 -0.014771 0.003052
-0.529297 0.657959 1.897217 -0.005127 -0.003052 -0.009521
-0.501465 0.741943 1.890625 -0.003052 -0.005127 -0.005249
-0.539551 0.724854 1.913086 0.003296 -0.010986 0.000610
0.003174 1.161865 1.874023 0.000488 -0.007324 -0.007568
-0.595459 0.797363 1.903076 -0.008789 0.001953 -0.015381
-0.643311 0.615723 1.909912 0.005127 -0.015869 -0.002319
-0.491943 0.656494 1.889893 -0.007080 -0.000366 -0.013428
-0.542236 0.713867 1.902588 -0.003662 -0.004517 -0.007446
-0.513916 0.716309 1.899414 0.002441 -0.011841 -0.005127
-0.529053 0.781982 1.925293 0.004150 -0.018921 -0.008911
-0.476807 0.669189 1.907471 -0.002197 -0.004883 -0.017944
-0.304443 1.311523 1.901367 -0.006348 0.000000 -0.015015
-0.658203 0.713379 1.898682 -0.009033 0.001099 -0.010376
-0.554688 0.724365 1.904785 -0.001953 -0.005859 -0.001221
-0.451660 0.789063 1.896973 -0.001343 -0.004883 0.000122
-0.475830 0.821045 1.889893 -0.003540 -0.003906 -0.004639
-0.443359 0.802734 1.905518 -0.004150 -0.003540 -0.005859
-0.413818 0.876465 1.878174 -0.004150 -0.000244 -0.005371
-0.531982 0.787842 1.895508 -0.005981 0.000732 -0.009888
-1.491455 -0.202148 1.897217 0.033691 -0.048340 0.016235
-0.389404 0.420410 1.883545 0.005615 -0.012207 -0.021240
-0.385742 0.504150 1.876953 0.001709 0.000977 -0.005859
-0.717041 0.705811 1.903564 -0.008667 0.001709 -0.005127
-0.573975 0.709961 1.896240 -0.001709 -0.007080 0.001709
-0.399902 0.810547 1.894287 -0.002075 -0.004639 0.000854
-0.451172 0.802246 1.899170 -0.005981 -0.000366 -0.007568
-0.527344 0.752930 1.906006 -0.006226 -0.000854 -0.007813
-0.532715 0.742676 1.898926 -0.003418 -0.003906 -0.000610
-0.476074 0.783203 1.896484 -0.003784 -0.004150 -0.000854
-0.447754 0.803223 1.900146 -0.004761 -0.001831 -0.003174
-0.495361 0.762207 1.902344 -0.003906 -0.000977 0.000366
-0.504150 0.772217 1.894043 -0.003540 -0.002319 0.001587
-0.482178 0.781738 1.891113 -0.003784 -0.002686 -0.001099
-0.501465 0.773438 1.904541 -0.003784 -0.003784 0.001343
-0.518311 0.757568 1.897705 -0.002197 -0.006226 0.006226
-0.473145 0.784424 1.897461 -0.001465 -0.006226 0.005005
-0.411621 0.831299 1.900391 -0.005005 -0.001465 -0.001709
-0.423828 0.827393 1.895020 -0.009033 0.003418 -0.008301
-0.525879 0.763916 1.903809 -0.009521 0.002319 -0.006226
