-0.421631 0.935059 1.840576 -0.002686 -0.003296 0.008423
-0.458740 0.909180 1.846680 -0.004639 -0.000488 0.000366
-0.482910 0.903320 1.854248 -0.005249 -0.000610 -0.001343
-0.481201 0.883545 1.848877 -0.005249 -0.001343 -0.000732
-0.486816 0.852295 1.853027 -0.004395 -0.002075 -0.002319
-0.474854 0.885010 1.849365 -0.002808 -0.003174 -0.000488
-0.449219 0.891113 1.854248 -0.003418 -0.003052 -0.000977
-0.444580 0.904053 1.844238 -0.004639 -0.001831 0.000732
-0.469238 0.887207 1.849854 -0.005615 -0.000488 -0.004517
-0.502441 0.854736 1.851807 -0.004761 -0.000732 -0.000854
-0.476807 0.892822 1.844482 -0.002930 -0.002197 0.005859
-0.455322 0.908447 1.848633 -0.004028 -0.002075 0.000244
-0.439209 0.897217 1.845947 -0.005249 -0.001099 -0.000488
-0.465088 0.884766 1.852051 -0.006470 0.001465 0.004883
-0.457520 0.888672 1.845459 -0.006104 0.001587 0.005737
-0.474121 0.906006 1.854492 -0.006836 0.002319 -0.000244
-0.516846 0.863525 1.846191 -0.006836 0.000244 -0.004150
-0.499023 0.887451 1.843018 -0.004883 -0.002808 -0.005615
-0.494385 0.879395 1.856689 -0.004517 -0.005249 -0.005127
-0.638428 0.748535 1.883057 0.000610 -0.013184 0.003296
-0.526367 0.619873 1.867188 -0.004883 -0.004761 -0.003662
-0.873779 0.413574 1.834229 0.001465 -0.006348 0.007080
-0.444580 1.040527 1.843262 0.003174 -0.012573 0.011597
-0.172119 1.206299 1.844238 0.001587 -0.010742 0.004395
-0.403564 1.101074 1.849121 0.000000 -0.007813 -0.005249
-0.334717 1.193359 1.839355 0.001831 -0.012695 -0.009888
-0.495117 0.879395 1.842529 -0.008301 -0.004150 -0.037231
-0.598145 0.700684 1.863525 -0.004761 -0.006226 -0.026978
-0.473633 1.187988 1.843506 0.033203 -0.031128 0.044434
0.129883 1.251953 1.855957 0.013916 -0.020874 0.003906
-0.412109 1.100342 1.868896 0.001831 -0.006592 -0.020264
-0.248291 1.100830 1.881104 0.026489 -0.031738 0.023438
-0.647949 0.638672 1.815430 -0.008423 -0.001343 -0.041748
-0.458984 0.752441 1.814941 0.008545 -0.014893 -0.016602
-0.090576 1.343750 1.941162 0.024902 -0.024048 0.001587
-0.526123 1.160645 1.821533 0.028442 -0.023438 0.018066
-0.723877 0.528809 1.800781 -0.003540 -0.003174 -0.045898
-0.230713 1.291260 1.874268 0.024536 -0.025391 0.018921
-0.424072 0.696045 1.718506 0.000000 -0.005859 -0.044922
-0.172607 1.779785 1.907715 0.042847 -0.016602 0.045288
-0.662598 0.991211 1.943359 0.046387 -0.013916 0.029785
-0.540527 0.775635 1.768311 0.025024 -0.007324 0.014648
-0.768311 1.211670 2.118164 0.026733 -0.008789 0.029419
-0.283936 0.769043 1.750488 0.010254 -0.005127 0.000000
-0.083740 0.757080 1.636719 0.013428 0.010742 0.023315
-1.191406 1.077148 2.070068 0.012207 0.003296 0.033325
-0.208984 0.862305 1.774658 0.007568 -0.008789 0.044434
0.402100 1.285156 1.711426 0.003662 0.017090 0.037720
-0.209717 1.149170 1.791992 -0.005127 0.006714 0.015625
-0.527100 1.146973 1.861328 -0.002808 0.009155 0.032715
0.260742 1.821045 1.894775 -0.016968 0.017090 0.008179
-0.468506 0.760986 1.789063 -0.037109 0.026001 -0.033691
-0.557129 0.802979 1.778320 -0.017700 0.007935 -0.005127
-0.347412 1.012207 1.752441 -0.026855 0.013062 -0.013428
-0.152832 1.992188 1.837646 -0.019531 0.009277 0.016479
-0.297852 1.539307 1.932373 -0.019775 0.009155 0.023682
-0.420166 0.739746 1.798584 -0.025146 0.007324 0.008301
-0.585205 0.869141 1.842041 -0.032471 0.008789 -0.010254
-0.547852 1.049316 1.922852 -0.025757 0.013062 -0.018921
-0.401367 0.773682 1.765869 -0.032837 0.003418 -0.038086
-0.445801 0.718262 1.769775 -0.019531 0.002319 -0.000366
-0.527344 1.124268 1.964111 -0.024170 0.005493 -0.004150
-0.270752 1.040771 1.814941 -0.034790 0.009155 -0.013794
-0.606689 0.640137 1.854492 -0.031860 0.015747 -0.017090
-0.421875 1.198975 1.894043 -0.026733 0.006958 -0.015015
-0.461426 0.686035 1.772217 -0.034546 0.009888 -0.025635
-0.480957 1.056152 1.899658 -0.016235 0.002808 -0.003052
-0.139893 1.356934 1.865723 -0.021240 0.004883 -0.007324
-0.490234 1.285889 1.972168 -0.022461 0.010742 0.000610
-0.571777 0.496338 1.786377 -0.035767 0.006714 -0.029297
-0.319092 1.208008 1.990234 -0.014404 0.002319 0.006592
-0.548096 0.719727 1.864502 -0.024048 0.006348 -0.005005
-0.721436 0.211914 1.757324 -0.038940 0.009521 -0.026855
-0.404785 1.608643 2.011230 -0.021606 0.003296 0.005005
-0.623779 0.884277 1.917480 -0.038818 0.006470 -0.022461
-0.333740 1.276611 1.904053 -0.018799 0.006104 0.017944
-0.663574 1.334473 2.006592 -0.026367 0.008057 0.015625
-0.744141 0.157227 1.812988 -0.047363 0.016235 -0.033447
-0.296631 1.305908 1.913574 -0.006592 0.000122 0.037720
-0.975098 -0.437988 1.825928 -0.048706 0.019043 -0.029541
-0.325439 1.170898 1.883789 -0.013306 0.005371 0.026245
0.152832 1.676514 1.788574 -0.020752 0.015259 0.018311
-0.245850 1.111328 1.875244 -0.013062 0.007568 0.037842
-0.383301 0.818848 1.867432 -0.016724 0.008423 0.014771
-0.870117 0.870361 1.874268 -0.011841 0.013428 0.015869
-0.439453 0.844238 1.885742 -0.001709 -0.003052 0.019043
-0.733887 0.705566 1.971191 -0.001953 0.004639 0.019775
-0.202393 0.974365 1.639893 -0.004761 0.014526 0.018311
-0.496582 0.988281 1.937744 0.003174 0.001831 0.028076
-1.176758 0.960205 2.054199 0.003662 0.009521 0.004150
-0.269775 0.359131 1.634521 -0.002075 0.000488 -0.025513
-0.265381 0.312500 1.794189 0.006714 0.001099 -0.015381
-0.391602 1.180176 1.953857 0.019531 0.002686 0.007324
-0.882813 1.254150 2.116455 0.032593 0.000610 0.021729
-0.489014 0.294678 1.834961 0.000366 -0.008423 -0.032227
-0.409668 1.264648 2.021240 0.028442 -0.012085 0.009521
-0.604004 0.418945 1.834473 -0.014282 0.000366 -0.046143
-0.269043 2.022949 1.982666 0.054321 -0.022827 0.054199
-0.386475 1.143311 1.954102 0.016235 -0.011841 0.000000
-0.605713 0.655762 1.858154 -0.002563 -0.003540 -0.031860
-0.476318 0.977783 1.828613 0.024170 -0.018311 0.010010
-0.392334 1.409180 1.871338 0.015503 -0.014893 -0.000977
-0.577148 1.237549 1.871338 0.016724 -0.014160 -0.000244
-0.142090 1.305908 1.865967 0.020874 -0.017456 0.014648
-0.670654 0.704346 1.867188 -0.006348 -0.001099 -0.026001
0.037598 1.229004 1.833008 0.020386 -0.020264 0.012207
-0.541992 0.894043 1.869141 -0.000732 -0.003296 -0.018433
-0.388672 0.985840 1.912842 0.011719 -0.014893 -0.008789
-0.446777 0.974854 1.844727 0.019653 -0.024902 0.008789
-0.752441 0.588623 1.869629 -0.014404 0.006958 -0.035278
-0.864258 0.620117 1.906494 0.020752 -0.024780 0.015869
-0.629395 0.702148 1.867920 -0.010864 0.002075 -0.026978
-0.572998 0.802734 1.850342 -0.005981 -0.002075 -0.015137
-0.520264 0.822021 1.864990 -0.002930 -0.004761 -0.010254
-0.513672 0.819824 1.855225 -0.002075 -0.004272 -0.007568
-0.499023 0.900635 1.858154 0.001587 -0.005005 0.000000
-0.065918 1.284912 1.845459 0.009155 -0.014893 0.007935
-0.560059 0.907959 1.856201 -0.007324 0.000488 -0.016602
-0.676025 0.787354 1.873535 0.003784 -0.009888 -0.000488
-0.280762 1.093994 1.828369 0.007813 -0.014404 0.008789
-0.611572 0.722900 1.856689 -0.008301 0.002075 -0.009033
-0.525146 0.843506 1.850586 -0.001831 -0.004150 0.001709
-0.463135 0.913330 1.859619 0.001221 -0.006592 0.005615
-0.487305 0.875732 1.862793 -0.002563 -0.003418 -0.001343
-0.546631 0.718750 1.853760 0.000610 -0.008667 -0.001099
-0.433350 0.915039 1.835693 -0.003418 -0.004272 -0.007202
-0.630615 0.760986 1.855225 -0.005249 -0.001465 -0.006470
-0.450928 0.912598 1.852295 -0.000977 -0.007568 -0.001465
-0.529297 0.838867 1.855225 -0.003296 -0.003784 -0.005127
-0.323975 1.210205 1.850342 0.006836 -0.014771 0.005493
-1.055664 0.546631 1.949219 0.005737 -0.013184 -0.001343
-0.584473 0.764160 1.845703 -0.007690 0.002197 -0.013062
-0.568848 0.833252 1.855713 -0.006348 -0.000244 0.000244
-0.455322 0.863525 1.849121 -0.005615 -0.003296 -0.001221
-0.492676 0.860107 1.860352 -0.005371 -0.000732 0.000610
-0.510254 0.847168 1.848633 -0.004395 -0.000854 0.001709
-0.512695 0.866943 1.853271 -0.003174 -0.002563 0.002441
-0.498291 0.860107 1.859131 -0.003052 -0.003296 -0.000244
-0.497070 0.863525 1.855713 -0.002441 -0.003174 0.002930
-0.495361 0.871094 1.843506 -0.003296 -0.003540 0.002075
-0.496094 0.865479 1.845215 -0.003906 -0.003662 0.002197
-0.487061 0.875732 1.848145 -0.004272 -0.004395 0.003418
-0.504150 0.864258 1.852051 -0.004761 -0.004150 0.002808
-0.486328 0.873291 1.859375 -0.005127 -0.004883 0.000854
-0.458496 0.874756 1.851807 -0.004883 -0.004028 0.005249
-0.488037 0.837158 1.850586 -0.004150 -0.002686 0.005981
-0.513672 0.866455 1.854004 -0.002441 -0.003418 0.007446
-0.526855 0.873047 1.852051 -0.002808 -0.005493 0.006470
-0.451172 0.868896 1.854736 -0.002319 -0.008301 0.007813
-0.404297 0.881348 1.852051 -0.002197 -0.005859 0.007324
