-0.343262 0.910645 1.859375 -0.004272 -0.003296 -0.008667
-0.435791 0.880371 1.867676 -0.005859 0.000366 -0.008057
-0.471191 0.863525 1.867676 -0.005737 0.000000 -0.009399
-0.471191 0.865479 1.866211 -0.004395 -0.002197 -0.003052
-0.449951 0.863525 1.863770 -0.003174 -0.004272 -0.000488
-0.451172 0.867920 1.859863 -0.001953 -0.004883 -0.004272
-0.420410 0.895020 1.863770 -0.001221 -0.005737 -0.001831
-0.403809 0.904053 1.865723 -0.002686 -0.003540 -0.001587
-0.439453 0.886963 1.863525 -0.004395 0.000610 -0.004761
-0.511230 0.823730 1.873535 -0.005005 -0.000488 -0.010376
-0.499023 0.838379 1.869141 -0.003052 -0.004761 -0.009888
-0.407715 0.905762 1.873291 0.002808 -0.011108 0.000244
-0.383057 0.908936 1.862549 -0.001221 -0.007080 -0.004883
-1.071289 0.344238 1.942383 0.003784 -0.019287 0.002441
-0.076172 1.084229 1.788330 -0.001099 -0.013184 -0.013184
-0.580322 0.625488 1.848145 0.003174 -0.018433 0.003784
-0.728027 0.822754 1.869385 -0.009033 0.002563 -0.027588
-0.416504 0.817627 1.837158 0.002197 -0.021362 -0.010742
-0.511230 0.816650 1.865967 0.000610 -0.012207 -0.024048
-1.237061 0.367188 1.779541 0.018921 -0.032349 0.013672
-0.345459 1.165527 1.846924 0.019409 -0.035156 0.003906
0.491699 0.878662 1.748535 0.027954 -0.040039 0.018555
-0.760498 0.427734 1.860107 0.005981 -0.019409 -0.016235
-0.279541 0.839111 1.800781 0.015747 -0.029175 0.002197
-0.243896 1.218750 1.893555 0.008057 -0.015747 -0.016357
-0.968994 0.263184 1.752930 -0.001343 -0.008545 -0.042358
-0.069336 1.875244 1.926270 0.031616 -0.033447 0.031494
-0.275146 0.730469 2.012695 0.029175 -0.020630 -0.027466
-0.560547 0.647217 1.930908 0.034180 -0.022705 -0.018433
-0.416016 0.712646 1.799072 0.020020 -0.017456 -0.008057
-0.357910 0.884277 1.967773 0.014160 -0.011597 0.006714
-0.223389 0.555176 1.653564 0.003540 -0.003296 -0.004150
-0.245605 1.145508 1.837646 0.020142 0.000977 0.052612
-0.382324 1.014160 1.850342 0.006836 0.002319 0.031860
-0.165039 1.031494 1.797363 0.002930 0.003906 0.018555
-0.497803 0.912109 1.849365 -0.004395 0.027222 0.010986
-0.064453 1.208252 1.837158 0.009521 -0.016602 0.034790
-1.204590 0.083740 1.936279 -0.037598 0.047241 -0.063965
-0.236572 0.993408 1.847656 -0.003662 0.004395 0.020264
-0.778809 0.376709 1.834229 -0.030029 0.021240 -0.015991
0.040527 1.428223 1.857422 -0.003296 0.000244 0.034180
-0.418701 0.777100 1.814941 -0.015381 0.011475 0.001953
0.071533 1.740967 1.853027 -0.013306 0.007690 0.020142
-0.297363 1.311035 1.896484 -0.005493 0.001953 0.037109
-0.485107 0.884766 1.853027 -0.032227 0.017212 0.003906
-0.397461 1.001221 1.846924 -0.026611 0.011597 0.037598
-0.384277 0.772949 1.762451 -0.017334 0.002319 0.051636
-0.268555 1.075439 1.847656 -0.011719 -0.000488 0.034668
-0.317139 0.973389 1.850342 -0.014893 0.003174 0.013672
-0.423340 0.697266 1.897705 -0.031250 0.013916 -0.023438
-0.881348 0.466797 1.852051 -0.038574 0.021118 -0.024170
0.028564 1.812256 1.910156 -0.008789 -0.003540 0.051758
-0.124268 1.154053 1.793701 -0.035034 0.014648 -0.021362
-0.587158 0.577393 1.812012 -0.023438 0.010742 -0.007324
-0.507080 0.760498 1.811523 -0.021484 0.004639 0.004395
-0.323242 1.042969 1.913086 -0.016235 0.001831 0.008301
-0.269043 1.225830 1.988525 -0.008667 0.000854 0.012573
-0.368164 0.759277 1.868164 -0.040161 0.014160 -0.040894
-0.662598 0.358154 1.776855 -0.041138 0.016357 -0.034302
-0.452881 0.786621 1.826904 -0.016357 0.004639 0.002686
-0.354004 0.999756 1.935791 -0.012939 0.002441 0.002319
-0.332275 1.328125 1.957031 -0.037720 0.010986 -0.027588
-0.482666 0.760010 1.881592 -0.023682 0.007813 -0.001953
0.091797 1.420654 1.778809 -0.021851 0.010132 0.013062
-0.449707 0.617432 1.874023 -0.024536 0.006836 -0.006958
-0.439453 0.505127 1.845947 -0.025757 0.005005 -0.012085
-0.437500 0.801758 1.869873 -0.009399 0.001709 0.010620
-0.397461 0.878174 1.880859 -0.007935 0.002197 0.013184
-0.447021 0.786621 1.895996 -0.009155 0.001953 0.007568
-0.351318 0.939453 1.891357 -0.005127 -0.000366 0.022949
-0.753662 0.631592 1.909180 -0.025146 0.021729 -0.006714
-0.273193 0.843506 1.830322 -0.018433 0.008301 0.007446
-0.388184 0.984375 1.873047 -0.008179 0.007446 0.014160
-0.319824 0.931641 1.856201 -0.004761 0.000732 0.012817
-0.348877 1.086670 1.902588 -0.010742 0.008423 -0.001099
-0.230957 0.968994 1.884033 -0.001221 -0.002808 0.021851
-0.365723 0.686523 1.847412 -0.011597 0.014404 0.005249
-0.729004 0.635010 1.967285 -0.010376 0.020630 0.000244
-0.160889 0.841553 1.812012 0.002197 -0.009277 0.010498
-1.008545 0.698242 2.086670 -0.003906 0.028809 0.000488
-0.245605 0.657715 1.798096 0.003418 0.003540 0.006714
-0.954590 0.899902 2.025879 0.003052 0.009155 0.012939
-0.111328 0.583252 1.599609 0.004272 0.003418 0.006958
-0.127197 0.860596 1.885254 0.000854 0.003174 -0.005127
-0.452148 0.749756 1.853271 0.008789 0.003418 -0.008667
-0.459961 1.045166 1.970215 0.007813 0.003296 -0.005005
-0.423584 0.823975 1.884521 -0.008667 -0.003052 -0.039673
-0.453613 0.828125 1.871338 -0.009399 -0.001343 -0.047852
-0.644043 -0.225830 1.637695 0.011353 -0.003418 -0.038208
-0.365723 0.720215 1.875244 -0.002686 -0.008545 -0.034790
-0.327637 1.451416 1.948975 0.038696 -0.015259 0.031372
-0.384277 0.791504 1.884766 -0.000854 -0.007202 -0.010986
-0.561035 0.586426 1.851807 0.001221 -0.005249 -0.014893
-0.468018 0.787842 1.872314 -0.002197 -0.005249 -0.015625
0.182373 1.310547 1.883057 0.034668 -0.028442 0.024902
-0.661621 0.498779 1.821289 -0.003906 -0.005737 -0.040405
-0.320801 1.312012 1.885986 0.013550 -0.012451 -0.004028
-0.559082 0.711182 1.868896 -0.006592 -0.002563 -0.026001
-0.381348 0.990723 1.836914 0.012329 -0.017700 0.008179
-0.364502 1.093994 1.863525 0.007446 -0.008423 0.006836
-0.482910 0.888672 1.865234 -0.002441 -0.003418 -0.004272
0.023438 1.008057 1.843262 0.007935 -0.019409 0.005005
-0.479980 0.869629 1.861328 -0.001343 -0.004028 -0.004639
-0.387939 1.026367 1.852539 0.001831 -0.007324 0.000000
-0.460693 0.881348 1.856934 -0.003906 -0.003174 -0.008179
-0.455811 0.897461 1.863281 -0.002930 -0.004150 -0.007935
-0.177734 1.017822 1.833008 0.017944 -0.025757 0.016357
-0.020508 1.041016 1.809814 0.004883 -0.018921 -0.005737
-0.620361 0.776367 1.873535 -0.008423 0.003784 -0.019409
-0.484619 0.883301 1.857178 -0.004395 -0.003540 -0.013306
-0.462891 0.857910 1.869141 -0.004150 -0.005127 -0.012817
-0.423096 0.892578 1.864014 -0.001953 -0.005981 -0.006470
-0.497559 0.811768 1.878906 -0.001465 -0.005981 -0.006226
-0.055664 1.419434 1.864258 0.013428 -0.023438 0.005981
-1.586670 0.097656 1.866211 -0.004639 -0.001343 -0.021118
-0.462158 0.733154 1.853516 -0.002075 -0.003296 -0.008057
-0.652100 0.617920 1.869385 -0.012573 0.004517 -0.019775
-0.431396 0.843994 1.863770 -0.002930 -0.006592 -0.005249
-0.391846 0.932617 1.865723 -0.002319 -0.004517 -0.003052
-0.433350 0.892090 1.858154 -0.004028 -0.002441 -0.006958
-0.508545 0.750977 1.853027 -0.001221 -0.005249 -0.003906
-0.411865 0.852539 1.874268 -0.002441 -0.004272 -0.002930
-0.562744 0.729980 1.892334 -0.001709 -0.006958 -0.003296
-0.600830 0.592285 1.875977 -0.007324 -0.000854 -0.016479
-0.341553 1.035889 1.840820 0.006958 -0.014404 -0.000610
-0.500000 0.832275 1.877441 -0.002319 -0.004883 -0.011719
-0.468506 0.835205 1.866211 -0.004517 -0.004883 -0.008057
-0.380371 0.895264 1.863770 -0.002808 -0.004395 -0.002930
-0.425049 0.879395 1.860596 -0.003906 -0.001221 -0.005127
-0.415039 0.893799 1.861084 -0.004517 -0.000366 -0.001953
-0.433838 0.886475 1.869629 -0.005249 0.000610 -0.003906
-0.440186 0.881836 1.859863 -0.004761 0.000244 -0.003662
-0.448730 0.877197 1.863770 -0.004517 -0.000244 -0.000977
-0.469482 0.871582 1.868164 -0.004395 -0.000366 0.001587
-0.427734 0.888184 1.855957 -0.003540 -0.001709 0.000977
-0.427734 0.888428 1.859863 -0.004028 -0.001221 0.002441
-0.447754 0.876221 1.869141 -0.004395 -0.001221 0.000122
-0.436279 0.870605 1.859863 -0.003662 -0.003174 -0.001587
-0.461182 0.877197 1.873535 -0.003174 -0.003540 -0.000366
-0.406006 0.895020 1.849609 -0.004028 -0.003174 0.001709
-0.453857 0.879639 1.859863 -0.004272 0.000488 0.006592
-0.436279 0.908691 1.867676 -0.003418 -0.000366 0.007690
-0.456299 0.904297 1.861084 -0.005249 -0.000854 -0.000732
-0.451172 0.870605 1.873291 -0.005859 -0.002563 -0.007568
-0.432861 0.869629 1.860352 -0.004883 -0.003540 -0.005371
-0.439209 0.867432 1.858154 -0.003662 -0.002808 -0.000610
-0.428711 0.885010 1.866211 -0.002319 -0.002563 0.003906
-0.461426 0.867920 1.865479 -0.002930 -0.001709 0.004517
-0.437500 0.890137 1.858154 -0.001953 -0.003296 0.010254
-0.415283 0.921387 1.866943 -0.003540 -0.002930 0.001587
