-0.489014 0.743164 1.906982 -0.005371 -0.001221 -0.001099
-0.460449 0.753418 1.910889 -0.002319 -0.004150 0.005005
-0.445801 0.769043 1.916504 -0.000122 -0.005493 0.008667
-0.427490 0.813232 1.909912 -0.000244 -0.005249 0.008423
-0.389404 0.808594 1.912842 -0.002930 -0.003906 0.001587
-0.379150 0.798828 1.912109 -0.005005 -0.000854 -0.002441
-0.404297 0.795898 1.913086 -0.006592 0.003174 -0.003906
-0.455322 0.790527 1.901855 -0.008667 0.005371 -0.010010
-0.472656 0.763184 1.911133 -0.008789 0.004150 -0.012329
-0.483887 0.732666 1.915283 -0.007324 0.002075 -0.010010
-0.460449 0.715576 1.909912 -0.003418 -0.000122 -0.004272
-0.449707 0.778320 1.911377 0.000122 -0.000244 0.000244
-0.475342 0.792725 1.910156 -0.000732 -0.001221 -0.000977
-0.460693 0.790039 1.911621 -0.002686 -0.003540 -0.005005
-0.485352 0.770020 1.945557 -0.004761 -0.005493 -0.008667
-0.317383 0.849609 1.902832 0.001221 -0.020020 -0.001343
-0.796387 0.727783 2.027588 -0.002197 0.000854 0.002441
-0.336426 0.792236 1.871582 -0.001343 -0.013916 -0.011841
-0.398438 0.689697 1.928223 -0.015991 0.006470 -0.035522
-0.394287 0.727539 1.853516 0.003662 -0.021729 -0.015503
-0.022949 1.133545 1.848633 0.000977 -0.013794 -0.030029
-1.390137 0.208984 2.018555 -0.010864 0.000854 -0.042847
-0.066406 0.970459 1.919189 0.006348 -0.017822 -0.028198
-0.601074 0.381104 1.896729 -0.005371 -0.009644 -0.050415
-0.651123 0.503174 1.903809 0.007690 -0.012573 -0.023682
0.111328 1.158447 1.918213 0.020264 -0.025757 -0.020264
-0.468262 0.771729 1.906982 0.003784 -0.009766 -0.040039
-0.449951 0.712891 1.885010 0.008423 -0.011963 -0.036133
-0.309814 1.623535 1.992676 0.040527 -0.024414 0.026001
-0.315674 -0.044189 1.573486 0.005737 -0.009033 -0.030029
-0.391357 0.949707 1.900879 0.019409 -0.006836 0.009155
-0.820313 1.536377 2.221436 0.062988 -0.005005 0.115723
-0.195557 -0.443848 1.632568 0.013794 -0.005005 -0.011719
-0.378174 1.076660 1.959961 0.027710 -0.005859 0.050171
-0.272949 0.892578 1.918701 0.010132 -0.005249 0.017456
-1.686523 0.808350 2.125000 0.010132 0.024658 0.037842
-0.208984 0.950439 1.866699 0.002319 0.020386 0.045288
-0.596191 0.930420 1.953125 -0.017090 0.036743 0.031372
0.182129 1.087158 1.807617 -0.007202 0.006104 0.034424
-0.349121 1.019043 1.914063 0.004517 -0.004028 0.054688
-0.776123 0.023438 1.828125 -0.049438 0.027344 -0.030396
-0.233887 1.237549 1.958496 -0.005493 0.002075 0.039307
-0.381348 0.994629 1.927490 -0.039429 0.014038 -0.021973
-0.493896 0.840088 1.863281 -0.032227 0.006958 -0.000854
-0.235107 1.907715 1.939453 -0.019775 -0.002075 0.022705
-0.437988 0.978516 1.903320 -0.006958 -0.002686 0.030884
-0.274902 1.042969 1.941406 -0.019165 -0.002930 0.016479
-0.437256 1.292236 2.038818 -0.013916 -0.002686 0.028198
-0.424072 0.881836 1.918457 -0.030640 -0.000610 0.002441
-0.312744 1.074219 2.060547 -0.032715 -0.001465 -0.007690
-0.514648 0.950684 1.934814 -0.010376 0.002686 0.021362
-0.288574 0.224365 1.811035 -0.032471 -0.002563 -0.016357
-0.483887 0.651855 1.900146 -0.014282 -0.002808 0.017578
-0.469238 0.757568 1.909180 -0.028687 -0.003540 0.002808
-0.680664 -0.368652 1.821533 -0.051147 0.004517 -0.031616
-0.419922 0.891846 1.967773 -0.005737 -0.002808 0.033325
-0.427979 0.748535 1.900391 -0.024902 -0.000732 -0.007568
-0.426025 0.061035 1.878418 -0.032959 0.002319 -0.008301
-0.477051 0.418701 1.921631 -0.025024 0.007690 0.008423
-0.642334 -0.110596 1.880859 -0.051636 0.009521 -0.020996
-0.583008 0.560059 1.884521 -0.026367 0.003784 0.010376
-0.387939 0.304199 1.905273 -0.026001 0.001099 0.005127
-0.455322 0.995605 1.923096 -0.013184 0.001587 0.016968
-0.437012 0.560303 1.900635 -0.014526 0.004395 0.012573
-0.364502 0.822021 1.938721 -0.011108 0.003540 0.016602
-0.375977 0.614502 1.927979 -0.025269 0.007202 -0.005981
-0.525391 0.303467 1.936768 -0.016602 0.005005 0.015015
-0.219238 0.898438 1.908447 -0.009033 0.005615 0.016968
-0.815674 0.120605 1.980713 -0.037476 0.022827 -0.011230
-0.125977 0.861816 1.820313 -0.005493 0.002930 0.029297
-0.511719 0.837646 1.979248 -0.008667 0.005493 0.016479
-0.585693 0.548096 1.972900 -0.012817 0.012329 0.004761
-0.768066 0.585938 2.003662 -0.003052 0.007568 0.013428
-0.737793 0.687012 1.936768 -0.007690 0.018066 0.002686
-0.054199 0.770020 1.812500 -0.002686 0.016602 0.010132
-0.316650 0.726807 1.940918 0.000854 -0.005615 0.012817
-0.011719 0.772705 1.879639 0.004395 0.006226 0.018433
-0.412354 0.918945 1.996582 0.003906 0.004028 0.004150
-0.264648 0.608398 1.850586 -0.005859 0.002930 -0.024170
-0.443359 0.655762 1.885498 0.000122 0.003296 -0.023315
-0.469238 1.192627 2.001465 0.024780 -0.002563 0.004761
-0.629395 0.889160 2.101807 0.017822 -0.002686 -0.015625
-0.395508 0.776367 1.944092 -0.000610 -0.006470 -0.040771
-0.429199 0.259277 1.786377 0.000244 0.000244 -0.037109
-0.403564 0.822510 1.954834 0.004761 0.000488 -0.020386
-0.511963 0.171875 1.811035 -0.006348 -0.001221 -0.045776
-0.469971 0.661621 1.950928 0.000244 -0.003296 -0.028564
-0.317383 1.137695 2.027100 0.012573 -0.007080 -0.009033
-0.436768 0.680420 1.913086 -0.009644 -0.002075 -0.041138
-0.593506 0.365234 2.026855 0.005493 -0.001343 -0.031860
-0.813721 -0.334961 1.728271 -0.010742 -0.001709 -0.061035
-0.579590 0.830322 1.936768 0.021484 -0.017090 -0.005859
-0.300049 1.499268 1.971924 0.024170 -0.015991 0.009521
-0.525635 0.562744 1.916992 -0.000732 -0.004517 -0.020752
-0.288818 0.877441 1.900391 0.012573 -0.012085 0.005737
-0.506592 0.655518 1.923584 -0.003418 -0.003296 -0.021362
-0.270996 1.074219 1.950684 0.017700 -0.012817 0.003784
-0.549072 0.429932 1.897705 -0.002686 -0.003296 -0.026367
-0.444336 0.982422 1.907959 0.029053 -0.017578 0.022827
-0.518799 0.595215 1.920410 -0.010010 0.000854 -0.027954
-0.567627 0.639648 1.911133 -0.003906 -0.002197 -0.013428
-0.485352 0.682373 1.907959 0.007690 -0.010498 0.000732
-0.389893 0.995117 1.923096 0.006348 -0.009399 -0.013428
-0.559326 0.621582 1.912354 -0.001221 -0.005005 -0.024048
-0.459961 0.655762 1.922363 0.011230 -0.011963 -0.004761
-0.572266 0.651611 1.921387 -0.009521 0.000854 -0.026733
-0.620117 0.539795 1.922119 -0.003296 -0.004272 -0.017822
-0.403076 0.505371 1.901367 -0.000610 -0.008301 -0.022705
-0.415771 0.390381 1.907959 -0.000244 -0.009155 -0.022705
-0.579102 0.629395 1.921143 -0.009521 0.002075 -0.026245
-0.559326 0.576416 1.906982 0.001953 -0.004761 -0.003662
-0.098389 1.126709 1.889404 0.009644 -0.013550 0.014771
-0.547852 0.743164 1.918213 -0.008179 0.002441 -0.011353
-0.553223 0.646240 1.924561 -0.004028 -0.005615 -0.015869
-0.190918 0.926025 1.867920 0.006226 -0.020630 -0.008301
-0.523926 0.861084 1.918213 0.004517 -0.006958 0.002075
-0.404053 0.902832 1.895996 -0.000977 -0.005127 0.000977
-0.608398 0.687256 1.929443 -0.007446 0.000977 -0.006470
-0.043945 0.885498 1.864258 0.001221 -0.017944 -0.002075
-0.547607 0.762207 1.939209 -0.005859 -0.000854 -0.007813
-0.482178 0.793457 1.913818 -0.001221 -0.006958 -0.007202
-0.285645 1.104492 1.926514 0.009033 -0.018311 0.002930
-0.564453 0.731445 1.919189 -0.007813 0.002563 -0.011963
-0.543945 0.720947 1.913818 -0.005981 -0.001343 -0.007202
-0.466553 0.736084 1.909912 -0.003906 -0.004639 -0.000366
-0.432373 0.787354 1.915771 -0.003906 -0.002686 0.003296
-0.462646 0.747070 1.913086 -0.005981 -0.000244 0.000977
-0.669434 0.592285 1.970215 -0.004517 -0.003418 -0.001831
-0.424805 0.677490 1.927734 -0.000854 -0.007080 0.000122
-0.601074 0.670898 1.921631 -0.003906 -0.001709 -0.003662
-0.485352 0.794922 1.897705 -0.003418 -0.006836 -0.002075
-0.551514 0.677979 1.914551 -0.007202 -0.000122 -0.004395
-0.472168 0.730225 1.915771 -0.003418 -0.003906 0.006348
-0.443359 0.744873 1.916992 -0.002441 -0.003296 0.012695
-0.461182 0.750732 1.919189 -0.002930 -0.002075 0.005249
-0.461182 0.764648 1.922363 -0.003052 -0.001709 0.009399
-0.476318 0.752930 1.916016 -0.003662 -0.002197 0.010132
-0.473389 0.753906 1.913330 -0.003662 -0.002686 0.006470
-0.460693 0.742188 1.913086 -0.004150 -0.002686 0.001831
-0.441650 0.760010 1.917969 -0.004028 -0.001953 0.000122
-0.491943 0.733398 1.920166 -0.004639 -0.001709 -0.003418
-0.478760 0.741943 1.910889 -0.002808 -0.003540 0.002686
-0.453125 0.773682 1.912109 -0.002686 -0.004150 0.003174
-0.465088 0.749756 1.910645 -0.004028 -0.003784 0.000244
-0.460449 0.722656 1.915527 -0.003418 -0.003784 0.001953
-0.411377 0.780762 1.912109 -0.002441 -0.002686 0.005981
-0.464111 0.776367 1.915283 -0.005005 0.000244 -0.000366
-0.509033 0.735352 1.914063 -0.004517 -0.001465 -0.001221
-0.474121 0.737549 1.909668 -0.002441 -0.004517 0.005493
-0.434326 0.770996 1.915039 -0.000977 -0.005005 0.011108
