-0.287354 1.034912 1.820313 -0.005737 -0.002930 -0.007568
-0.331787 1.005371 1.826660 -0.005859 -0.003418 -0.008667
-0.283936 1.017578 1.833252 -0.004272 -0.005615 -0.009277
-0.265137 0.996582 1.822021 -0.001953 -0.007690 -0.018433
0.235352 1.342529 1.819824 0.002808 -0.018066 -0.009277
0.654053 1.174561 1.752441 0.005981 -0.034546 -0.001831
-0.082764 1.350830 1.797852 0.001465 -0.020386 -0.014526
-0.398926 0.960449 1.803223 -0.008301 -0.000977 -0.022705
-0.426758 0.972656 1.841064 -0.009155 0.000488 -0.013916
-0.361572 0.792236 1.863770 0.000122 -0.020264 -0.001953
0.180908 1.190674 1.763428 0.008789 -0.033203 0.008179
0.528564 0.903320 1.826904 0.002075 -0.023193 -0.004028
0.016846 1.162598 1.770264 0.003662 -0.025391 -0.008423
0.057861 0.953125 1.780273 0.004639 -0.026367 -0.002075
-0.340820 1.404541 1.823975 -0.001831 -0.009766 -0.023438
-0.189209 1.034668 1.893066 0.009521 -0.035645 -0.000366
-0.128174 1.098145 1.783691 0.008545 -0.029541 -0.000122
-0.510254 0.861572 1.838867 -0.003418 -0.008057 -0.025146
-0.343262 0.998291 1.839844 0.007324 -0.024048 0.010498
-0.318848 0.917969 1.834961 -0.004272 -0.002319 -0.011108
-0.637695 0.566162 1.803223 0.013428 -0.027344 0.014038
-0.201660 1.609375 1.852539 0.014404 -0.034302 0.017822
-0.409668 0.686768 1.793945 0.017090 -0.029785 0.021240
-0.246094 0.887695 1.754639 0.010742 -0.029663 0.031128
0.174072 1.611084 1.892334 0.020874 -0.034912 0.048584
-0.126465 1.017090 1.805908 -0.005371 -0.006836 -0.031250
-0.596924 1.036133 2.018066 0.020020 -0.000732 0.000488
-0.086426 1.414063 1.937256 0.025269 -0.008545 0.021729
-0.012939 0.998047 1.752197 0.026123 -0.012695 0.031250
-0.040771 1.006104 1.780518 0.007690 -0.019653 0.025635
0.156006 1.229492 1.827881 0.011230 -0.018066 0.055908
0.017334 0.953125 1.693115 0.005127 -0.008667 0.037354
-0.344727 1.084473 1.879150 0.007446 0.009155 0.056030
0.736816 0.875977 1.499268 0.003174 0.004883 0.049194
-0.635498 1.332031 1.856445 0.003296 0.025757 0.054565
0.290527 1.100342 1.764648 0.001953 -0.009766 0.038940
-0.313232 1.061768 1.805420 0.000610 0.009277 0.031738
-0.108398 1.077393 1.788818 0.001343 -0.002686 0.042236
-0.020752 1.154541 1.790527 0.003296 -0.001587 0.058472
-0.843018 1.169434 1.862061 -0.008667 0.027222 0.013794
0.135498 1.346680 1.842529 -0.002441 0.006348 0.047729
-0.074951 0.998047 1.739746 -0.028564 0.031372 -0.050903
0.180908 1.485840 1.919678 -0.001221 0.000366 0.032471
0.186523 1.416992 1.818848 -0.028564 0.023438 -0.059937
-0.259033 0.933350 1.764893 -0.019043 0.011719 -0.029663
0.153320 1.275879 1.793945 -0.024536 0.008667 -0.030151
-0.410889 0.794922 1.750000 -0.026123 0.016479 -0.028198
-0.126221 0.902832 1.736328 -0.018555 0.007446 -0.002319
-0.222900 1.011719 1.805908 -0.011353 0.008667 0.002563
-0.475342 0.866455 1.760254 -0.036865 0.018188 -0.046387
-0.211914 0.891113 1.697021 -0.024658 0.011963 -0.021851
-0.195557 1.215088 1.845215 -0.004272 0.001831 0.020264
-0.094727 1.280273 1.968750 -0.032471 0.003174 -0.033203
0.036133 1.470947 2.030518 -0.031128 0.011108 -0.019043
-0.323730 0.732666 1.657959 -0.025269 0.008179 -0.012573
0.050293 1.448975 1.872803 -0.012573 -0.001099 0.013184
-0.220215 1.086426 1.902588 -0.027100 0.006348 -0.025024
-0.125244 1.080566 1.877441 -0.016235 0.002808 -0.000977
-0.123291 1.556152 2.082764 -0.029175 0.011719 -0.021729
-0.119629 0.982422 1.771240 -0.043701 0.016846 -0.035645
-0.030273 1.701416 1.924561 -0.024780 0.013672 0.004639
-0.371094 0.918213 1.872803 -0.020264 0.007935 0.012207
0.156250 1.213135 1.844238 -0.038696 0.012939 -0.029785
-0.239502 0.714355 1.789795 -0.021484 0.012939 0.003296
-0.078125 1.132324 1.877441 -0.007202 0.006714 0.031860
-0.651611 0.849365 1.879150 -0.027222 0.039673 -0.015259
-0.239258 0.936035 1.860596 -0.015137 0.011841 0.022217
-0.345703 0.935791 1.884033 -0.010986 0.015259 0.019653
-0.024658 0.982666 1.887451 -0.014404 0.015259 0.006592
-0.644287 0.550781 1.840332 -0.029419 0.025391 -0.030151
-0.340576 1.152832 1.924316 -0.030518 0.029541 -0.029907
-0.526855 0.830811 1.923828 -0.017822 0.020386 0.019165
-0.776367 0.253662 1.783203 -0.038696 0.030029 -0.033081
-0.316406 0.938477 1.852539 -0.014282 0.009521 0.012573
0.095703 1.122559 1.782227 -0.015015 0.012207 0.010620
-0.496582 1.211914 1.897217 -0.010010 0.012573 0.017578
0.026611 1.270264 1.859131 -0.005859 0.010620 0.026001
-0.080811 0.998047 1.820313 -0.007446 0.003296 0.031738
-0.663086 0.648682 2.000732 -0.013184 0.030518 0.008301
0.007568 0.900391 1.856934 -0.002319 -0.010376 0.023682
-1.890869 0.904541 2.083984 -0.006958 0.046143 -0.016602
-0.329590 0.947998 1.863770 -0.004639 -0.007202 -0.001831
-1.107422 1.072021 2.084961 0.012451 0.033325 0.019165
-0.107178 0.963135 1.900391 0.012207 0.013672 0.021240
-0.406738 1.303711 2.022949 0.014771 0.004639 0.029785
-0.049805 0.742676 1.700439 -0.004761 0.004028 -0.019287
-0.205811 1.003662 1.873291 0.001587 0.007202 -0.020264
-0.558838 0.640381 1.813721 0.003662 0.009277 -0.031372
-0.290283 1.086182 1.799805 0.037720 -0.003906 0.025757
-0.298096 1.078613 1.975342 0.020142 -0.005249 -0.003418
-0.326172 1.015137 1.866211 0.007202 -0.004761 -0.012939
-0.325928 0.954346 1.844727 -0.002808 0.000366 -0.026001
-0.523193 0.886475 1.839844 -0.000732 0.000122 -0.022095
-0.259033 1.242676 1.948730 0.036621 -0.029419 0.038940
-0.476074 0.660645 1.810791 -0.014526 0.000122 -0.052002
-0.180176 1.378662 1.866699 0.010254 -0.013062 -0.009521
-0.805176 0.427490 1.835449 0.003906 -0.008179 -0.009644
-0.155518 1.552734 1.878418 0.017944 -0.016602 0.018066
-0.349854 0.935059 1.844727 -0.008179 0.002075 -0.031738
-0.453369 0.911621 1.844971 -0.005371 0.000732 -0.026367
-0.358643 0.963623 1.835449 0.002075 -0.007080 -0.003052
-0.395508 0.885498 1.835938 -0.002563 -0.003174 -0.010864
-0.632324 0.846436 1.843994 0.012939 -0.018677 0.009155
-0.269775 1.248779 1.843018 0.008911 -0.014160 -0.003906
-0.094727 1.281006 1.845459 0.015381 -0.027832 0.011963
-0.737305 0.485107 1.767822 0.000854 -0.010132 -0.008789
-0.327637 1.079102 1.843506 -0.000122 -0.004028 -0.010132
-0.474609 0.895508 1.838623 -0.004150 -0.003662 -0.013062
-0.468506 0.901855 1.782227 0.009644 -0.018311 0.005981
-0.164063 1.272705 1.833496 0.006104 -0.013184 0.004150
-0.413330 0.929688 1.848389 0.008789 -0.018799 0.005859
-0.095703 1.159912 1.828125 0.009644 -0.022705 0.014404
-0.414795 0.967529 1.831543 -0.008545 0.002686 -0.024170
-0.375000 0.949707 1.837158 -0.007690 0.000732 -0.020874
-0.372314 0.943115 1.843018 -0.004761 -0.001465 -0.015381
-1.001465 0.434326 1.797607 0.001831 -0.009155 -0.002441
-0.035645 1.306152 1.824463 0.018188 -0.028442 0.024536
-0.778076 1.148926 1.815186 0.002930 -0.019043 -0.009521
-0.177979 1.330322 1.812256 0.002319 -0.014526 -0.007446
-0.451660 0.941406 1.834717 -0.005371 0.000000 -0.015747
-0.142578 1.167969 1.822021 0.003418 -0.013672 0.008301
-0.320801 1.035645 1.842285 0.001587 -0.010010 0.000854
0.251221 1.406494 1.845703 0.006226 -0.018921 0.004395
-0.534424 0.930176 1.847168 -0.008789 0.002686 -0.029541
0.116699 1.242432 1.786377 0.008301 -0.027466 0.007568
-0.435547 1.022217 1.823486 -0.001953 -0.005127 -0.005737
-0.355957 0.962646 1.824219 -0.005371 -0.002808 -0.007813
-0.339111 0.962646 1.833740 -0.004517 -0.004395 -0.006836
-0.118408 1.036621 1.854004 0.001465 -0.017334 0.005127
-0.400879 1.023193 1.846924 -0.005615 0.001343 -0.009155
0.673096 1.213867 1.775879 0.003418 -0.029785 0.010010
-0.455566 1.000977 1.826904 -0.004028 -0.002563 -0.001343
-0.214355 1.068604 1.810059 -0.000977 -0.010742 0.012817
-0.318604 1.000488 1.830078 -0.003906 -0.004150 0.002441
-0.289551 1.021729 1.821777 -0.003296 -0.004150 0.002686
-0.290039 1.015625 1.825439 -0.003784 -0.002808 0.001465
-0.313965 0.993652 1.829834 -0.004272 -0.002441 0.000854
-0.275391 1.009521 1.826904 -0.003418 -0.002808 0.004395
-0.300293 1.013184 1.823975 -0.003784 -0.001465 0.002686
-0.330811 1.014404 1.828369 -0.004272 -0.001831 -0.001587
-0.302979 1.002930 1.834961 -0.004395 -0.004150 -0.000977
-0.280762 0.994385 1.832520 -0.004272 -0.003784 0.000610
-0.282471 1.012695 1.825928 -0.004272 -0.002319 0.002075
-0.295898 1.027588 1.829590 -0.004517 -0.001587 0.002686
-0.303223 1.010254 1.831543 -0.005493 -0.001709 0.000244
-0.304932 1.000244 1.829590 -0.005737 -0.001831 -0.003784
-0.303955 0.988037 1.832031 -0.004761 -0.002075 0.000000
-0.303955 1.003418 1.834229 -0.003662 -0.002563 0.005737
-0.309570 0.992676 1.823486 -0.003296 -0.003418 0.007813
-0.323975 0.987061 1.834961 -0.002441 -0.004395 0.010986
