-0.313721 1.097900 1.796387 -0.000854 0.000000 0.002563
-0.386719 1.084961 1.787109 -0.003174 -0.001709 -0.005127
-0.333252 1.060547 1.796875 -0.005127 -0.004761 -0.005615
-0.338623 1.011475 1.804688 -0.004517 -0.004150 -0.006470
-0.237549 1.017578 1.816406 -0.001221 -0.015381 -0.001953
0.787842 0.991699 1.647705 0.006958 -0.030762 -0.000122
-2.071777 0.905762 1.915527 0.002686 -0.010620 -0.003540
0.646973 1.485596 1.671143 0.003784 -0.033691 -0.015259
0.295654 1.765625 1.764648 0.009644 -0.026611 -0.002319
-0.791992 1.221191 1.787598 0.005371 -0.023804 -0.003662
-0.291260 0.642334 1.747070 0.001099 -0.021729 -0.014648
0.075684 0.910645 1.764404 0.002930 -0.029419 -0.013916
-0.026611 1.286865 1.778809 0.007446 -0.029907 -0.003906
-0.508057 0.738281 1.771484 -0.001465 -0.011719 -0.026855
0.978027 1.554443 1.796875 0.016846 -0.049927 0.003174
-0.983643 0.797852 1.799316 -0.007202 0.004883 -0.043213
-0.256348 1.219971 1.807373 0.005249 -0.019409 -0.012573
-0.287842 0.922363 1.762695 0.001831 -0.021118 -0.028931
-0.297852 1.043457 1.760254 0.024170 -0.037476 0.002197
-0.116211 1.148682 1.784912 0.027710 -0.038330 0.012451
0.044922 1.881592 1.964355 0.038452 -0.035034 0.038086
-0.698486 -0.289063 1.466553 0.012695 -0.028931 -0.005005
-0.212646 2.125244 2.231445 0.055542 -0.024658 0.081543
-0.043945 0.677246 1.668213 0.000244 -0.018433 -0.000854
0.010742 1.507080 1.748779 0.021362 -0.005249 0.052002
-0.488037 1.855225 2.026855 0.032471 0.005859 0.072632
-0.123047 1.141113 1.757568 0.014893 0.003174 0.043823
0.311768 1.229248 1.714844 0.009888 -0.000244 0.043701
-0.061768 1.292969 1.793945 0.007935 0.009399 0.032227
0.404541 1.118652 1.568359 0.002441 0.017944 0.036377
-0.125977 1.611816 1.694092 0.001709 0.042969 0.081055
-0.776611 0.966797 1.779541 -0.000732 0.026123 0.071655
0.704834 1.522461 1.709717 0.006714 0.015259 0.090088
-0.000122 -0.000122 -0.000122 -0.000122 -0.000122 -0.000122
0.000000 0.000000 0.000000 0.004517 0.007080 0.068115
0.013916 1.246826 1.738281 -0.005859 0.009766 0.024292
-0.036621 1.472412 1.823975 -0.006714 0.012207 0.012329
-0.456543 0.885986 1.751953 -0.026001 0.024414 -0.023682
-0.278320 0.806641 1.672119 -0.021484 0.014282 -0.003418
0.052734 1.103516 1.699219 -0.035400 0.025879 -0.019897
-0.151611 1.382568 1.778564 0.003052 -0.000122 0.048218
-0.003906 1.207031 1.760498 -0.014526 0.006104 0.007324
-0.000122 -0.000122 -0.000122 -0.000122 -0.000122 -0.000122
-0.000122 -0.000122 -0.000122 -0.000122 -0.000122 -0.000122
-0.000122 -0.000122 -0.000122 -0.000122 -0.000122 -0.000122
-0.000122 -0.000122 -0.000122 -0.000122 -0.000122 -0.000122
-0.000122 -0.000122 -0.000122 -0.000122 -0.000122 -0.000122
-0.119629 1.273926 1.843750 -0.020386 0.005859 -0.003296
-0.000122 -0.000122 -0.000122 -0.000122 -0.000122 -0.000122
-0.000122 -0.000122 -0.000122 -0.000122 -0.000122 -0.000122
-0.426025 1.166992 1.665283 -0.012817 0.004639 0.002075
-0.000122 -0.000122 -0.000122 -0.000122 -0.000122 -0.000122
0.000000 0.000000 0.000000 -0.028076 0.004639 -0.024536
-0.000122 -0.000122 -0.000122 -0.000122 -0.000122 -0.000122
-0.000122 -0.000122 -0.000122 -0.000122 -0.000122 -0.000122
0.000000 0.000000 0.000000 -0.018433 0.010010 0.004150
0.050049 1.354736 1.718018 -0.032227 0.013062 -0.004883
0.000000 0.000000 0.000000 -0.024780 0.008301 -0.007690
0.014160 1.296631 1.834717 -0.020508 0.004517 0.000366
-0.282715 0.946289 1.741211 -0.021484 0.007080 -0.011841
-0.274170 1.040527 1.795654 -0.001709 -0.004150 0.030273
-0.221680 1.000488 1.795410 -0.002319 -0.004272 0.027100
0.487305 1.643555 1.825684 -0.010132 0.006226 0.006714
-0.229736 0.990723 1.753662 -0.016602 0.008667 0.005371
0.135010 1.447754 1.791992 -0.003784 0.001587 0.031982
-0.856445 0.803345 -0.000122 -0.025146 0.025024 -0.005981
-0.002441 1.147217 1.783691 -0.001221 -0.005981 0.036011
-0.000122 -0.000122 -0.000122 -0.000122 -0.000122 -0.000122
-0.130127 1.158691 1.820801 -0.006470 0.008911 0.013428
-0.639404 0.687988 1.808105 -0.019409 0.027344 -0.007813
0.040283 1.219971 1.731201 -0.010620 0.018555 0.006836
-0.000122 -0.000122 -0.000122 0.000000 0.000000 0.000000
-0.379150 0.923340 1.749512 -0.002441 0.002563 0.025269
-0.000122 -0.000122 -0.000122 -0.000122 -0.000122 -0.000122
0.000000 0.000000 0.000000 0.002197 -0.004272 0.015991
-0.230469 1.083496 1.802979 -0.001343 0.001465 0.002563
0.254395 0.994873 1.765137 0.001221 0.009155 0.008545
-0.000122 -0.000122 -0.000122 -0.000122 -0.000122 -0.000122
-0.000122 -0.000122 -0.000122 0.005249 0.007690 0.013184
-0.000122 -0.000122 -0.000122 -0.000122 -0.000122 -0.000122
0.000000 0.000000 0.000000 -0.000610 -0.000977 -0.009155
-0.180664 0.966797 1.683838 -0.001343 0.010620 -0.008301
-0.000122 -0.000122 -0.000122 -0.000122 -0.000122 -0.000122
-0.000122 -0.000122 -0.000122 -0.000122 -0.000122 -0.000122
-0.000122 -0.000122 -0.000122 -0.000122 -0.000122 -0.000122
-0.000122 -0.000122 -0.000122 -0.000122 -0.000122 -0.000122
-0.000122 -0.000122 -0.000122 -0.000122 -0.000122 -0.000122
-0.000122 -0.000122 -0.000122 -0.000122 -0.000122 -0.000122
0.002197 0.014038 -0.020630 -0.002563 0.009033 -0.019897
-0.035156 1.245605 1.790527 0.005859 -0.007202 0.010742
-0.841553 1.645996 2.113037 0.032349 0.007813 0.040649
-0.031006 0.757080 1.611328 0.000000 -0.006104 -0.001099
-0.118164 1.307617 1.807373 0.001709 -0.002563 -0.004395
-0.224609 1.152344 1.747803 -0.006470 0.002563 -0.022705
-0.323730 1.138916 1.751221 -0.004639 0.001343 -0.020386
-0.251953 1.142334 1.776611 -0.007568 -0.001709 -0.022095
-0.237549 1.120605 1.762939 -0.009521 -0.000732 -0.029907
-0.387451 0.978516 1.731201 -0.008911 0.000000 -0.037109
0.258057 2.293457 1.981201 0.049438 -0.044922 0.061157
-0.279785 0.943848 1.758545 -0.011597 -0.002686 -0.029907
-0.130615 1.190430 1.790039 0.033569 -0.030396 0.044800
-0.312988 0.970215 1.743896 -0.005737 -0.004761 -0.017578
-0.095215 1.383545 1.802246 0.010254 -0.013184 0.012207
-0.615479 0.741943 1.701172 0.000610 -0.011108 -0.002319
-0.140381 0.859863 1.677490 0.006958 -0.021851 0.009155
-0.534180 0.885742 1.756348 -0.006592 -0.004028 -0.016479
-0.180420 1.046631 1.794434 0.020630 -0.042480 0.022827
-0.209473 1.072266 1.753418 0.001099 -0.014038 -0.011597
-0.402100 1.116211 1.791260 0.002808 -0.014893 -0.000488
-0.222656 1.146729 1.755615 -0.003052 -0.008423 -0.008057
-0.274902 1.080566 1.741455 -0.005493 -0.004150 -0.014160
-0.147217 1.183594 1.755859 -0.001831 -0.008789 -0.005981
-0.374268 1.010986 1.715088 0.003418 -0.018066 -0.000244
0.109375 1.153809 1.780273 0.006958 -0.028687 0.005005
-0.843750 0.899902 1.796631 -0.003784 -0.009033 -0.015991
-0.315186 1.032959 1.763672 -0.007568 -0.001099 -0.014282
-0.020264 0.995850 1.684814 -0.001953 -0.017090 0.001099
-0.329102 1.222900 1.778809 -0.004639 -0.002075 -0.001709
1.023438 1.209229 1.703369 0.000366 -0.037476 0.004883
-0.092041 1.287354 1.725098 -0.005371 -0.014526 -0.011963
-0.327637 1.171143 1.754150 -0.008789 0.000366 -0.016846
-0.363281 1.069336 1.785889 -0.006714 -0.007202 -0.012573
0.423340 1.077148 1.714111 0.002563 -0.038208 0.008911
-1.017578 0.987061 1.745605 -0.008179 -0.008911 -0.014160
-0.404541 1.204346 1.745850 -0.008545 0.003784 -0.021484
-1.888184 0.929932 1.714355 -0.006714 -0.014160 -0.012085
-0.149414 1.132080 1.756836 -0.004761 -0.006836 -0.017212
1.475830 1.361328 1.726318 0.000488 -0.055786 0.000122
0.994385 1.190674 1.640381 -0.007446 -0.023193 -0.025879
-0.445313 1.258789 1.763672 -0.007690 0.004517 -0.017090
-0.088867 1.172852 1.776855 -0.004517 -0.018555 -0.002075
-0.231934 1.208008 1.757324 -0.006592 -0.001343 -0.008789
-0.207275 1.160400 1.756348 -0.005371 -0.004272 0.001343
-0.187500 1.169434 1.756104 -0.005859 -0.007080 0.005737
-0.143555 1.140625 1.763184 -0.007080 -0.006958 -0.000488
-0.150635 1.113770 1.767090 -0.006104 -0.005005 0.006348
-0.167969 1.153564 1.782959 -0.004395 -0.004517 0.017212
-0.079834 1.209961 1.714355 -0.006714 -0.031860 0.011108
-0.401855 1.290039 1.763428 -0.004639 0.006104 0.000854
-0.215576 1.167480 1.757813 -0.008179 -0.011353 -0.011230
-0.592041 0.757080 1.721191 -0.005737 -0.021118 -0.017944
-0.221924 1.102051 1.768311 -0.006714 -0.015869 -0.019409
-0.148682 1.141113 1.768311 -0.009033 -0.005859 -0.002197
-0.196533 1.153320 1.777832 -0.010376 -0.002319 -0.004883
-0.120850 1.175293 1.764648 -0.013428 -0.001221 -0.010498
-0.028076 1.214111 1.770020 -0.018555 0.003296 -0.016113
-0.074707 1.185547 1.780518 -0.025391 0.013672 -0.035156
-0.249023 1.175781 1.771973 -0.030518 0.017822 -0.053711
-0.404297 1.139404 1.785889 -0.035278 0.009644 -0.054199
-0.319336 1.121582 1.792725 -0.038574 -0.004395 -0.048340
