-0.263916 0.964844 1.837402 -0.008911 0.002075 -0.014404
-0.314697 0.965576 1.841064 -0.007080 0.001953 -0.014404
-0.312012 0.966797 1.842529 -0.005127 -0.000732 -0.011841
-0.339844 0.973389 1.846680 -0.004028 -0.003296 -0.010498
-0.255127 0.986328 1.838379 -0.003052 -0.005371 -0.003418
-0.226074 0.995850 1.849609 -0.002930 -0.001709 -0.001465
-0.274658 1.009277 1.846680 -0.003540 0.001953 -0.002808
-0.303955 1.003662 1.839355 -0.004639 0.002441 -0.007324
-0.298584 0.978027 1.850830 -0.004883 0.001221 -0.008789
-0.232910 0.991211 1.849609 -0.003784 0.002197 -0.005005
-0.256592 1.000244 1.834473 -0.003784 0.006714 -0.004883
-0.339355 1.010498 1.842041 -0.004150 0.008057 -0.004517
-0.366211 1.006348 1.843750 -0.005493 0.003906 -0.007324
-0.296143 0.989258 1.837646 -0.006592 0.000122 -0.007935
-0.301025 0.949463 1.861084 -0.005493 0.000366 -0.007202
-0.260742 0.945557 1.836914 0.000000 -0.006470 0.006714
-0.817383 0.871582 1.882568 0.002075 -0.012451 0.012939
-0.211670 0.854980 1.815674 0.006226 -0.029419 0.026978
-0.388672 1.354980 1.811035 -0.000122 -0.014160 0.001953
-0.711426 0.955566 1.866943 -0.007568 0.000244 -0.019287
-0.134521 1.099121 1.807373 -0.001831 -0.014893 -0.006714
-0.440918 0.854492 1.843994 -0.003662 -0.007080 -0.014771
0.499512 1.608887 1.824463 0.011719 -0.032471 0.016602
0.106201 1.529053 1.824219 0.013306 -0.039429 0.016113
1.734619 1.480469 1.746338 0.014160 -0.050659 0.019165
-0.532471 1.179443 1.831299 -0.006958 0.006226 -0.022583
-0.470947 0.751221 1.858398 -0.003174 -0.014771 -0.005737
0.018311 1.375488 1.815186 0.013672 -0.041260 0.026733
-0.324951 1.002441 1.832031 0.007690 -0.020874 -0.001465
-0.785400 0.886230 1.769287 0.014038 -0.027954 0.014160
-0.327148 0.983154 1.848389 0.003174 -0.012329 -0.004761
-0.492188 0.882324 1.838867 0.004395 -0.017334 -0.006348
-0.165283 1.117432 1.868164 0.003052 -0.013916 -0.019287
-0.254883 0.965332 1.833008 -0.007080 -0.006958 -0.037476
-0.719482 0.202393 1.645264 0.013062 -0.020508 -0.011108
-0.250244 0.889404 1.808350 0.022949 -0.031006 0.016357
-0.093750 1.322266 1.877197 0.012085 -0.026978 0.019287
-0.154541 0.868652 1.807373 -0.005859 -0.009277 -0.015991
0.482666 1.832031 1.892334 0.039063 -0.032959 0.065430
-0.179443 1.031006 1.821777 -0.000244 -0.009644 -0.001221
-0.102783 1.722656 1.973145 0.033936 -0.017456 0.047485
-0.132324 1.330322 1.884033 0.024536 -0.017456 0.031128
0.123779 1.381836 1.888916 0.027100 -0.025024 0.053101
0.007568 1.104736 1.911377 0.023315 -0.008179 0.046265
0.119385 1.151123 1.814453 0.010986 -0.010498 0.035889
-1.109619 1.613281 1.992188 0.020142 0.021362 0.034424
0.618896 1.067139 1.651611 0.005981 -0.001099 0.022949
-1.236084 1.003174 1.970947 0.007080 0.025635 0.031006
0.630127 0.853760 1.628906 0.005371 -0.008545 0.037964
0.190674 1.012207 1.798096 -0.001465 0.001953 0.016846
0.317627 1.352295 1.790771 0.000366 0.011108 0.017090
-0.742188 0.798828 1.820313 -0.012207 0.028564 0.003784
0.287354 1.317871 1.791748 -0.001953 0.003052 0.044800
-0.030273 1.170410 1.831299 -0.011230 0.011841 0.022583
-0.085449 0.858398 1.772217 -0.014893 0.010620 -0.002197
0.171631 1.475586 1.872559 -0.006104 0.005127 0.027954
-0.392334 0.807129 1.755127 -0.026978 0.021484 -0.024170
0.091064 1.308105 1.882324 -0.021851 0.015747 0.005249
-0.001221 1.367920 1.838135 -0.031006 0.024536 -0.020630
-0.199951 1.179932 1.818359 -0.011230 0.012451 0.011963
0.108154 1.497559 1.823730 -0.025879 0.015259 -0.007690
-0.348633 0.781494 1.760254 -0.025879 0.018921 -0.010620
-0.145752 1.147949 1.857666 -0.013672 0.005493 0.010864
-0.190674 0.972656 1.788574 -0.026733 0.010132 -0.019897
-0.212891 1.009521 1.821045 -0.015869 0.009033 -0.000244
-0.140381 1.100342 1.868164 -0.034668 0.010864 -0.035156
-0.389404 1.108887 1.822021 -0.032471 0.027344 -0.037109
-0.260498 0.927002 1.829590 -0.026855 0.015381 -0.019775
-0.274414 0.916260 1.806152 -0.028687 0.014648 -0.024902
-0.121338 1.071533 1.827148 -0.015503 0.008667 0.008667
0.022461 0.707520 1.712646 -0.045532 0.019165 -0.061035
-0.112793 1.299561 1.892822 -0.005493 0.007446 0.014648
-0.218750 0.919678 1.843750 -0.017700 0.014038 -0.004517
-0.252930 0.945313 1.794189 -0.035645 0.020264 -0.039063
-0.170898 1.158691 1.888184 -0.001709 -0.002441 0.032227
-1.071289 0.117432 1.717773 -0.055786 0.025391 -0.078369
-0.529541 0.513184 1.839355 -0.019043 0.011597 -0.002319
-0.520264 0.222656 1.726318 -0.041870 0.020142 -0.036743
-0.324463 0.484375 1.873291 -0.039673 0.021484 -0.038574
-0.656982 0.383789 1.759766 -0.031982 0.011597 -0.020752
0.089600 1.435303 1.917480 -0.016846 0.007568 -0.000244
-0.236328 1.149414 1.895508 -0.018188 0.006226 -0.009277
0.158691 1.541748 1.870850 -0.018799 0.013306 -0.004150
-0.175537 1.143555 1.864014 -0.011597 0.007202 0.001221
-0.538086 0.712646 1.889160 -0.011108 0.011841 0.011475
1.025635 1.906738 1.801270 0.000244 0.002319 0.022827
-0.833984 0.481201 1.873535 -0.029175 0.033447 -0.023193
-0.015869 1.051514 1.884033 -0.004028 -0.002563 0.022827
-1.145996 0.416016 1.895508 -0.032227 0.040405 -0.036987
-0.108398 0.931396 1.862305 -0.000122 -0.012695 0.020996
-0.337158 0.933838 1.876953 -0.000122 0.002319 0.014893
-0.527100 1.214355 1.799561 -0.007935 0.036621 -0.007690
-0.022705 1.025879 1.845947 -0.002441 -0.013550 0.011475
-0.687500 0.715576 1.974365 -0.001465 0.033325 -0.019775
-0.129150 0.788818 1.824219 -0.005859 -0.012329 -0.022217
-1.002197 1.244141 1.860107 0.024414 0.024780 0.005859
-0.225586 0.856445 1.764648 0.020386 -0.004395 0.016602
-0.766113 1.406006 2.005859 0.031982 0.011963 0.041992
-0.310303 1.222900 1.954590 0.011963 0.003906 -0.002930
-0.209229 0.628662 1.777100 -0.001831 0.001221 -0.032837
-0.991455 1.315674 2.137695 0.046753 0.007080 0.053223
-0.192383 0.926025 1.860352 -0.000732 -0.010010 -0.011230
-0.410889 0.921387 1.831299 -0.000732 -0.003418 -0.024902
-0.580566 0.337158 1.731201 0.020630 -0.014893 0.005493
-0.193115 1.146973 1.867188 0.003784 -0.014648 -0.016968
-0.285400 1.355713 1.927490 0.029419 -0.020874 0.022705
-0.227295 1.166260 1.858154 0.004028 -0.012817 -0.002319
-0.488525 0.621826 1.806885 -0.001465 -0.006592 -0.023315
-0.113037 1.476074 1.908691 0.036621 -0.036621 0.050049
-0.225342 1.033936 1.866699 0.006104 -0.016113 -0.003296
-0.382568 0.900879 1.840820 -0.001465 -0.004639 -0.018311
-0.112305 1.212646 1.861084 0.021118 -0.025024 0.024414
-0.904785 0.446777 1.657471 0.004883 -0.013062 -0.001953
-0.252197 1.046875 1.854492 -0.001709 -0.007690 -0.014160
-0.369629 0.912598 1.827881 -0.006958 -0.001465 -0.019897
-0.071045 1.610840 1.822266 0.015869 -0.023193 0.019897
-0.343506 1.034180 1.826660 0.003662 -0.014648 -0.000732
0.381348 1.437988 1.846436 0.013550 -0.030640 0.017334
-0.628174 0.808350 1.851563 -0.006348 -0.001221 -0.020508
-0.110107 1.383301 1.809570 0.009033 -0.021851 0.009155
-0.361816 0.915771 1.817627 0.002075 -0.012817 0.000488
-0.354004 0.996338 1.824707 -0.005005 -0.003662 -0.012695
-0.237549 1.028809 1.825195 -0.002930 -0.008179 -0.004761
-0.354004 0.977051 1.822021 -0.000610 -0.007568 -0.006226
-0.021240 1.189453 1.830322 0.006714 -0.018799 0.007324
-0.464844 0.974854 1.835693 -0.002686 -0.006470 -0.008667
-0.121826 1.268799 1.815430 0.003418 -0.019897 0.003906
-0.256348 1.019531 1.820068 -0.003662 -0.007080 -0.005127
-0.335205 0.989502 1.837158 -0.005493 -0.001709 -0.006836
-0.014404 0.656006 1.784424 0.003784 -0.027222 0.010620
-0.515625 0.913818 1.836182 -0.006958 0.002808 -0.018433
-0.354004 0.928467 1.839355 -0.003540 -0.010864 -0.006470
-0.177734 1.042725 1.815918 -0.002563 -0.010010 -0.005005
-0.304688 1.015381 1.827881 -0.005127 -0.003784 -0.008789
-0.239502 1.004883 1.828857 -0.004150 -0.005005 -0.004272
-0.271973 0.993164 1.831055 -0.004028 -0.003174 -0.007202
-0.283203 1.019287 1.827881 -0.002319 -0.004272 -0.000977
-0.010986 1.203857 1.806641 0.000854 -0.013428 0.001099
-0.884521 0.753662 1.829346 -0.005127 -0.007446 -0.013062
-0.387695 1.186523 1.824463 0.006714 -0.022583 0.002808
-0.486572 1.189209 1.895020 0.003174 -0.021729 0.003784
-0.009277 1.313477 1.791748 0.004028 -0.017700 0.000854
-0.382813 0.997314 1.831055 -0.006470 -0.001709 -0.009399
-0.198242 1.051270 1.819092 -0.004883 -0.006470 -0.001465
-0.207764 0.997559 1.838379 -0.005859 -0.005493 -0.009521
-0.248291 0.995605 1.844238 -0.001343 -0.012085 -0.006348
-0.321777 0.996338 1.786621 -0.007080 -0.013306 -0.016235
-0.334961 0.923096 1.809326 -0.005005 -0.008423 -0.010498
-0.221924 1.047852 1.822021 -0.003174 -0.006836 -0.005981
-0.741211 0.829590 1.853760 -0.004272 -0.008911 -0.004883
