-0.537842 0.831299 1.890137 -0.008179 -0.001709 -0.011841
-0.455078 0.816406 1.878662 -0.006958 -0.006714 -0.006714
-0.400635 0.840820 1.880859 -0.005127 -0.005981 -0.000488
-0.404053 0.862793 1.885498 -0.005615 -0.002686 -0.002441
-0.456787 0.833008 1.888428 -0.005981 -0.000732 -0.008179
-0.458252 0.827881 1.880615 -0.005493 -0.001465 -0.010132
-0.453857 0.840332 1.886963 -0.005005 -0.001953 -0.006592
-0.468994 0.810791 1.886719 -0.004395 -0.002686 -0.003784
-0.432129 0.847412 1.878906 -0.003174 -0.003418 0.000488
-0.457764 0.858643 1.883057 -0.002930 -0.002563 0.002808
-0.470703 0.808594 1.886475 -0.004395 -0.003296 -0.007080
-0.452148 0.824951 1.882080 -0.002930 -0.004761 -0.004028
-0.425049 0.834717 1.885010 -0.002319 -0.004761 -0.000366
-0.428711 0.834717 1.879639 -0.002930 -0.002808 -0.001099
-0.418701 0.848877 1.895020 -0.004517 -0.001221 -0.010132
-0.459229 0.832275 1.891113 -0.005493 0.000488 -0.017700
-0.464844 0.830811 1.884277 -0.006958 0.000244 -0.023804
-0.466064 0.828125 1.884277 -0.007568 -0.001221 -0.025391
-0.447998 0.825684 1.884766 -0.008789 -0.001099 -0.031982
-0.481689 0.745605 1.889893 -0.009155 -0.000366 -0.041260
-0.645264 0.480225 1.853760 0.002808 -0.007690 -0.021606
-0.594482 0.651367 1.902344 -0.005371 0.001099 -0.028564
0.454834 1.621094 1.879639 0.026001 -0.041260 0.024414
0.207031 0.949219 1.845215 0.007935 -0.020386 -0.013550
-0.093750 1.220215 1.773682 0.013916 -0.031860 -0.014404
-0.714355 0.851807 1.892578 -0.006470 0.003540 -0.046265
-0.492188 0.948242 1.795654 0.012695 -0.031372 -0.018921
-0.158691 1.135498 1.855713 0.016724 -0.026245 -0.010864
-0.474609 1.332764 1.873779 0.015137 -0.019043 -0.011719
0.050049 0.918213 1.914795 0.043335 -0.049316 0.041138
0.154541 1.559082 1.874268 0.034180 -0.040039 0.031372
-1.749512 -0.838623 1.641846 0.002197 -0.018311 -0.025269
-0.116211 1.139404 1.889404 0.019531 -0.041138 0.001831
-0.594971 0.400146 1.802246 -0.002808 -0.009155 -0.040283
-0.449951 0.746826 1.807373 0.007324 -0.010620 -0.029053
-0.348877 1.058838 1.832764 0.040039 -0.015381 0.036743
-0.283447 1.333740 1.907959 0.034180 -0.017212 0.056152
-0.179932 0.844727 1.872314 0.003296 -0.013916 0.020142
-0.274170 0.878662 1.870850 0.002075 -0.001709 0.021973
-0.312988 0.885498 1.822510 0.003784 0.005981 0.026123
-1.149170 1.105225 2.011475 0.016113 0.020996 0.055420
-0.520264 0.710693 1.605957 0.011597 0.010132 0.050781
-0.919922 1.009277 2.087891 0.006470 0.024170 0.068359
-0.294434 0.905029 1.915527 0.004272 0.006348 0.047363
-0.130371 0.942871 1.853760 -0.000977 -0.005127 0.029541
-0.135254 1.189941 1.874756 0.000732 0.008179 0.044556
-0.302490 0.921143 1.866455 -0.012451 0.017700 0.023071
-0.211426 1.033447 1.809326 -0.026245 0.028198 -0.005371
-0.260254 1.041016 1.843750 -0.009277 0.000610 0.022339
-0.653564 0.623779 1.798096 -0.045288 0.033691 -0.053101
-0.245850 1.074219 1.870361 -0.002197 -0.001709 0.026123
-0.510254 0.845459 1.842529 -0.014038 0.008057 0.007935
-0.200195 1.184326 1.944336 -0.008301 0.003052 0.026855
-0.382813 0.845215 1.851807 -0.016846 0.010498 0.012451
-0.426025 1.137207 1.930176 -0.028076 0.009644 -0.008545
-0.586670 0.537354 1.822266 -0.027710 0.014282 -0.015503
-0.475830 0.952637 1.895264 -0.029297 0.006104 -0.012207
-0.436523 1.067139 1.910889 -0.015747 0.005005 0.000488
-0.406494 0.883057 1.908203 -0.026367 0.007080 -0.016235
-0.507080 0.492920 1.834717 -0.026489 0.006104 -0.009033
-0.295654 1.353760 1.962646 -0.021606 -0.001343 0.011108
-0.413086 0.890137 1.835449 -0.031738 0.012695 -0.025879
-0.274414 0.777588 1.767578 -0.025879 0.005005 -0.010742
-0.921387 -0.120850 1.803467 -0.048218 0.013672 -0.048340
-0.432617 0.885742 1.896484 -0.006836 0.001587 0.016602
-0.400635 0.916748 1.899170 -0.013672 0.002930 0.015137
-0.246826 0.874023 1.928711 -0.026001 0.003662 0.009521
-0.431885 0.570801 1.854736 -0.029541 0.004150 -0.015991
-0.575195 0.130371 1.804199 -0.041870 0.011719 -0.041504
-0.872803 0.046143 1.788818 -0.034302 0.011108 -0.023193
-0.425293 0.914063 1.914795 -0.010254 0.003296 0.010010
-0.640381 0.426270 1.881592 -0.033569 0.012695 -0.015259
-0.809570 0.016602 1.868652 -0.029175 0.009399 -0.009277
-0.329590 0.998779 1.974121 -0.002075 -0.000977 0.037842
-0.752197 0.578369 1.854492 -0.048462 0.030273 -0.046143
-0.375732 0.854980 1.911377 -0.013672 0.005615 0.016235
-0.626221 0.662842 1.903076 -0.020264 0.012329 -0.001953
-0.638672 0.461426 1.904541 -0.018066 0.009766 -0.006592
-0.343262 0.937256 1.926025 -0.012939 0.008301 0.007324
-0.555664 0.589600 1.874023 -0.031128 0.028320 -0.014038
-0.269775 1.222656 1.956299 -0.010986 0.010498 0.027954
-0.536621 0.720947 1.951660 -0.021729 0.023438 0.003174
-0.271484 0.702393 1.923340 -0.010254 0.006958 0.017334
-1.208740 0.464844 2.015381 -0.013550 0.016113 0.000732
-0.337891 0.730713 1.891602 -0.000122 -0.004517 0.013306
-0.825684 0.862549 1.881348 -0.004883 0.024170 0.003296
-0.434814 0.823486 1.883301 0.003052 0.010498 0.019653
-0.344727 0.836914 1.976318 -0.004272 0.023071 0.005859
-0.514648 0.957275 1.911133 0.013428 0.018677 0.010742
-0.353027 0.716064 1.912842 0.003662 0.000854 -0.014404
-0.652588 0.733398 1.924805 -0.001465 0.009521 -0.016968
-0.744629 0.541504 1.972168 0.014526 0.013184 -0.004883
-0.515869 0.608398 1.889404 -0.007446 -0.002319 -0.039185
-0.660645 1.158203 2.035645 0.040039 -0.001343 0.030151
-0.440674 1.049072 2.007080 0.015015 -0.009399 -0.002563
-0.555908 0.530518 1.902588 0.009888 -0.005737 -0.014526
-0.405762 1.363770 1.998535 0.020020 -0.005981 0.008911
-0.576904 0.689941 1.888916 -0.004761 -0.001831 -0.025757
-0.664551 0.427734 1.842041 0.000732 -0.006348 -0.014282
-0.361816 1.303711 1.904053 0.018555 -0.016235 0.005493
-0.669189 0.433594 1.860596 0.000854 -0.008179 -0.023804
-0.789795 0.428955 1.920410 -0.000366 -0.006836 -0.023315
-0.328125 1.308838 1.884521 0.026733 -0.017090 0.016479
-0.394043 1.070801 1.864502 0.014282 -0.017456 -0.003296
-0.338623 1.116699 1.887207 0.014282 -0.016724 -0.002319
-0.514893 0.875488 1.883057 -0.001709 -0.004761 -0.015381
-0.476318 0.793945 1.889160 0.004761 -0.012817 -0.000977
-0.470215 0.837158 1.860107 0.008057 -0.015869 -0.001831
-0.476807 0.938721 1.876465 0.001587 -0.007690 -0.008179
-0.604736 0.725098 1.891602 -0.006470 -0.002563 -0.023193
-0.530273 0.688477 1.877930 0.002441 -0.010620 -0.012329
-0.479736 0.808594 1.877441 0.005981 -0.011230 -0.002319
-0.638184 0.727051 1.891846 -0.006958 0.000610 -0.014038
-0.527100 0.764404 1.884766 -0.003418 -0.005981 -0.009033
-0.464111 0.793213 1.884766 -0.002808 -0.005127 -0.011841
-0.492188 0.533203 1.857910 0.004639 -0.012695 -0.003174
-0.625244 0.703857 1.896240 -0.005493 0.001587 -0.008911
-0.470703 0.797119 1.872559 0.000732 -0.009033 0.000610
-0.581299 0.699463 1.896973 0.001465 -0.006592 0.004639
-0.552490 0.738525 1.881592 -0.005493 -0.000122 -0.007446
-0.547852 0.757813 1.896729 -0.005371 -0.003052 -0.011475
-0.579346 0.671387 1.900879 -0.001831 -0.007935 -0.007813
-0.284668 0.974121 1.859619 0.007446 -0.011230 0.007813
-0.621826 0.663086 1.892822 0.002930 -0.008179 -0.006226
-0.054199 1.492920 1.831299 0.010986 -0.019165 0.000366
-0.851318 0.423340 1.857422 -0.003540 -0.003906 -0.016968
-0.553711 0.764893 1.890625 -0.002319 -0.002197 -0.011475
-0.549072 0.775391 1.882080 -0.003662 -0.004395 -0.007568
-0.461914 0.839844 1.913086 0.002686 -0.015015 0.002563
-0.542969 0.799805 1.896484 -0.002197 -0.000732 -0.004395
-0.389893 0.956055 1.865479 0.000122 -0.012695 -0.007813
-0.511230 0.813232 1.875732 -0.001465 -0.009399 -0.006226
-0.529785 0.821289 1.860596 -0.003418 -0.003052 -0.002197
-0.494141 0.827148 1.880859 -0.004395 -0.002686 0.000610
-0.473633 0.825195 1.884277 -0.004517 -0.002563 0.002686
-0.565430 0.751465 1.918213 -0.004272 -0.004517 -0.000732
-0.428955 0.761230 1.878174 -0.001099 -0.009155 -0.003540
-0.437256 0.975830 1.870850 0.003662 -0.010742 -0.000610
-0.274414 1.069092 1.830566 0.005005 -0.019287 0.006592
-0.547363 0.862793 1.886719 -0.005493 -0.001221 0.004150
-0.427490 0.815674 1.885498 -0.005127 -0.003784 0.003906
-0.434082 0.850830 1.876953 -0.003662 -0.001343 0.006348
-0.499756 0.818604 1.883057 -0.005127 0.000610 -0.003296
-0.476318 0.836670 1.880371 -0.005005 -0.001343 -0.003784
-0.471436 0.813232 1.888184 -0.005005 -0.001831 -0.005249
-0.484375 0.804932 1.888428 -0.005005 -0.001221 -0.003174
-0.499023 0.800293 1.889160 -0.004272 -0.001587 -0.000732
-0.478760 0.807617 1.883301 -0.003662 -0.003052 0.002808
-0.452637 0.825684 1.880127 -0.003662 -0.002075 0.001221
-0.480957 0.817627 1.877686 -0.004395 -0.000122 0.000122
