-0.154785 1.002441 1.869385 -0.003662 -0.002686 0.003052
-0.191650 0.995361 1.863281 -0.004761 -0.000610 -0.000610
-0.234619 0.979248 1.857178 -0.005005 -0.001709 -0.002319
-0.244141 0.971680 1.863281 -0.004639 -0.004639 -0.000488
-0.206299 0.961182 1.864258 -0.003418 -0.007202 0.003784
-0.118408 0.968262 1.865967 -0.002441 -0.006714 0.005127
-0.127441 1.010742 1.859131 -0.003296 -0.001465 0.000977
-0.177490 1.002197 1.857666 -0.005615 0.002441 -0.003906
-0.301270 1.021240 1.858887 -0.005493 0.002563 -0.007324
-0.213379 0.955811 1.873779 -0.006226 -0.000977 -0.010010
-0.187012 0.947021 1.877441 -0.004150 -0.002808 -0.019531
-0.298096 0.972168 1.904297 -0.002197 -0.004272 -0.021118
-0.208984 1.043701 1.915039 -0.004028 -0.008179 -0.021362
-0.338867 1.000000 1.913330 -0.004272 0.002930 -0.021729
-0.088135 1.083252 1.862793 -0.001343 -0.021973 -0.007935
-0.226074 0.715332 1.839111 -0.007568 -0.004395 -0.024292
0.211182 1.046143 1.866943 -0.004272 -0.013916 -0.026489
-0.389893 0.951416 1.864746 -0.013794 -0.021362 -0.053467
-0.167236 1.069336 1.881836 -0.006592 -0.006958 -0.043335
1.004150 1.342041 1.807617 0.000488 -0.028442 -0.017456
-0.482910 1.127930 1.923340 0.003052 -0.018921 -0.023193
0.115234 1.148682 1.854492 0.000488 -0.028564 -0.030762
-0.529053 1.125732 1.926514 0.005737 -0.027466 -0.028931
-1.332764 0.586182 1.816895 -0.001343 -0.015015 -0.045898
0.208740 1.226074 1.875244 -0.001221 -0.018066 -0.050293
0.337646 0.969482 1.878174 0.003418 -0.024414 -0.041992
-0.439941 1.017334 1.833252 0.008667 -0.017822 -0.026611
0.841553 1.737549 1.999268 0.045044 -0.060425 0.045410
-0.444580 0.925293 1.846680 -0.006592 -0.002319 -0.041992
-0.010498 1.489014 1.919434 0.025269 -0.029663 0.016113
-0.213379 0.903320 1.848389 -0.003540 -0.017212 -0.022949
-0.254639 0.296631 1.655518 0.022095 -0.018188 0.016479
-0.234619 0.312500 1.812988 0.033691 -0.019165 0.071045
0.273193 0.743896 1.750244 0.014893 -0.030396 0.065430
-0.365234 1.950928 2.061279 0.063110 -0.004639 0.141113
0.273682 1.070068 1.939453 0.022339 -0.012329 0.064941
-0.467773 1.046387 1.907715 0.009277 0.013184 0.046875
-0.137939 0.973633 1.825195 0.007202 0.004517 0.050293
1.403564 1.372314 1.592529 0.010498 0.012451 0.070923
-0.814941 1.468262 1.982422 0.002197 0.026245 0.080933
-0.066895 1.303955 1.835449 -0.004883 0.019409 0.041748
0.296631 1.114746 1.820313 0.000854 -0.004395 0.042847
-0.050049 1.092285 1.847900 -0.000366 0.015991 0.015747
0.442139 1.524414 1.954834 -0.002197 0.017578 0.012451
0.120117 1.312012 1.842529 -0.027588 0.033691 -0.003052
0.058594 1.190186 1.966797 -0.008301 0.011108 0.037231
-0.004639 0.934570 1.736816 -0.043335 0.031982 -0.039551
-0.390625 0.908936 1.813477 -0.020508 0.017944 -0.003540
-0.089844 1.183838 1.970215 -0.006714 0.004517 0.006226
-0.836182 0.016357 1.694580 -0.040283 0.022949 -0.048584
0.234619 1.758301 2.080078 -0.006836 0.004028 0.036865
-0.455078 0.527588 1.774902 -0.051147 0.024902 -0.060669
-0.102539 1.393066 2.057129 -0.015747 0.012817 0.011475
-0.192871 0.402588 1.739502 -0.045776 0.012939 -0.056885
-0.117432 1.502686 1.864502 -0.002319 0.000610 0.024780
-0.330322 0.487305 1.759521 -0.035278 0.015869 -0.025757
-0.034424 1.415771 2.106934 -0.007690 0.004272 0.026978
-0.372559 0.880127 1.849854 -0.031738 0.017212 -0.034912
0.001709 1.552734 1.852295 -0.020386 0.009277 0.001465
-0.510986 0.367188 1.768799 -0.023682 0.007813 0.001831
-1.153564 -0.036133 1.788086 -0.052979 0.034180 -0.056519
0.194824 1.604980 2.038330 -0.007813 0.002197 0.030151
-0.236084 0.964355 1.882813 -0.021973 0.015137 -0.006958
-0.472412 0.730225 1.875244 -0.024902 0.019653 -0.012207
-0.665527 0.803955 1.831543 -0.021973 0.014038 -0.006714
-0.056641 1.013916 1.933838 -0.000366 -0.003418 0.026001
-0.244385 0.602539 1.842529 -0.034302 0.024170 -0.029297
-0.930176 0.466309 1.876465 -0.046387 0.033081 -0.032349
-0.611084 0.271240 1.867432 -0.026611 0.019531 0.003662
0.019043 1.583984 1.904053 -0.023315 0.028931 -0.001953
-0.393555 0.869141 1.861328 -0.025024 0.023071 0.007202
-0.082520 1.460693 1.915771 -0.007324 0.003540 0.036743
-0.296143 0.532959 1.926025 -0.019775 0.028076 0.012939
-0.177002 0.862305 1.900879 0.000732 -0.002075 0.027466
-0.129883 0.831055 1.746826 -0.004395 0.023682 -0.009521
-0.279053 0.681396 1.974609 0.000854 -0.008667 0.006958
-1.119873 1.189209 2.131348 0.014282 0.028320 0.009888
-1.451660 1.405518 2.196045 0.000610 -0.028076 0.019653
-0.051025 0.916260 1.741455 0.032104 0.039551 0.017212
0.213379 0.825684 1.925293 -0.006348 -0.003174 -0.039429
-0.112061 0.442383 1.753906 0.028076 0.012451 0.006348
-0.436768 0.961182 1.823242 0.016602 0.000000 0.001343
-0.141846 0.806396 1.883301 -0.007324 -0.001953 -0.044556
-0.516602 -0.071533 1.550049 0.039307 -0.007690 0.008789
-0.397461 0.616943 1.862549 0.038330 -0.014893 0.019531
0.151855 1.534912 2.039795 -0.005981 -0.004761 -0.035889
-0.275391 0.834961 1.845703 -0.005005 -0.000488 -0.045288
-0.492188 0.815186 1.839355 0.018433 -0.021606 -0.003540
0.167969 2.087158 1.966797 -0.001587 -0.004761 -0.028198
-0.446777 0.664551 1.858398 0.015137 -0.016357 -0.005371
-0.438232 0.807617 1.840088 0.012939 -0.011230 -0.014893
-0.449951 0.813477 1.778809 0.034180 -0.036255 0.029419
0.338623 1.695313 1.912842 -0.009399 0.001953 -0.026367
-0.329346 0.928711 1.853271 -0.004028 -0.001587 -0.013062
-0.275879 0.964355 1.853760 -0.001709 -0.002563 -0.006836
-0.242676 0.996338 1.851318 -0.001587 -0.002075 -0.012329
-0.434326 0.902832 1.862061 0.007202 -0.014404 -0.002441
0.466309 1.661377 1.866211 0.002808 -0.009033 -0.009033
-0.738770 0.543457 1.835205 0.019897 -0.036011 0.021851
-0.184570 1.173828 1.843506 -0.001465 -0.005493 -0.008301
-0.378662 0.897949 1.870605 0.000366 -0.013794 -0.003662
0.036621 1.200195 1.842041 -0.003052 -0.002808 -0.007568
-0.344482 1.006592 1.852783 -0.004272 -0.004517 -0.011230
-0.204102 1.017578 1.850586 -0.000122 -0.011963 -0.004639
-0.226563 1.103027 1.878906 0.003784 -0.023438 0.000610
-0.390869 0.980469 1.844727 -0.004272 -0.008057 -0.014404
-0.266846 1.035156 1.849365 -0.005615 -0.014771 -0.018433
-0.244385 0.963867 1.853271 -0.005005 -0.008179 -0.013428
-0.239990 0.975098 1.845215 -0.004028 -0.003906 -0.009277
-0.442383 0.868896 1.865234 0.005249 -0.021118 0.010254
0.092773 1.159668 1.816650 -0.000854 -0.017944 -0.008179
-1.355225 0.455566 1.748779 0.013916 -0.038330 0.019897
-0.235107 1.079834 1.840820 -0.007324 0.000488 -0.010376
-0.257813 0.947754 1.855957 -0.005615 -0.003906 -0.000977
-0.229980 0.980225 1.862793 -0.004517 -0.003418 0.000000
-0.263428 1.026855 1.877930 -0.005371 -0.007568 -0.008057
1.007813 1.132568 1.789063 0.003174 -0.027222 0.003784
-0.309570 0.852783 1.823730 -0.005371 0.001953 -0.006714
-0.337646 1.184082 1.891846 -0.005615 -0.022217 0.019897
-0.230713 1.080566 1.859619 -0.007935 -0.004395 0.015381
0.062256 1.128174 1.790771 -0.006592 0.004150 0.010864
-0.343994 0.964355 1.861328 -0.006226 -0.002930 0.004883
-1.062256 1.077393 2.074951 -0.011597 -0.042847 0.004883
0.317383 1.075928 1.738770 -0.004639 -0.007446 0.007690
-0.416260 1.010010 1.843994 -0.007935 0.001953 0.019897
-0.185791 0.970947 1.854248 -0.008057 -0.002319 0.023193
-0.152100 0.950684 1.863037 -0.006226 0.000488 0.016968
-0.197754 1.007324 1.864746 -0.005859 0.000000 0.014404
-0.342041 1.079102 1.946045 -0.013428 -0.015259 0.004395
-0.095703 0.934082 1.828613 -0.005249 0.001831 0.007935
-0.217773 1.026367 1.864746 -0.006470 -0.003174 0.001221
-0.164795 1.014160 1.846680 -0.006958 0.003052 -0.003052
-0.210938 0.999268 1.861572 -0.008057 0.002197 -0.007690
-0.226563 0.959473 1.859375 -0.007080 -0.000122 -0.005615
-0.246826 0.937256 1.871338 -0.004272 -0.004883 0.005737
-0.178467 0.969482 1.866943 -0.002197 -0.005737 0.014404
-0.175537 1.001709 1.857178 -0.002686 -0.005493 0.010132
-0.179443 1.021484 1.861816 -0.005737 -0.004395 -0.002441
-0.193115 0.994873 1.861572 -0.006958 -0.004517 -0.009521
-0.228516 0.967529 1.862305 -0.006104 -0.006104 -0.004028
-0.187988 0.954834 1.864746 -0.003540 -0.008423 0.013916
-0.114014 0.993896 1.870850 -0.002686 -0.005493 0.020386
-0.109131 1.004639 1.868408 -0.004761 0.000366 0.011230
-0.233398 1.012451 1.862549 -0.007813 -0.002441 0.001221
-0.211426 0.966064 1.861816 -0.006592 -0.006348 0.006470
-0.135986 0.971191 1.864990 -0.003906 -0.005249 0.016602
-0.130859 1.012207 1.863770 -0.005615 -0.001953 0.008057
-0.132568 1.016602 1.865234 -0.008301 0.000366 -0.002930
-0.196045 0.978760 1.869873 -0.009399 -0.000122 -0.007690
-0.194824 0.989990 1.865723 -0.009155 -0.002808 -0.005127
