-0.379639 0.928955 1.857178 -0.003174 -0.003906 0.002075
-0.387451 0.903076 1.859375 -0.003662 -0.002075 -0.004883
-0.408203 0.924561 1.861084 -0.004028 -0.000244 -0.007202
-0.412842 0.926514 1.853027 -0.005249 -0.000122 -0.014282
-0.364746 0.837891 1.854980 -0.005615 -0.000244 -0.021851
-0.421387 0.913330 1.863525 -0.002075 -0.000366 -0.017822
-0.446777 0.958252 1.857422 -0.001221 -0.001709 -0.013184
-0.416748 0.913330 1.855957 -0.004395 -0.002686 -0.016968
-0.420410 0.918701 1.864014 -0.006836 -0.000732 -0.015259
-0.466553 0.823975 1.883545 -0.007080 -0.003174 -0.007813
0.139648 1.415527 1.834229 0.014771 -0.028320 0.031250
-0.480713 0.941650 1.851563 -0.007202 0.005127 -0.024414
-0.308594 1.219971 1.806152 0.002808 -0.025024 -0.006104
-0.333740 1.299316 1.835938 0.001465 -0.010010 -0.011353
0.202393 0.881592 1.767822 -0.005127 -0.015747 -0.024292
-0.506104 0.937012 1.887695 -0.009644 0.002808 -0.029785
-0.376953 1.438232 1.773682 0.014893 -0.037476 0.007690
-0.509033 1.253662 1.913574 0.010132 -0.005981 0.005615
-0.486084 0.889404 1.880371 -0.001465 -0.005859 -0.030518
-0.564941 0.671143 1.879883 0.011353 -0.029175 0.000366
-0.227051 1.265137 1.840576 -0.001343 -0.009766 -0.037842
-0.778809 0.573975 1.921387 -0.009888 -0.002686 -0.064575
0.007324 1.058350 1.792236 0.038452 -0.047729 0.036621
-0.409180 1.093506 1.879395 0.003540 -0.009644 -0.021240
-0.535889 0.801514 1.868164 -0.017578 0.006348 -0.061279
-1.163818 -0.039795 1.803955 0.002563 -0.009399 -0.028198
-0.992432 0.772949 1.750977 0.049561 -0.046875 0.075439
-0.501709 1.164795 1.861084 0.013794 -0.010986 0.007813
0.080811 1.627930 2.000977 0.035400 -0.030151 0.047607
-0.430664 0.827393 1.842773 -0.012207 -0.004272 -0.038086
-0.393311 0.912598 1.839355 -0.004517 -0.004150 -0.035767
-0.655273 0.044434 1.724365 0.026489 -0.003540 -0.005981
-0.364014 1.781006 2.149170 0.048950 -0.021851 0.063110
-0.196777 0.680664 1.843262 -0.001709 -0.018188 0.001221
-0.239990 0.936035 1.809082 0.009644 -0.003662 0.041626
-1.371826 1.175781 2.405273 0.044189 0.036987 0.125488
-0.214355 0.765137 1.796143 0.006836 -0.014038 0.075806
-0.383301 1.191162 1.932861 0.018188 0.005371 0.094849
-0.098877 0.931885 1.830078 0.003906 -0.002808 0.070801
-1.151367 0.325439 1.943604 -0.015747 0.041870 0.013062
-0.222900 0.930176 1.815430 0.004028 -0.011108 0.051880
-0.482178 1.218262 1.781738 -0.022949 0.039673 -0.010376
-0.049805 1.164307 1.853027 0.000244 -0.007568 0.035889
-0.345215 0.921631 1.781250 -0.041382 0.032593 -0.055176
-0.335938 1.115234 1.781494 -0.035522 0.019531 -0.053589
0.009766 1.365479 1.858398 -0.020996 0.010864 -0.010376
-0.139404 1.113281 1.764893 -0.035278 0.017700 -0.037842
-0.478516 0.922607 1.919678 -0.024658 0.010010 -0.003296
-0.558105 0.815186 1.925293 -0.031128 0.013794 -0.017578
-0.331055 1.025146 1.821289 -0.013306 0.002930 0.007202
-0.353027 0.334229 1.705811 -0.039795 0.008057 -0.040771
-0.489990 0.812012 1.841553 -0.038452 0.007813 -0.028564
-0.405762 1.016602 1.880127 -0.007202 0.002930 0.019775
0.114990 0.779053 1.632813 -0.057495 0.009521 -0.081787
-0.483398 0.530273 1.823486 -0.035889 0.004639 -0.047852
-0.405518 0.993896 1.944336 -0.016602 0.000610 0.010376
-0.833496 -0.305908 1.716309 -0.049438 0.014282 -0.055786
-0.343750 0.816895 1.892578 -0.036133 0.010864 -0.017944
-0.583008 0.416992 1.811035 -0.041626 0.013428 -0.043945
-0.284668 0.451904 1.777588 -0.049683 0.014038 -0.041016
0.284912 2.215576 1.978760 -0.003662 0.001221 0.040894
-0.339355 0.655273 1.792969 -0.059326 0.020020 -0.052979
-0.478760 0.933594 1.870605 -0.031006 0.012695 0.012939
0.036865 1.757568 1.953857 -0.019409 0.005737 0.020752
-1.061035 0.308105 1.946777 -0.046143 0.030640 -0.034058
-0.984375 0.448975 1.956299 -0.022827 0.013916 0.019775
-0.221436 0.682617 1.750977 -0.037720 0.013428 -0.000244
-0.499756 0.538330 1.884277 -0.022339 0.005859 0.014526
-0.400635 1.383057 1.937256 -0.012695 0.010498 0.028076
-0.967773 0.404297 1.966553 -0.038086 0.027954 -0.010620
-0.532715 0.829590 1.899658 -0.010376 0.007690 0.021729
-0.239746 0.989502 1.861816 0.000000 0.002808 0.020386
-0.758057 0.401855 1.859375 -0.009033 0.034058 0.004150
-0.584717 0.758057 1.960449 0.002808 0.016724 0.015503
-0.928955 0.883057 2.047607 0.000244 0.014771 0.024536
-0.938965 0.753418 2.071777 0.000854 0.022461 0.019165
-0.250244 0.598389 1.639893 -0.003052 0.010376 0.008301
-1.017334 0.693115 1.983643 0.020264 0.018188 0.062012
-0.485107 0.915039 1.998535 0.014404 -0.000732 0.037598
-0.382324 0.416260 1.736328 0.003174 -0.001953 -0.014648
-0.402832 0.821045 1.864014 0.018188 0.004517 0.006470
-0.491455 1.162109 2.018066 0.010620 -0.000122 -0.004150
-0.534424 0.725098 1.883545 -0.005371 -0.000732 -0.021606
-0.471924 0.800781 1.850830 -0.005005 0.001709 -0.016357
-0.738525 0.363525 1.672607 0.008301 0.005737 -0.004639
-0.579346 0.875000 1.926025 0.015381 -0.002197 0.002930
-0.495850 0.718750 1.875488 0.005371 -0.007935 -0.023804
-0.536133 0.821045 1.851074 0.018555 -0.012329 -0.006470
-0.019287 1.382080 1.966309 0.028076 -0.020020 0.002686
-1.083984 -0.022705 1.900879 0.003296 -0.007080 -0.044189
-0.509766 0.905029 1.872803 0.010498 -0.009399 -0.019775
-0.494873 0.884033 1.853271 -0.002319 -0.002319 -0.045288
0.312744 1.075928 1.928223 0.025635 -0.026489 -0.013794
-0.578125 0.816650 1.913574 0.010864 -0.010254 -0.018921
-0.378174 1.003418 1.861572 0.007446 -0.011475 -0.013184
-0.451172 0.779053 1.858887 0.006592 -0.014526 -0.021118
-0.423096 1.133545 1.862793 0.004150 -0.009644 -0.014648
-0.581787 0.769287 1.881104 -0.008911 -0.002197 -0.040405
-0.586914 0.887451 1.775391 0.021240 -0.029541 0.008423
-0.421143 1.080078 1.862305 0.009521 -0.010010 0.006836
-0.367432 1.203857 1.877930 0.008789 -0.014893 -0.007813
-0.248047 1.158447 1.851563 0.011353 -0.018066 0.002319
-0.381348 1.088623 1.864258 0.012207 -0.015991 0.006470
-0.503906 0.871582 1.849365 -0.003662 -0.003906 -0.015015
-0.593506 0.695068 1.869141 -0.006470 -0.002686 -0.023071
-0.158447 1.297852 1.858154 0.014648 -0.026123 0.005249
-0.458740 0.708252 1.887695 0.005615 -0.006226 -0.004150
-0.694824 0.713135 1.863525 -0.009766 0.002686 -0.020630
-0.317383 0.689697 1.805664 0.006592 -0.027100 0.000854
-0.689941 0.771240 1.885742 -0.005005 0.002930 -0.013184
-0.512451 1.061768 1.795898 0.011841 -0.026611 0.009888
-0.474854 1.321533 1.817383 0.003540 -0.012085 0.001709
-0.641113 0.853760 1.879150 -0.011475 0.004150 -0.031616
-0.839600 0.532227 1.903076 -0.003662 -0.009888 -0.015991
-0.156494 1.010742 1.803955 0.007202 -0.013916 0.003296
-0.678955 0.790039 1.873291 -0.008179 0.002441 -0.015625
-0.377197 0.467285 1.796875 0.001343 -0.019775 0.000366
-0.378662 0.867676 1.839355 0.000000 -0.011597 -0.005005
-0.315430 1.085449 1.842041 0.002197 -0.010132 -0.005005
-0.651367 0.843506 1.923340 -0.004028 -0.005737 -0.008423
-0.131104 0.789063 1.822021 0.004028 -0.022461 -0.000366
-0.733154 0.762695 1.892578 -0.007935 0.004272 -0.020142
-0.095947 1.103760 1.834717 0.009399 -0.024658 0.008667
-0.657227 0.807861 1.875977 -0.006714 0.002686 -0.007446
-0.482178 0.851074 1.872314 -0.003540 -0.004883 0.001587
-0.428223 0.865479 1.863037 -0.002075 -0.003784 0.007813
-0.487549 0.847412 1.867920 -0.003906 -0.000366 0.001221
-0.505127 0.866455 1.856445 -0.003296 -0.001831 0.003784
-0.496338 0.841064 1.870605 -0.002441 -0.003540 0.005371
-0.966553 0.616943 1.958984 -0.000244 -0.009521 0.011353
-0.406250 0.957031 1.849121 0.004028 -0.007690 0.011108
-0.925537 0.567139 1.923828 -0.000610 -0.007813 0.005249
-0.528809 0.618408 1.857910 -0.001709 -0.009277 0.020264
-0.519775 0.786621 1.867188 -0.003784 -0.006348 0.013794
-0.475830 0.864746 1.875244 -0.000732 -0.008911 0.025879
-0.419678 0.895264 1.862305 0.000488 -0.009521 0.023804
-0.431885 0.881348 1.864258 0.000122 -0.008423 0.017944
-0.429688 0.895508 1.872559 -0.000977 -0.006958 0.010010
-0.393555 0.917236 1.862549 -0.002441 -0.006226 0.005737
-0.369873 0.908936 1.868652 -0.005005 -0.001953 -0.000122
-0.430176 0.904785 1.863037 -0.006836 0.001831 -0.003662
-0.476318 0.850342 1.870117 -0.007935 0.001831 -0.010376
-0.485107 0.847656 1.862793 -0.005005 -0.001587 -0.000488
-0.435547 0.907227 1.864502 -0.003052 -0.004028 0.006958
-0.439453 0.873779 1.875488 -0.004639 -0.003906 0.000000
-0.411865 0.864014 1.866211 -0.003174 -0.003418 0.008423
-0.407959 0.803711 1.874512 -0.002563 -0.000977 0.018311
-0.456543 0.882813 1.869873 -0.003662 -0.001465 0.012329
-0.457031 0.877441 1.869873 -0.005005 -0.003906 -0.001343
-0.457520 0.844482 1.865479 -0.005371 -0.005371 -0.006836
