-0.381104 1.062256 1.833496 -0.003174 0.000122 -0.003662
-0.303955 1.031006 1.835205 -0.006226 -0.010498 -0.006348
-0.125977 0.948486 1.840088 -0.005127 -0.012695 -0.016357
-0.135010 0.961426 1.841309 0.000122 -0.003540 -0.024536
-0.202148 1.037598 1.830078 0.003418 0.003418 -0.019531
-0.411377 1.066162 1.861328 0.000366 0.004272 -0.031494
-0.397461 1.002686 1.878906 -0.004150 -0.003174 -0.035034
1.019287 1.305176 1.708252 0.002197 -0.054565 0.018677
-0.413330 1.202148 1.836914 -0.006348 0.014404 -0.028320
-0.156494 1.015137 1.808350 -0.008545 -0.000977 -0.033447
-0.711182 0.898926 1.940430 -0.005371 -0.004639 -0.023438
-0.525391 0.771973 1.779541 0.013550 -0.042603 0.030884
-0.451172 0.851074 1.839111 -0.006836 0.010620 -0.013550
-1.034180 0.659180 1.963623 -0.004272 -0.012451 0.012939
0.285889 1.212891 1.879150 0.018188 -0.044678 0.078125
-0.432373 1.166016 1.834229 -0.005005 0.004517 -0.030273
-0.206055 1.018311 1.856689 -0.003418 -0.011963 -0.027710
0.560059 0.981934 1.842773 0.016724 -0.044678 0.034912
-0.550781 0.920410 1.836670 -0.014771 0.019043 -0.068115
-0.702881 0.700928 1.714111 0.001831 -0.026367 -0.031494
-0.044434 1.288086 1.855957 0.009888 -0.018799 -0.013306
-0.749756 0.600586 1.828125 -0.005981 -0.009521 -0.066772
0.425781 1.552002 1.916504 0.024902 -0.037842 0.025635
-0.334473 0.927490 1.817627 -0.014404 0.000977 -0.074219
-0.683350 0.630371 1.583496 0.008667 -0.015747 -0.021118
-0.363281 0.673584 1.806396 0.015137 -0.025513 -0.000854
-0.132813 1.361328 1.898926 0.004883 -0.017944 -0.020386
-0.490479 0.360596 1.703613 0.005737 -0.014526 -0.035278
-0.266602 1.265625 1.898438 0.027100 -0.016846 0.056030
-0.262939 0.700439 1.801514 -0.009521 -0.007690 -0.034424
-0.309570 1.771240 2.169922 0.066040 -0.025513 0.145386
-0.013184 0.399414 1.489746 0.000610 -0.013428 0.000977
-0.507324 1.687988 1.984131 0.028442 -0.005127 0.059937
0.449707 1.296875 1.874512 0.020752 -0.014771 0.086304
0.158447 0.908691 1.740234 0.000122 -0.006836 0.041992
-0.914063 1.222656 1.972900 0.023193 0.036865 0.102051
-0.013916 1.019043 1.783936 0.010986 -0.004639 0.094727
-0.361084 1.091064 1.831055 0.013916 0.011719 0.108887
0.010986 0.966064 1.819092 0.006348 0.011108 0.092773
0.141357 1.110107 1.772949 0.008545 -0.005249 0.087158
0.742676 1.322266 1.809326 0.003784 0.017212 0.051392
0.087158 1.205078 1.717285 -0.025635 0.051636 -0.054932
-0.345703 0.829590 1.739990 -0.012451 0.009399 -0.009644
-0.134033 1.139648 1.788086 -0.000732 0.006714 0.032959
0.368652 1.635742 2.046143 0.005249 0.002319 0.032593
0.175293 1.342041 1.795410 -0.023315 0.020264 -0.048706
-0.001953 1.173096 1.869385 -0.014648 0.015625 -0.017090
-0.200928 0.475586 1.655762 -0.048950 0.026978 -0.100586
-0.226318 1.524170 1.918945 -0.023315 0.024292 -0.025024
-0.126465 1.368408 1.915527 -0.003418 0.002808 0.017822
0.033936 1.412842 1.960693 -0.016357 0.002319 -0.026367
-0.284912 0.883545 1.829590 -0.021118 0.014526 -0.048828
0.048828 1.481689 1.987061 -0.028198 0.009399 -0.026489
-0.311768 0.909180 1.690186 -0.032104 0.022705 -0.069214
-0.205322 1.051025 1.781250 -0.018188 0.010254 -0.009399
-0.262207 1.029785 1.817871 -0.014282 0.006104 -0.010498
-0.694580 -0.379883 1.482666 -0.052856 0.015015 -0.072021
-0.043701 1.573975 1.961670 -0.009155 0.005127 0.024170
0.024658 1.343750 1.968262 -0.025635 0.007813 -0.007813
-0.453857 0.750488 1.697754 -0.023926 0.009277 -0.005737
-0.023438 1.227295 1.897461 -0.015625 0.002563 -0.000244
-0.686768 0.468994 1.807373 -0.034180 0.017578 -0.042358
-0.247803 1.111328 1.881348 -0.014526 0.007324 0.003540
-0.971680 0.395020 1.706787 -0.045654 0.031128 -0.051880
-0.603760 0.728760 1.829102 -0.026855 0.016724 -0.016724
0.204102 1.330566 1.981445 -0.016357 0.004150 -0.016357
-0.118652 1.000977 1.792480 -0.030884 0.017700 -0.044922
-0.234131 1.084473 1.971436 0.000366 -0.001221 0.013428
-0.519531 0.417969 1.847168 -0.050537 0.037354 -0.063354
-0.633301 0.678711 1.831299 -0.007446 0.003418 0.031738
-0.637451 1.058105 1.936523 -0.013794 0.017456 -0.001343
0.535645 1.552979 1.865479 -0.014282 0.010986 0.006226
-0.528564 0.678223 1.804932 -0.027710 0.033325 -0.005981
-1.306641 0.498535 1.903320 -0.011353 0.024414 0.015625
-0.894775 1.020996 1.899170 -0.012695 0.032471 0.002441
-0.834473 0.857422 1.915283 -0.001953 0.004761 0.030640
-0.618896 0.737061 1.868408 -0.011963 0.020020 0.011719
-0.248779 1.076172 1.746826 -0.002808 0.029907 0.007324
-0.299561 0.965332 1.779541 -0.009155 0.021606 -0.006104
-0.273193 0.978516 1.894531 -0.005737 0.008667 -0.010742
-0.092041 0.554443 1.652832 0.000610 0.010864 -0.000488
0.190918 0.832764 1.781982 -0.001343 -0.009766 0.020752
-1.052246 1.299561 2.185547 0.015503 0.025269 0.037720
0.871826 0.479736 1.419678 0.002197 0.002197 0.008179
-0.420166 1.240723 1.952393 0.002563 0.013184 0.014282
-0.366699 0.834229 1.682129 0.001465 0.015869 -0.017456
-0.282715 0.906494 1.833252 -0.010254 -0.003662 -0.030029
-0.343506 1.017822 1.868164 -0.002319 0.002197 -0.025024
-0.351563 1.087891 1.866455 0.000000 -0.000244 -0.036865
-0.827148 0.839355 1.894287 0.019287 -0.004028 -0.015503
-0.236328 1.052490 1.855469 0.006470 -0.016602 0.000977
-0.284180 0.605957 1.767090 0.001831 -0.005981 -0.017944
-0.272705 1.158936 1.868164 0.003296 -0.000244 -0.024414
-0.414063 0.894775 1.830322 -0.008423 0.002930 -0.049438
-0.548584 0.803955 1.805420 0.002563 -0.003906 -0.026367
-0.305420 1.268799 1.827637 0.014526 -0.011597 0.003784
-0.458008 0.738525 1.802734 0.001831 -0.007202 -0.034302
-0.593750 0.832520 1.763916 0.013550 -0.011230 -0.010620
-0.029297 1.492676 1.929688 0.028809 -0.026855 0.007446
-0.446533 0.845459 1.725098 0.019653 -0.019775 -0.000244
-0.381348 0.931641 1.844482 0.004150 -0.004639 -0.013550
-0.781982 0.436279 1.787109 0.000854 -0.005737 -0.029419
-0.388428 1.218018 1.832520 0.011597 -0.014160 0.006836
-0.313477 1.389404 1.787842 0.020752 -0.023926 0.021118
-0.233154 0.854980 1.780762 0.015869 -0.027954 0.012695
-0.634033 0.754150 1.832520 -0.013184 0.007446 -0.060791
-0.360596 0.976563 1.806396 0.017334 -0.026123 0.019043
-0.401855 0.975098 1.818604 -0.000488 -0.005615 -0.008789
0.182617 1.171143 1.723877 0.012085 -0.031616 0.014404
-0.405518 1.110107 1.827393 -0.002563 -0.000610 -0.017944
0.155762 1.254395 1.825439 0.020386 -0.040161 0.033813
-0.483154 1.048828 1.804199 -0.002930 -0.000122 -0.015991
-0.356689 1.037109 1.755615 0.003662 -0.018555 -0.008179
-0.168945 1.268555 1.802490 0.004639 -0.013794 0.005127
-0.501221 0.863525 1.835693 -0.002197 -0.005615 -0.013550
0.788574 1.399170 1.860107 0.018066 -0.039551 0.037964
-0.901855 0.710449 1.858643 -0.005005 -0.005615 -0.013428
0.307617 1.084717 1.738525 -0.009277 -0.018066 -0.024536
-0.524658 0.993164 1.827881 -0.012085 0.003296 -0.035156
-0.272705 1.019775 1.786133 -0.004761 -0.010864 -0.004395
-0.339600 1.013916 1.810059 -0.002197 -0.002563 0.016479
-0.356201 1.050781 1.827637 -0.001221 -0.004150 0.026855
-0.038086 1.294922 1.797852 0.001587 -0.018555 0.021362
-0.691406 0.698975 1.752197 -0.003174 -0.017822 -0.011353
0.061523 1.599854 1.820801 0.009155 -0.025391 0.005371
-0.482910 0.996338 1.807617 -0.009521 0.002808 -0.020630
-0.286865 0.996582 1.810303 -0.006104 -0.005249 -0.006348
-0.238525 1.050781 1.809326 -0.002563 -0.004395 0.009521
-0.290283 1.052490 1.811035 -0.004272 -0.002563 0.002930
-0.296875 1.062012 1.807861 -0.005493 -0.003662 -0.002319
-0.306396 1.013428 1.805908 -0.005127 -0.004639 -0.006592
-0.309814 1.044189 1.816162 -0.003784 -0.005737 0.000366
-0.313232 1.060791 1.813965 -0.003784 -0.007813 0.003052
-0.245850 1.069336 1.807617 -0.004517 -0.009155 0.003906
-0.234863 1.034912 1.809082 -0.005371 -0.006836 0.001099
-0.280518 1.020752 1.814209 -0.004639 -0.004272 -0.000244
-0.295410 1.036621 1.815186 -0.003296 -0.004883 0.001465
-0.277100 1.056152 1.811768 -0.003174 -0.005615 0.002808
-0.263428 1.044678 1.810547 -0.004272 -0.005371 0.002441
-0.274414 1.055176 1.818359 -0.004883 -0.004761 0.003418
-0.274658 1.017334 1.815674 -0.004639 -0.005127 0.008057
-0.267822 1.046143 1.805420 -0.002441 -0.004761 0.019653
-0.244141 1.054443 1.818115 -0.002563 -0.004883 0.021851
-0.224609 1.042480 1.817627 -0.003174 -0.003052 0.020264
-0.242676 1.089844 1.810547 -0.003174 -0.000610 0.016479
-0.296387 1.010498 1.818604 -0.005981 -0.000977 0.007568
-0.260742 0.979736 1.818848 -0.001099 -0.004150 0.015503
-0.256348 1.070557 1.818359 0.002319 -0.004272 0.024536
-0.262207 1.106201 1.803711 0.000977 -0.006104 0.030884
-0.188721 1.097412 1.808105 -0.003296 -0.006592 0.021606
