-0.412842 0.837402 1.892090 -0.004639 0.000488 -0.000854
-0.419922 0.871826 1.883301 -0.004639 -0.000122 -0.000977
-0.406982 0.860840 1.884033 -0.005005 -0.001221 -0.003296
-0.424561 0.847168 1.892578 -0.005493 -0.000854 -0.002197
-0.414795 0.848145 1.898438 -0.005127 -0.002197 -0.003784
-0.414063 0.837158 1.884033 -0.004883 -0.003418 -0.004761
-0.354492 0.841553 1.888916 -0.004395 -0.002686 -0.002563
-0.353516 0.861816 1.896484 -0.005127 0.001099 -0.005127
-0.408203 0.881348 1.892334 -0.006714 0.003540 -0.016235
-0.530762 0.814697 1.918701 -0.007202 0.000122 -0.018677
-0.380127 0.828857 1.894531 -0.005859 -0.002563 -0.012695
-0.492920 0.642090 1.958984 -0.000366 -0.016968 -0.005493
-0.500732 0.975586 1.926270 0.000610 -0.023682 -0.021973
0.519531 0.749756 1.777344 -0.006226 -0.014526 -0.036255
-0.504150 1.116943 1.854980 -0.000488 -0.006592 -0.020874
-0.470703 0.785889 1.997314 0.010742 -0.016602 0.000610
-0.091064 1.220215 1.887939 0.022949 -0.043823 0.010986
-0.626221 1.027588 1.941895 0.020020 -0.035645 0.009766
0.152832 0.916992 1.871582 0.035156 -0.050171 0.036255
-0.242920 1.020264 1.853516 0.013184 -0.019531 -0.008423
-0.480225 0.846924 1.889893 -0.010620 0.000854 -0.043823
-0.515869 0.642822 1.869385 -0.011475 -0.001465 -0.047119
-0.429932 1.075684 1.934814 0.036621 -0.023682 0.033813
-0.572266 0.614990 1.985596 0.019531 -0.020386 0.001465
-0.173096 1.057373 1.825684 0.045532 -0.032715 0.048706
-0.253418 0.934082 1.924316 0.008423 -0.016113 -0.005737
-0.310303 0.798584 1.888428 -0.000122 -0.008789 -0.015259
-0.244629 0.652832 1.760742 0.006104 -0.004028 0.006714
-0.157227 1.252930 1.904785 0.034180 -0.003540 0.065552
0.058594 0.516602 1.614258 0.008545 -0.003174 0.023560
-0.303223 1.080811 1.919922 0.028320 0.000488 0.085083
-0.106934 0.946777 1.869629 0.013672 -0.008911 0.060913
-0.162354 1.011230 1.889160 0.011841 -0.004150 0.069580
-0.145752 1.029785 1.857178 0.008545 0.001343 0.080444
-0.689209 1.173096 1.940430 -0.003540 0.031982 0.048828
-0.864990 0.947021 1.944336 -0.010376 0.025391 0.028809
-0.197998 0.961670 1.907959 -0.008789 0.010864 0.037109
-0.146973 0.949219 1.750488 -0.012207 0.021484 0.021118
-0.287354 0.800049 1.871094 -0.008179 0.005249 0.025146
-0.588867 0.711182 1.867676 -0.015503 0.015747 0.008545
0.064697 1.595459 1.946777 -0.010498 0.010498 0.026367
-0.033691 1.451416 1.921143 -0.010742 0.009888 0.028687
-0.398438 0.708984 1.820557 -0.027710 0.015381 -0.015259
-0.273926 0.710938 1.824463 -0.028320 0.010620 -0.012695
-0.455322 0.780762 1.896484 -0.028687 0.015503 -0.018433
-0.310547 0.867920 1.841064 -0.017578 0.005249 -0.002075
-0.385010 0.892822 1.877441 -0.017456 0.004395 0.003906
0.015625 1.288574 1.895996 -0.019287 0.001343 0.010986
-0.132568 1.092529 1.871582 -0.013794 0.007080 0.020020
-0.105469 1.250244 1.922119 -0.024292 0.014038 -0.003174
-0.518555 0.607422 1.819092 -0.023193 0.012207 -0.004395
-0.172119 1.341309 1.947266 -0.012451 0.001831 0.013306
-0.502686 0.117676 1.734619 -0.043457 0.020142 -0.042969
-0.394287 0.817383 1.893555 -0.007690 0.002319 0.029175
0.137939 1.332275 1.948242 -0.022461 0.005737 0.016846
0.216553 1.543457 1.822754 -0.028320 0.016235 0.005859
-0.097168 1.275879 1.849365 -0.028564 0.013672 0.003540
-0.297852 1.157959 1.977783 -0.021240 0.008789 0.010742
-0.527100 0.813232 1.956299 -0.035156 0.020020 -0.012939
-0.760254 0.037842 1.798828 -0.032227 0.017090 -0.005859
-0.503906 -0.021729 1.775146 -0.047974 0.020142 -0.022949
-0.471436 1.021729 1.935547 -0.027466 0.020996 0.009888
-0.393311 0.585205 1.873291 -0.026001 0.012695 0.021973
-0.082275 1.210205 1.773926 -0.046143 0.014893 -0.023315
-0.215088 1.058594 1.899902 -0.006836 0.002563 0.029907
0.169434 1.394043 1.914795 -0.002808 0.001831 0.031738
-0.247559 0.945068 1.903564 -0.015259 0.019409 0.024902
0.131104 1.259277 1.864990 -0.002686 0.002197 0.049805
-0.375732 0.564209 1.865967 -0.037354 0.030273 -0.016602
0.108643 1.079590 1.863281 -0.009766 0.005859 0.025757
-0.546631 0.678955 1.881836 -0.011475 0.012695 0.013794
-0.461426 0.790039 1.924316 -0.015991 0.010132 -0.002808
-0.507813 0.757324 1.923340 -0.014282 0.009521 0.000610
-0.321777 0.813721 1.886230 -0.014404 0.008057 0.000854
-0.332275 0.815674 1.910156 -0.014648 0.010254 -0.002319
-0.508057 0.703125 1.929688 -0.003906 0.008911 0.000488
-1.728760 1.493164 2.299805 0.025757 0.039307 0.037842
0.040771 0.552002 1.663330 0.003174 -0.009155 0.006104
-0.438232 0.922119 1.995605 0.010132 -0.005005 0.027588
-0.022217 0.770508 1.785645 0.001831 -0.000488 0.002563
-0.437988 1.145020 2.042480 0.011719 0.010986 0.014893
-0.304932 0.676514 1.866211 0.002563 -0.001099 0.000122
-0.528320 1.045166 1.931641 0.014893 0.007935 0.009644
-0.379883 0.802734 1.884277 -0.001221 0.000000 -0.022583
-0.522217 0.590820 1.862061 0.000732 -0.002808 -0.029541
-0.593994 1.041260 1.937744 0.025879 0.000732 0.000000
-0.535156 0.984131 1.967041 0.019165 -0.004761 -0.011475
-0.340576 0.586426 1.829102 0.005493 -0.003296 -0.018188
-0.429932 0.754883 1.904053 0.003174 -0.000854 -0.016479
-0.399902 0.837158 1.896240 -0.005371 0.000732 -0.035522
-0.570801 0.589844 1.863525 -0.004639 0.000977 -0.041260
-0.542969 0.641113 1.808105 0.013428 -0.010986 -0.013184
-0.274414 1.366943 1.907227 0.021240 -0.019165 0.002441
-0.715088 0.240723 1.825195 0.003784 -0.007080 -0.031250
-0.237549 1.143066 1.902344 0.019165 -0.015503 0.002808
-0.467529 0.895752 1.887939 -0.002563 -0.001953 -0.026123
-0.861328 0.360107 1.855469 0.002319 -0.008667 -0.013428
-0.486572 0.796387 1.865723 0.010010 -0.015381 -0.003906
-0.600830 0.720703 1.905762 -0.003784 -0.001465 -0.036377
-0.560791 0.557129 1.829834 0.002319 -0.010864 -0.021240
0.120361 1.422607 1.893555 0.021118 -0.023804 0.020020
-0.708252 0.589600 1.920654 -0.002563 -0.003784 -0.015137
-0.494629 0.729248 1.897705 0.010132 -0.015503 0.000366
-0.554443 0.660889 1.878662 -0.008301 0.003540 -0.028320
-0.784668 0.431396 1.929199 0.000854 -0.010498 -0.011353
-0.493408 0.753906 1.887695 -0.001343 -0.005859 -0.011475
-0.950684 0.508545 1.896240 0.001953 -0.008667 -0.003052
-0.385986 0.802002 1.872314 -0.001343 -0.003052 -0.009888
-0.547852 0.711914 1.898926 -0.008423 -0.000488 -0.022949
-0.247803 0.746094 1.857910 0.010864 -0.020386 0.010132
-0.541016 0.843506 1.882813 -0.004883 0.000977 -0.009521
-0.134521 0.919189 1.884277 0.005371 -0.017334 0.009277
-0.492432 0.902832 1.891602 -0.006348 0.000854 -0.013794
0.055176 1.430908 1.850586 0.003662 -0.018066 -0.001953
-0.476807 0.883057 1.859863 -0.006104 -0.000854 -0.023071
-0.328369 1.054199 1.853760 -0.000366 -0.009155 -0.010132
-0.476807 0.808350 1.890137 -0.005005 -0.001709 -0.011353
-0.420166 0.837402 1.889404 -0.002319 -0.003540 0.002319
-0.296387 0.883057 1.874756 0.001709 -0.013916 0.008423
-0.486328 0.837646 1.886475 -0.002686 -0.006104 -0.004883
-0.423828 0.787354 1.893555 -0.005493 -0.013306 -0.006226
-0.607910 0.802490 1.866699 -0.005737 0.002930 -0.002686
-0.505859 0.826172 1.881348 -0.005249 -0.003052 0.000244
-0.403809 0.828369 1.879395 -0.003296 -0.005493 0.005005
-0.389160 0.850586 1.886719 -0.002197 -0.003174 0.007446
-0.442383 0.861084 1.888672 -0.002075 -0.001587 0.010742
-0.469482 0.864258 1.901367 -0.001953 -0.004883 0.013672
-0.021484 1.029053 1.834961 0.000244 -0.020874 0.010620
-0.518311 0.901367 1.883789 -0.007080 0.003174 -0.006470
-0.449219 0.822266 1.874512 -0.005371 -0.005005 -0.001343
-0.391357 0.835449 1.886963 -0.003296 -0.005859 0.003296
-0.400146 0.899658 1.896973 -0.003784 -0.004272 0.003540
-0.424561 0.857910 1.869385 -0.006348 -0.002930 -0.002563
-0.441650 0.838135 1.889893 -0.006836 -0.002075 -0.003296
-0.369629 0.881592 1.883789 -0.005859 -0.002075 0.005127
-0.420410 0.833740 1.890381 -0.006226 -0.000366 0.000244
-0.446045 0.821777 1.890625 -0.005005 -0.001099 -0.002808
-0.444336 0.846436 1.882813 -0.002808 -0.003540 0.004883
-0.384521 0.855469 1.888428 -0.002808 -0.004761 0.006470
-0.404297 0.857178 1.884033 -0.003052 -0.003784 0.002686
-0.403809 0.854248 1.890625 -0.003418 -0.003052 -0.001465
-0.406982 0.864258 1.881348 -0.003906 -0.002930 -0.002197
-0.440674 0.858154 1.891846 -0.004028 -0.003418 -0.000122
-0.416504 0.874268 1.890869 -0.004395 -0.005249 0.000732
-0.418213 0.857666 1.888184 -0.005615 -0.005859 -0.003296
-0.391846 0.853027 1.888916 -0.005737 -0.006348 -0.002563
-0.395020 0.836670 1.887451 -0.005249 -0.005859 -0.000977
-0.394287 0.835938 1.888184 -0.003906 -0.004883 0.002808
-0.408203 0.860596 1.888184 -0.003052 -0.004272 0.003296
-0.416016 0.842529 1.890869 -0.002563 -0.005371 0.000488
