-0.439941 0.934814 1.824707 -0.004761 -0.001099 -0.005005
-0.431641 0.947998 1.826416 -0.004883 -0.000977 -0.012451
-0.450195 0.933594 1.830566 -0.004639 -0.001099 -0.006348
-0.457275 0.925049 1.833008 -0.004150 -0.001465 -0.006348
-0.429932 0.978027 1.824707 -0.002808 -0.003784 0.000488
-0.469727 0.941650 1.832520 -0.003784 -0.002197 0.000977
-0.424316 0.932129 1.832275 -0.003174 -0.002197 -0.000610
-0.443604 0.936035 1.836670 -0.002197 -0.001953 -0.000610
0.488281 1.266602 1.764648 0.007324 -0.023071 0.015625
-0.198975 1.385498 1.778809 0.004150 -0.008667 -0.000488
-1.248047 0.748779 1.868896 0.000977 -0.020630 -0.002686
-0.250977 1.324951 1.763916 0.001465 -0.013062 -0.003296
-1.025635 0.658203 1.874512 -0.005493 0.000854 -0.009155
-0.524902 0.774170 1.834717 0.002441 -0.015259 -0.001953
-0.100098 0.869873 1.791748 -0.001099 -0.017822 -0.017090
0.015869 0.901611 1.815674 0.007813 -0.023315 -0.003296
-0.660156 0.612549 1.791016 0.002319 -0.016357 -0.025146
0.045166 1.263916 1.780518 0.008179 -0.017822 -0.015869
-0.295166 0.688232 1.772705 0.008667 -0.022583 -0.012085
-0.165527 1.214111 1.815430 0.013184 -0.022583 0.002075
-0.411621 1.086182 1.822510 0.006958 -0.019043 -0.000854
-0.520996 0.826172 1.817139 -0.008545 -0.002319 -0.032104
-0.105469 0.758789 1.690430 0.025879 -0.030762 0.019409
-0.231445 1.254150 1.921875 0.025879 -0.031494 -0.004395
-0.093994 1.489502 1.931396 0.015503 -0.021118 -0.013428
-0.752686 0.387451 1.816406 0.001709 -0.007080 -0.036499
-0.340820 1.145996 1.851807 0.015625 -0.011353 0.005737
-0.364258 0.587158 1.677734 -0.004028 -0.003784 -0.029053
-0.396240 1.510010 1.982910 0.027100 -0.003784 0.025024
-0.432373 0.871094 1.767334 0.015747 -0.004639 -0.005127
0.020752 0.863037 1.728760 0.010986 -0.015869 0.013062
0.142578 0.976807 1.639893 0.009277 -0.004639 0.027954
-0.152100 1.203125 1.839600 0.008545 -0.003906 0.031006
0.084229 1.005127 1.703613 0.002197 0.004395 0.030518
-0.534668 1.074707 1.851807 0.005859 0.002441 0.040283
0.009277 1.336670 1.856689 -0.000366 0.017700 0.039673
-0.536377 0.810303 1.817627 -0.009399 0.011963 0.005371
0.058350 1.511719 1.855957 -0.013062 0.025146 0.032227
-0.000122 -0.000122 -0.000122 -0.000122 -0.000122 -0.000122
-0.000122 -0.000122 -0.000122 -0.000122 -0.000122 -0.000122
-0.519043 0.904297 1.765381 -0.024414 0.011108 0.024658
-0.362549 1.125000 1.812744 -0.004028 0.004272 0.053833
-0.307617 1.176758 1.762207 -0.030762 0.012695 -0.016113
0.481689 2.100098 1.833496 -0.015503 0.003784 0.044922
-0.181885 1.476807 1.758545 -0.026367 0.014404 0.014160
-0.612305 0.665771 1.747314 -0.025391 0.007202 -0.001709
-0.386719 0.930664 1.823486 -0.021240 0.002075 0.004028
-0.172363 1.062988 1.733643 -0.031128 0.005249 -0.009155
-0.422363 1.150146 1.945801 -0.017334 0.004395 0.011108
-0.924316 -0.347900 1.608398 -0.063232 0.021240 -0.072510
-0.484863 1.108887 1.897461 -0.010986 0.005493 0.029297
-0.683350 0.380859 1.741455 -0.043701 0.016602 -0.040161
-0.262695 1.115967 1.853271 -0.015747 0.002197 0.007935
-0.315674 1.229980 1.888428 -0.026367 0.006226 -0.015625
-0.457764 1.037598 1.906250 -0.011963 0.001099 0.010498
-0.427734 1.124756 1.870361 -0.036133 0.006958 -0.025757
-0.237793 1.415283 1.887451 -0.022339 0.005615 -0.000122
-0.123779 1.531494 1.891846 -0.015137 -0.000488 0.017822
-0.406738 0.844482 1.825928 -0.031860 0.009644 -0.018555
-0.287354 1.153809 1.908203 -0.004272 -0.000977 0.023926
-0.747070 0.335205 1.744141 -0.045166 0.015259 -0.042480
-0.966553 0.113281 1.791016 -0.025635 0.013550 -0.008423
-0.011475 1.358154 1.862305 -0.005981 0.000000 0.018311
-0.473389 0.944336 1.871338 -0.008545 -0.001587 0.016479
-0.235596 1.284912 1.879639 -0.011475 0.006470 0.018921
-0.337646 0.987061 1.873291 -0.014038 0.007568 0.012085
-0.710693 0.354492 1.843018 -0.025879 0.012817 -0.011108
-0.387451 0.803955 1.837158 -0.012817 0.009766 0.010010
-0.482422 0.867188 1.870117 -0.010254 0.007446 0.012329
-0.461914 0.877930 1.887207 -0.011353 0.008423 0.007324
-0.969482 0.448975 1.894043 -0.016846 0.008179 -0.002563
-0.261963 0.881348 1.862549 -0.000122 -0.005981 0.018311
-1.039063 0.674316 1.848633 -0.017578 0.032837 -0.015015
-0.184814 0.895996 1.810303 -0.007813 0.007690 -0.003418
-0.512451 1.017334 1.864502 -0.006836 0.000732 -0.005127
-0.510986 0.838867 1.888428 -0.008911 0.001343 -0.010864
-0.312500 0.789063 1.812988 -0.000244 -0.001465 -0.006470
-0.621826 0.998047 1.963379 0.020386 0.019653 0.026733
-0.819092 0.503174 1.832031 0.011108 0.010010 0.014648
-0.183594 0.841553 1.815674 0.002319 -0.012085 -0.001343
-0.716309 0.882813 1.984863 0.020996 0.005005 0.013916
-0.529785 1.271240 1.999756 0.015381 -0.000366 0.002319
-0.801758 0.876953 1.925781 0.014893 0.004395 0.003540
-0.383301 0.832764 1.847656 -0.004272 -0.002930 -0.015503
-0.543457 0.367676 1.627197 0.002319 0.002319 -0.010010
-0.477295 1.041992 1.820313 0.016479 -0.006714 0.023438
-0.420410 1.193115 1.912354 0.010010 -0.005005 0.005493
-0.544189 1.053467 2.042480 0.009521 -0.003784 -0.012085
-0.657227 0.441162 1.776123 -0.012207 0.000366 -0.064453
-0.492920 1.228027 1.937256 0.027222 -0.015747 0.005981
-0.573486 0.681885 1.839844 -0.007935 -0.001221 -0.043213
-0.645508 0.683594 1.825195 0.000977 -0.006348 -0.025269
-0.385254 1.039795 1.842041 0.003296 -0.006470 -0.001465
-0.638672 0.673340 1.818115 -0.002686 -0.002075 -0.009033
-0.192139 1.379883 1.825439 0.015991 -0.018799 0.019287
-0.751465 0.625977 1.839844 0.002930 -0.009033 -0.008423
-0.352295 1.214844 1.810059 0.018433 -0.021729 0.021606
-0.568115 0.790771 1.834229 -0.005127 -0.001709 -0.015259
-0.431152 0.955811 1.832764 -0.000977 -0.005737 -0.006958
-0.503906 0.866699 1.835449 -0.000977 -0.004272 -0.002075
-0.375977 1.116455 1.835205 0.001099 -0.005249 0.002441
-0.537354 0.883545 1.834717 -0.005493 -0.002197 -0.015259
-0.550781 0.775635 1.819580 0.000732 -0.007690 -0.007935
-0.228760 1.623291 1.807373 0.015015 -0.019897 0.027710
-0.638184 0.829346 1.850098 -0.005615 -0.000366 -0.014893
0.087891 1.204834 1.820801 0.008545 -0.020142 -0.003418
-0.498291 0.952637 1.839355 -0.003784 -0.004517 -0.018555
-0.577881 0.837891 1.843994 -0.005859 -0.003296 -0.016724
-0.497559 0.968262 1.822998 0.008911 -0.015381 0.009888
-0.187744 1.749023 1.810547 0.016846 -0.021729 0.041748
-0.736816 0.840088 1.868164 -0.006104 -0.001465 -0.012329
-0.357422 0.853271 1.817871 -0.004639 -0.005737 -0.011963
-0.500244 0.865723 1.824707 -0.006104 -0.001221 -0.008667
-0.466064 0.922852 1.830811 -0.004883 -0.001709 -0.004395
-0.479492 0.924072 1.829590 -0.004272 -0.002930 -0.003662
-0.401367 0.973633 1.829102 -0.004639 -0.004883 -0.012085
-0.645752 0.707031 1.867676 -0.003540 -0.006714 -0.017334
0.258545 1.534180 1.767578 0.012329 -0.029663 0.006348
-0.392822 0.944580 1.830078 0.001099 -0.005371 -0.002319
-0.525146 0.974609 1.855225 0.003784 -0.013794 0.009033
-0.332275 1.020264 1.813965 -0.002686 -0.008301 -0.002441
-0.508789 0.942383 1.823730 -0.005493 -0.001831 -0.006836
-0.455566 0.934814 1.829346 -0.004272 -0.002930 0.000854
-0.437500 0.940918 1.825684 -0.003174 -0.002930 0.005005
-0.437744 0.940430 1.842041 -0.003662 -0.002563 0.000977
-0.451416 0.939209 1.834229 -0.004028 -0.003174 -0.005249
-0.100342 1.101807 1.775635 0.002930 -0.014160 0.001831
-0.531982 0.994141 1.826904 -0.003174 0.001343 0.001465
-0.463867 0.941406 1.826904 -0.004150 -0.003174 0.001221
-0.432129 0.930664 1.833984 -0.003174 -0.004150 0.003418
-0.436035 0.941895 1.831543 -0.002808 -0.003662 0.004150
-0.442627 0.953857 1.835205 -0.003174 -0.003052 0.006714
-0.442627 0.921631 1.830811 -0.003662 -0.003052 0.006470
-0.440918 0.906982 1.837891 -0.002075 -0.002319 0.010742
-0.450439 0.936279 1.830811 -0.000610 -0.002808 0.016602
-0.456543 0.967041 1.830566 -0.001221 -0.003784 0.017212
-0.435303 0.934326 1.829102 -0.003418 -0.004761 0.003052
-0.391113 0.948975 1.834961 -0.003418 -0.003662 0.000366
-0.457031 0.927979 1.828857 -0.003052 -0.001465 0.000366
-0.462158 0.937256 1.835449 -0.002197 -0.003052 0.004883
-0.413818 0.951904 1.833008 -0.002319 -0.003906 0.008057
-0.397461 0.972168 1.828857 -0.003418 -0.002197 0.008789
-0.441650 0.956055 1.836426 -0.004028 -0.000977 0.006104
-0.457275 0.928711 1.834473 -0.004395 -0.002441 0.000488
-0.381836 0.942627 1.835449 -0.003540 -0.003906 0.003662
-0.407715 0.940186 1.834473 -0.004761 0.000366 -0.000122
-0.420898 0.966309 1.822754 -0.005249 0.000732 -0.005005
-0.470947 0.922852 1.838135 -0.004639 -0.000366 -0.003784
-0.435059 0.943848 1.829102 -0.003784 -0.002319 -0.000732
-0.415039 0.952637 1.836426 -0.004272 -0.002686 -0.001709
