-0.443115 0.877930 1.855469 -0.000977 -0.006226 0.008179
-0.427002 0.913818 1.859375 -0.000732 -0.005615 0.003784
-0.436035 0.915283 1.849854 -0.002197 -0.003906 0.002686
-0.427979 0.921631 1.848389 -0.003784 -0.002563 -0.001709
-0.464844 0.885498 1.851074 -0.004883 -0.001953 -0.005371
-0.471436 0.856689 1.851318 -0.003418 -0.003784 -0.000854
-0.407227 0.902832 1.848877 -0.001343 -0.003662 0.005615
-0.415039 0.923584 1.857178 -0.002930 -0.000488 0.003052
-0.461182 0.897705 1.854248 -0.004639 0.001343 0.001099
-0.492676 0.877197 1.845215 -0.004395 -0.000854 0.000732
-0.457275 0.878418 1.851318 -0.003052 -0.003662 0.003296
-0.419678 0.889160 1.849854 -0.001343 -0.004517 0.005981
-0.399414 0.936523 1.843262 -0.000854 -0.004883 0.003906
-0.439697 0.926758 1.848877 -0.002808 -0.001953 -0.002319
-0.455566 0.890869 1.854004 -0.003784 -0.002197 -0.006470
-0.407715 0.903564 1.857178 -0.002441 -0.002075 -0.001709
-0.441406 0.924072 1.874512 -0.003418 -0.000732 -0.001343
-0.054688 1.071777 1.779541 -0.004761 -0.012573 -0.009644
-0.911865 0.922852 2.059082 -0.009033 0.005127 -0.010498
-0.576416 0.972656 1.876953 -0.007935 -0.008911 -0.014648
-0.642822 0.743164 1.882080 -0.015137 0.008179 -0.021118
0.561279 0.780029 1.696045 -0.001831 -0.032837 0.000732
-0.770264 0.444336 1.812500 -0.008667 -0.005737 -0.022095
0.378662 0.993896 1.845947 0.005981 -0.034912 -0.010986
-0.264160 0.900879 1.886230 -0.001099 -0.020874 -0.036255
0.135986 1.167969 1.834229 0.004395 -0.030029 -0.027710
0.065918 0.756836 1.789063 -0.006714 -0.018188 -0.047363
-0.768311 0.553955 1.808838 -0.006592 -0.004761 -0.037720
-0.543457 0.797607 1.870361 0.002075 -0.012817 -0.023804
-0.875732 0.203613 1.806396 -0.005493 -0.009155 -0.044556
-0.087646 1.611084 1.968018 0.055786 -0.047241 0.063843
-0.190918 1.574951 1.920898 0.032349 -0.027710 0.014893
0.016846 1.613525 1.803711 0.038574 -0.032349 0.029053
-0.177490 0.777100 1.859375 0.030762 -0.028687 0.013428
-0.448975 0.694336 1.741455 0.008789 -0.011719 -0.019897
-0.268555 1.552979 1.990234 0.045044 -0.017334 0.050049
-0.478760 1.358887 1.993408 0.023438 -0.001831 -0.007324
-0.186035 0.566406 1.545654 0.022583 -0.005981 0.012085
-0.143066 1.325928 1.928955 0.026611 -0.008667 0.034058
-1.233398 0.953613 2.110107 0.019287 0.011230 0.029053
-0.758057 0.955811 1.880371 0.006104 0.021240 0.034790
-0.408691 0.812500 1.816406 -0.007446 0.027100 0.023804
-0.563965 1.052490 1.902100 -0.003662 0.016846 0.026245
-0.276611 0.920898 1.837646 -0.010986 0.020752 0.009888
-0.211426 0.840576 1.811035 -0.017456 0.013306 -0.006348
-0.242676 0.859131 1.731445 -0.033813 0.023438 -0.019775
-0.214111 1.466309 1.835693 -0.008423 0.005249 0.051025
-0.683105 0.709961 1.826172 -0.032593 0.026001 -0.003418
-0.433838 0.707031 1.783203 -0.026001 0.013916 -0.004272
-0.311768 0.987793 1.832520 -0.020386 0.007324 0.004028
-0.196045 1.534424 1.865967 -0.013550 0.003540 0.032349
-0.233887 1.028076 1.871094 -0.033081 0.011963 -0.009521
-0.303955 0.861816 1.798096 -0.035278 0.006836 0.000488
-0.463135 0.886963 1.833740 -0.024414 0.012451 0.023926
-0.331055 0.945801 1.817627 -0.021851 0.002563 0.028931
-0.494629 0.762451 1.865723 -0.021484 0.000610 0.024414
-0.155518 1.568359 2.041260 -0.038208 0.005615 -0.008789
-0.433594 1.185303 1.915039 -0.000366 0.003052 0.060669
-0.285889 1.175293 1.807861 -0.034424 0.004639 -0.004883
-0.413818 1.131836 1.929932 -0.018433 0.009644 0.006470
-0.429932 1.042480 1.853027 -0.035400 0.007568 -0.012939
-0.393799 0.756104 1.912354 -0.035400 0.004883 0.003784
-0.589111 0.179688 1.795166 -0.046143 0.006836 -0.031494
-0.478027 0.249512 1.781494 -0.044922 0.007080 -0.045654
-0.500488 0.564453 1.835449 -0.013306 -0.001831 0.019775
0.012451 1.925293 1.963135 -0.013306 -0.001953 0.030518
-0.661377 0.603271 1.883301 -0.045410 0.017212 -0.035522
-0.434326 0.712158 1.793457 -0.031494 0.004272 0.002441
0.044189 1.505859 1.938721 -0.009644 -0.002197 0.039185
-0.088867 1.273193 1.810059 -0.031128 0.004517 -0.019653
-0.240723 1.383057 1.917236 -0.009521 0.003540 0.022095
-0.108398 1.414307 1.906982 -0.013794 0.002930 0.017212
-0.485107 0.842773 1.922607 -0.009766 0.001465 0.026367
-0.427490 0.830078 1.880615 -0.023682 0.010498 -0.002930
-0.536133 0.957031 1.912109 -0.017578 0.010010 0.002563
-0.357178 0.963623 1.891113 -0.006836 0.004395 0.021362
-0.491943 0.487305 1.871094 -0.009766 0.017456 0.017212
-0.246094 0.978760 1.827393 0.003296 0.002930 0.033569
-0.666016 1.087402 2.022461 0.004883 0.008301 0.017456
-0.734131 0.904053 1.989014 0.004761 0.008911 -0.002808
-0.361328 0.916260 1.857666 0.007690 0.028809 -0.009888
-1.088867 0.770020 2.022705 0.007568 0.026489 -0.002808
-1.272461 0.996582 2.185547 0.012695 0.027222 0.025269
-1.031494 1.000244 2.064209 0.019409 0.021606 0.023315
-0.285645 0.573730 1.765137 0.001221 -0.001831 -0.013184
-0.071533 0.998535 1.917969 0.004883 -0.002197 0.006836
-0.575439 0.740967 1.926758 0.008667 0.005737 -0.011719
-0.533203 0.505371 1.780029 0.001099 0.001465 -0.024780
-0.608154 0.918945 1.864502 0.015747 0.004272 0.005615
-0.386963 1.124512 1.917969 0.010132 -0.006348 0.010986
-0.324463 1.404297 1.962158 0.017456 -0.008545 0.001709
-0.512939 0.563232 1.808594 -0.006104 -0.001221 -0.038208
-0.473633 0.924561 1.870605 0.012207 -0.004517 -0.003418
-0.482178 0.987305 1.901855 0.016846 -0.005859 0.005981
-0.440918 0.891357 1.892578 -0.001831 -0.005127 -0.022827
-0.480225 0.855225 1.875732 -0.008545 -0.001465 -0.035767
-0.547607 0.759766 1.863770 -0.007324 -0.001099 -0.038696
-1.021240 0.276367 1.711914 0.030518 -0.017212 0.024292
-0.457520 0.907715 1.878418 0.002563 -0.007202 -0.009644
-0.617676 0.612549 1.847900 -0.006714 -0.002197 -0.032715
-0.157471 1.643066 1.896240 0.048950 -0.036377 0.050171
-0.518799 0.715088 1.861328 -0.011719 0.002930 -0.043701
-0.683350 0.562744 1.842773 -0.004761 -0.001587 -0.020630
-0.469482 1.032227 1.857422 0.003906 -0.009277 -0.004395
-0.474121 0.813965 1.847168 -0.005493 -0.004517 -0.017090
-0.571533 0.776123 1.851563 0.014404 -0.015381 0.011353
-0.460205 0.689697 1.836426 0.008667 -0.013794 0.005127
-0.518555 0.930664 1.866943 0.000854 -0.004517 -0.007813
-0.573730 0.729248 1.867188 -0.003052 -0.004395 -0.015137
-0.626221 0.621582 1.841064 0.010620 -0.014404 0.010620
-0.380859 0.802979 1.852783 -0.000610 -0.004883 0.000854
-0.580811 0.708740 1.868164 -0.006714 -0.002197 -0.012207
0.089111 1.624756 1.845703 0.020386 -0.031860 0.019165
-0.604736 0.860840 1.858887 -0.007568 0.002808 -0.024658
-0.350586 0.971191 1.855957 0.013306 -0.020386 0.005371
-0.493164 0.402100 1.760742 -0.002686 -0.016968 -0.024292
-0.528564 0.756104 1.849854 -0.007080 0.001587 -0.017578
-0.594971 0.818115 1.881104 -0.007935 -0.001587 -0.016602
-0.074951 0.727783 1.854736 0.010010 -0.030273 0.000244
-0.636230 0.868652 1.865723 -0.005005 -0.001343 -0.014526
0.199951 1.519531 1.822998 0.010986 -0.029785 0.012695
-0.125488 0.880371 1.790771 -0.001953 -0.014526 -0.008057
-0.592041 0.953613 1.896240 -0.004517 -0.007935 -0.021606
-0.275635 0.707031 1.815674 -0.003052 -0.015991 -0.023804
-0.614014 0.723145 1.875732 -0.006104 -0.003052 -0.012207
-0.369873 0.857910 1.841309 -0.002197 -0.012573 -0.005127
-0.440918 0.937500 1.856445 -0.001465 -0.003906 -0.002686
-0.663086 0.743652 1.887451 -0.003662 -0.003906 -0.007080
-0.254883 0.978516 1.844727 0.001221 -0.013428 -0.006348
-0.515381 0.854736 1.860840 -0.003662 -0.005249 -0.011475
-0.225586 1.072754 1.825439 0.004517 -0.016479 0.001709
-0.539795 0.832275 1.859131 -0.005493 0.001587 -0.005005
-0.478271 0.843750 1.851807 -0.002930 -0.003418 0.003418
-0.429443 0.877197 1.859131 -0.001587 -0.005493 0.002319
-0.412109 0.913818 1.860840 -0.001465 -0.004517 0.001831
-0.415283 0.917480 1.848389 -0.003784 -0.001709 -0.000122
-0.479736 0.892334 1.845947 -0.004883 -0.001221 -0.002319
-0.628174 0.745117 1.862305 -0.003052 -0.005981 -0.002686
-0.312744 0.822510 1.845947 -0.003174 -0.008789 -0.006104
-0.541260 0.793701 1.864746 -0.006470 0.001587 -0.007324
-0.503418 0.849609 1.859863 -0.003174 -0.002686 0.000366
-0.411377 0.889404 1.854736 -0.001099 -0.005127 0.004395
-0.385986 0.923096 1.854004 -0.001587 -0.001953 0.003296
-0.450928 0.906006 1.856445 -0.004150 0.000732 -0.000244
-0.458496 0.884033 1.859619 -0.004883 -0.000854 -0.004883
-0.445557 0.885498 1.853271 -0.005005 -0.002197 -0.005737
-0.466797 0.887207 1.857666 -0.004517 -0.002441 -0.004028
-0.442139 0.894043 1.858643 -0.004150 -0.003906 -0.002075
-0.438721 0.881592 1.857178 -0.003906 -0.004028 -0.004395
-0.441406 0.887207 1.857910 -0.002930 -0.004028 0.000977
