-0.482178 0.906006 1.830811 -0.002930 -0.001709 -0.001831
-0.501709 0.915771 1.829102 -0.002808 -0.000122 -0.003174
-0.518066 0.929199 1.830078 -0.003784 -0.000366 0.002075
-0.492920 0.930176 1.820313 -0.005127 -0.001587 0.004395
-0.463135 0.913574 1.828369 -0.006470 -0.000366 -0.004272
-0.488281 0.912842 1.828857 -0.007202 0.002197 -0.009399
-0.548096 0.881348 1.854736 -0.006226 -0.001221 -0.007568
-0.158936 0.963135 1.752441 0.001953 -0.023071 0.020508
-0.744873 0.807129 1.853027 -0.008057 0.007324 -0.024170
-0.539307 0.926514 1.833740 -0.004272 -0.003174 -0.013794
-0.593994 0.964111 1.847412 0.003296 -0.023315 0.007935
-0.854736 0.841797 1.915283 0.003784 -0.019897 -0.003418
-0.238770 0.791260 1.758057 0.009155 -0.029663 -0.002930
0.353516 1.319580 1.579834 0.015503 -0.051514 -0.019165
-0.665771 1.081787 1.780762 0.015381 -0.019531 -0.022339
-0.960449 0.545654 1.812988 -0.003906 -0.003052 -0.067261
-1.403320 0.089355 1.789063 0.010010 -0.027588 -0.038818
-0.499756 0.969482 1.827637 0.003296 -0.013062 -0.027832
-0.679688 1.021973 1.781738 0.023315 -0.036255 -0.005981
0.744385 2.276611 1.794434 0.050659 -0.061035 0.080200
-0.554443 1.323242 1.838135 0.008545 -0.015381 -0.032471
-0.148926 1.786621 1.851074 0.025879 -0.027100 0.053589
-0.473877 0.966797 1.814209 -0.010010 -0.003174 -0.028931
-0.501953 0.888184 1.821289 -0.006470 -0.005493 -0.016113
-0.661865 0.010986 1.369141 0.003052 -0.007813 0.001465
-0.341064 1.138428 1.818115 0.052246 -0.024780 0.088745
-0.351318 0.759521 1.726318 0.046143 -0.022339 0.052002
-0.668701 0.357910 1.747803 0.013428 -0.010132 0.008057
0.054199 1.069824 1.674805 0.031860 -0.011963 0.094604
-0.366943 1.200439 1.900879 0.018921 -0.004150 0.109009
-0.283691 0.921387 1.762695 0.005249 -0.005859 0.070190
-1.126953 0.796875 1.935303 0.008301 0.023438 0.092529
-0.816650 1.285889 1.875244 0.009033 0.016846 0.101440
0.272705 1.002686 1.637207 0.003906 -0.001343 0.068481
-1.098877 0.607422 1.926758 -0.005249 0.028809 0.034058
-0.041992 0.948730 1.791260 -0.000732 0.005493 0.051758
-0.457520 1.058105 1.814697 -0.005737 0.011963 0.036987
0.666992 1.674561 1.664063 -0.002930 0.009644 0.057861
-0.586426 0.837158 1.782715 -0.022217 0.029785 -0.018677
-0.114746 1.171387 1.780029 -0.017212 0.015259 0.019531
-0.496094 0.958984 1.781494 -0.014404 0.012573 0.009033
-0.383057 1.066406 1.800049 -0.008545 0.000977 0.031616
0.021240 1.406982 1.941895 -0.001343 -0.005127 0.082764
-0.190674 1.226563 1.746582 -0.047119 0.027344 -0.059326
-0.170166 1.406738 1.756348 -0.021118 0.016602 0.014282
-0.223633 1.301514 1.787842 -0.034790 0.016357 -0.042480
-0.664307 0.665771 1.745117 -0.025757 0.008423 -0.015137
-0.425537 1.146484 1.947754 -0.023682 0.006714 -0.010376
-0.134277 1.230713 1.798584 -0.017700 0.003418 0.013794
-0.252930 1.205811 1.818604 -0.019897 0.004517 0.012451
-0.299072 1.279785 1.773438 -0.038574 0.018066 -0.015259
-0.480957 0.673340 1.771484 -0.030518 0.015991 -0.036011
-0.197021 1.093018 1.804443 -0.015381 0.001465 0.029541
-0.103271 1.401123 1.974854 -0.016846 0.010376 0.023560
-0.402100 0.948730 1.860840 -0.042480 0.025635 -0.031982
-0.185059 1.335693 1.946533 -0.018311 0.013916 0.026733
0.348877 1.808838 1.818115 -0.022339 0.008911 0.034546
-0.791260 0.173340 1.737793 -0.058472 0.033081 -0.089111
-0.496338 0.239258 1.689453 -0.053467 0.029175 -0.062866
-0.560547 0.731934 1.844238 -0.035889 0.020386 -0.030273
-0.374756 1.083984 1.850098 -0.010864 0.001831 0.006226
-0.424316 0.789063 1.842285 -0.022949 0.009888 -0.026001
0.134033 1.511719 1.782959 -0.010864 0.002563 0.029419
-0.782471 0.653076 1.870361 -0.018311 0.010620 0.005005
-0.609375 0.972656 1.859619 -0.032837 0.029297 -0.024780
-0.359863 1.045410 1.861572 -0.034058 0.027222 -0.052490
-0.681641 0.695801 1.886719 -0.017578 0.015869 -0.018311
-0.387451 0.906250 1.849609 -0.001587 -0.004639 0.013550
-0.696533 0.900391 1.826172 -0.009399 0.021729 -0.013672
-0.414063 0.780273 1.833740 -0.004883 -0.005005 -0.029785
-0.704102 0.895996 1.848633 0.005737 0.025024 0.004028
-0.200928 1.033447 1.791504 -0.002319 0.010254 -0.006592
-0.937744 0.845703 2.002686 -0.007324 0.030762 -0.022461
-0.507568 0.867920 1.841797 -0.007080 0.008545 -0.036743
-0.809814 0.923584 2.017334 -0.001465 0.018066 -0.024414
-0.455566 0.817139 1.756592 -0.007080 0.007935 -0.030518
-0.297119 0.599609 1.674805 -0.002686 0.000122 -0.015381
-0.673340 0.938477 1.908691 0.010010 0.009644 0.012451
-0.507568 0.831055 1.839600 0.010498 0.009277 0.007324
-0.526367 0.864014 1.860352 -0.005737 0.007080 -0.035522
-0.639160 0.750488 1.837402 -0.004028 0.006714 -0.022705
-0.522949 0.890869 1.842041 0.001953 0.001099 -0.012573
-0.601074 1.210449 1.825684 0.031372 -0.001465 0.020996
-0.643066 0.931152 1.877441 0.001709 -0.006348 -0.030151
-0.492676 1.357666 1.984131 0.015381 -0.006714 0.007324
-0.524902 0.794434 1.830566 -0.010498 -0.001343 -0.037476
-0.569092 0.911865 1.822998 -0.009521 0.003174 -0.052490
-1.131592 0.148193 2.088867 0.027344 -0.010132 -0.003662
-0.440430 1.263916 1.859375 0.018677 -0.013428 0.011963
-0.866943 0.311768 1.794189 0.012817 -0.014893 -0.016235
-0.488037 1.021240 1.837402 0.000366 -0.002808 -0.021362
-0.547363 0.806396 1.793457 0.006836 -0.009644 -0.035278
-0.450928 1.186279 1.831055 0.021484 -0.023682 0.006226
-0.376709 1.099854 1.817139 0.005981 -0.015869 -0.019287
-0.455322 0.830566 1.893799 0.015015 -0.019165 0.010864
-0.560547 0.869141 1.821533 -0.004272 -0.003296 -0.018799
-1.112061 0.321045 1.855469 -0.004150 -0.004028 -0.030273
-0.283203 1.311523 1.816650 0.016724 -0.016357 0.021606
-0.498047 0.947510 1.809814 -0.002808 -0.007568 -0.027832
-0.595947 0.849121 1.824463 -0.005737 -0.001953 -0.019287
-0.588379 0.830322 1.846191 0.000000 -0.006470 -0.001831
-0.359131 1.194336 1.795654 0.021362 -0.030273 0.047729
-0.596436 0.842773 1.799072 0.000854 -0.004517 0.012085
-0.313232 1.072510 1.778809 0.002686 -0.017090 0.005737
-0.573486 0.910889 1.820801 -0.006836 -0.001343 -0.013306
-1.101074 0.192139 1.796387 0.004639 -0.017822 0.007202
-0.710449 0.698730 1.839111 -0.002686 -0.005737 0.012695
-0.606934 0.791504 1.796387 -0.004028 -0.006104 -0.000610
-0.489258 0.829102 1.794678 -0.002808 -0.006104 0.000977
-0.612549 0.885010 1.818115 -0.007324 0.000977 -0.021973
-0.534180 0.886475 1.821045 -0.007690 -0.002075 -0.024414
-1.010742 0.562744 1.910400 -0.005859 -0.006592 -0.027344
-0.605225 0.773193 1.843262 0.004028 -0.016968 0.000854
-0.637939 0.581543 1.816406 -0.000854 -0.009521 -0.002441
-0.288086 1.154541 1.794434 0.004883 -0.019409 0.018799
-0.563965 0.889648 1.809326 -0.008057 0.002441 -0.017334
-0.709473 0.679688 1.870117 -0.004395 -0.009766 -0.010132
-0.455566 0.898926 1.847168 -0.001709 -0.004395 -0.002197
-0.708740 0.823242 1.797119 0.000610 -0.025391 -0.008057
-0.683105 0.806885 1.804199 -0.005615 0.003418 -0.012207
-0.619141 0.861816 1.820068 -0.006958 0.000977 -0.009888
-0.560547 0.870850 1.818848 -0.004517 -0.002441 0.009521
-0.531982 0.876221 1.825928 -0.001831 -0.004150 0.018921
-0.477539 0.930176 1.823975 -0.000122 -0.004639 0.019775
-0.465332 0.919189 1.836914 -0.001587 -0.002686 0.009521
-0.241211 1.134033 1.782471 0.001831 -0.007568 0.015381
-0.576904 0.971191 1.821289 -0.004395 0.003174 0.001343
-0.507568 0.903320 1.820557 -0.005737 -0.001099 -0.005615
-0.510254 0.896240 1.830566 -0.005005 -0.001343 -0.003662
-0.470703 0.940674 1.812012 -0.003906 -0.003418 -0.002319
-0.568604 0.912598 1.823242 -0.005005 -0.001099 -0.003052
-0.541016 0.891846 1.827393 -0.005249 -0.004272 -0.004761
-0.506836 0.887451 1.810059 -0.003540 -0.006470 -0.001709
-0.498779 0.885986 1.827148 0.000000 -0.006592 0.008545
-0.451660 0.959717 1.822021 0.001831 -0.005615 0.016113
-0.476074 0.968994 1.817871 -0.001709 -0.002075 0.010742
-0.475342 0.940430 1.811768 -0.004150 -0.001099 0.006836
-0.462891 0.948242 1.829590 -0.005249 -0.000488 -0.004639
-0.486816 0.962158 1.818848 -0.004517 0.001221 -0.006714
-0.573242 0.901367 1.817627 -0.006226 0.000000 -0.015869
-0.508301 0.913574 1.827393 -0.005127 -0.004150 -0.008667
-0.491699 0.924805 1.816650 -0.005127 -0.003906 -0.007446
-0.510498 0.902588 1.824463 -0.004883 -0.003418 -0.004150
-0.512695 0.902344 1.821289 -0.003906 -0.003418 -0.002197
-0.520020 0.909180 1.832520 -0.003296 -0.004395 0.001099
-0.471191 0.921631 1.818848 -0.002930 -0.004761 0.004395
-0.512939 0.928467 1.822754 -0.003784 -0.003418 0.007324
-0.462891 0.929932 1.827148 -0.004517 -0.003662 0.006958
-0.506836 0.912842 1.826660 -0.005005 -0.001709 0.001221
-0.530762 0.921875 1.823975 -0.005005 -0.002930 -0.001587
