-0.399902 0.753418 1.938965 -0.003418 -0.000854 -0.008789
-0.433594 0.731934 1.947266 -0.004150 -0.000122 -0.006836
-0.416504 0.729248 1.938232 -0.004028 -0.001465 -0.003174
-0.370605 0.741211 1.933350 -0.003052 -0.002197 0.005249
-0.412842 0.780273 1.942139 -0.003662 0.001465 0.002686
-0.069580 0.767822 1.871094 -0.007324 -0.008667 -0.016846
-0.508057 0.746826 1.941650 -0.007446 -0.003052 -0.034058
-0.418457 0.685059 1.911865 -0.009888 -0.005371 -0.060791
-2.032715 -0.636963 1.943604 -0.005737 -0.010620 -0.054199
-0.083984 0.493408 1.775635 0.019287 -0.039673 -0.019775
-0.557373 0.275146 1.989990 -0.003418 -0.004272 -0.031860
-0.568604 0.552002 1.911865 -0.009277 -0.001709 -0.054321
-0.933350 0.023926 1.959229 0.012451 -0.015381 -0.034546
0.120361 1.317383 1.987061 0.019165 -0.024902 -0.034546
-1.323730 -0.835205 1.998047 0.020020 -0.018188 -0.035767
-0.503662 0.342285 1.841064 0.015137 -0.017944 -0.004150
-0.292480 0.571533 1.864990 0.003174 -0.009888 -0.020386
-0.254639 1.334229 1.983643 0.019775 -0.001465 0.020386
-1.136475 1.067627 2.084961 0.021729 0.017456 -0.002686
-0.502686 0.713379 1.893555 0.025024 0.008057 0.060791
-0.240723 1.226563 1.918945 0.034668 0.000977 0.095093
0.173828 0.916748 1.876709 0.030029 0.003296 0.086548
-0.362305 0.855469 1.960693 0.014404 0.001831 0.060181
-0.122803 1.251709 1.863037 -0.001099 0.022583 0.040161
-0.626953 0.921387 1.930176 -0.020386 0.030151 0.014648
-0.631836 0.857422 1.961182 -0.009888 0.022095 0.028809
-1.103760 0.344727 1.964600 -0.026855 0.021729 0.010010
-0.185059 1.054932 1.932617 -0.001099 -0.004517 0.041992
-0.307129 1.128906 1.923096 -0.019409 0.005981 0.022705
-0.297119 0.972900 1.890869 -0.011353 -0.001587 0.038086
-0.389893 1.063965 1.956543 -0.024414 0.006958 0.038574
-0.569336 0.630615 1.942139 -0.029175 0.002075 0.018555
-0.560547 0.131104 1.872803 -0.040527 -0.012451 0.000000
-0.289795 0.144287 1.735840 -0.034546 -0.014893 0.019409
0.163330 1.160400 1.876465 -0.020020 -0.018066 0.061523
-0.380127 1.004395 1.950928 -0.019165 -0.003784 0.022461
-0.291992 0.150391 1.797607 -0.043091 -0.001343 0.000000
-0.171143 0.209961 1.833008 -0.043579 0.004761 -0.017212
-0.511230 0.481934 1.993652 -0.031738 0.002441 0.011719
-0.388672 0.867920 1.949219 -0.028442 0.000366 -0.004028
-0.636475 0.442139 1.923828 -0.036011 0.007446 -0.007446
-0.324219 0.346191 1.952148 -0.034912 0.002563 0.002930
-0.208252 1.057129 1.958984 -0.023193 -0.000732 0.017700
-0.433105 0.726074 1.948975 -0.027588 0.006836 0.006836
-0.398193 0.709473 1.953369 -0.022583 0.008911 0.025024
-0.405518 0.597656 1.943848 -0.030029 0.014038 0.026123
-0.627930 0.091797 1.958496 -0.036377 0.012451 0.022095
-0.299072 0.811279 1.921387 -0.026245 0.010620 0.028076
-0.635254 0.253418 2.020996 -0.020630 0.013550 0.020142
-0.424561 0.428223 1.924805 -0.010010 0.014038 0.004883
-0.572998 0.521973 2.009277 -0.012207 0.022827 -0.017090
0.154541 0.863770 1.852539 -0.003296 0.023071 0.004150
-0.092041 0.692139 1.875000 0.001221 0.012451 0.015259
0.009766 0.801514 1.891602 0.006958 0.001221 0.015991
-0.280273 0.305664 1.876953 0.005249 0.000854 -0.010010
-0.645264 1.062500 2.092529 0.019165 0.003784 0.018066
-0.671631 1.546875 2.111328 0.023071 0.003296 0.012451
-0.274902 0.701416 1.825439 0.008911 -0.001099 -0.017212
-0.389404 0.522949 1.952637 0.003540 0.000244 -0.024414
-0.408691 0.870117 1.952637 0.014038 0.000488 -0.005493
-0.227783 0.701172 1.969727 0.011108 -0.002686 -0.013794
-0.456055 0.548584 2.000488 0.009766 0.000122 -0.019165
-0.390381 1.141113 1.966309 0.021729 -0.010498 -0.014893
-0.468994 0.422852 1.927246 -0.010132 0.001587 -0.068115
-0.487305 1.269775 1.980713 0.028564 -0.009888 -0.004272
0.043457 1.010742 1.988037 0.013794 -0.013794 -0.025269
-0.678223 0.375244 1.874512 0.005859 -0.006226 -0.036499
-0.299316 0.802734 1.929443 0.016968 -0.013672 -0.005615
-0.633545 0.637451 1.942383 0.006836 -0.008179 -0.024170
-0.645264 0.522461 1.938232 -0.003662 -0.006226 -0.046753
-0.542725 0.938232 1.924072 0.010742 -0.013184 -0.024170
-0.497559 0.561035 1.943359 -0.004150 -0.004395 -0.036011
-0.036621 0.541016 1.957520 0.006104 -0.015625 -0.016357
-0.483643 0.681396 1.929688 0.001465 -0.003784 -0.017212
-0.305908 0.493896 1.912598 0.005615 -0.016602 -0.002197
-0.457764 0.713623 1.931396 -0.004883 0.001953 -0.002441
-0.550537 0.645752 1.959473 -0.007935 -0.001587 -0.009277
-0.383301 0.783447 1.924072 -0.004028 -0.008179 -0.010254
-0.407471 0.609863 1.891846 -0.004883 -0.008545 -0.023193
-0.133301 0.771973 1.902100 0.006836 -0.020142 -0.016235
-0.197510 1.056641 1.893799 0.004517 -0.016479 -0.011353
0.434814 1.047119 1.882568 0.006592 -0.021118 -0.002563
-0.786865 0.551025 1.907471 -0.002808 -0.001953 -0.013672
-0.393555 0.750732 1.920166 -0.004150 -0.004639 -0.018921
-0.731201 0.543457 1.974854 -0.007568 -0.005005 -0.024902
-0.464844 0.660156 1.919678 -0.006348 -0.002197 -0.012085
-0.515137 0.681885 1.943359 -0.002808 -0.003418 0.001099
-0.227051 0.922119 1.924072 0.005127 -0.015381 0.007446
-0.420410 0.738281 1.928711 -0.005615 0.000122 -0.006958
-0.440430 0.738281 1.932617 -0.005249 0.000610 -0.006470
-0.444092 0.774902 1.930420 -0.004883 -0.001831 -0.005249
-0.422119 0.732910 1.926270 -0.005249 -0.004028 -0.008911
-0.397949 0.689209 1.943115 -0.004517 -0.003784 -0.007935
-0.448486 0.740234 1.943848 -0.002563 -0.003540 0.001709
-0.395264 0.762695 1.930420 -0.001587 -0.008057 0.002197
-0.361572 0.762207 1.918213 -0.001587 -0.005371 0.006104
-0.443848 0.737305 1.937988 -0.004761 0.000122 0.005249
-0.442627 0.705566 1.935059 -0.003662 -0.001953 0.007446
-0.414551 0.736572 1.939941 -0.000854 -0.003174 0.018066
-0.406494 0.771240 1.934570 -0.000244 -0.003418 0.021362
-0.396484 0.764160 1.932861 -0.002319 -0.002808 0.015503
-0.393799 0.736572 1.927246 -0.002930 -0.002563 0.014648
-0.429932 0.773438 1.929199 -0.001221 -0.002319 0.019775
-0.378662 0.803467 1.927490 -0.002441 -0.003906 0.011963
-0.367676 0.767822 1.932129 -0.005249 -0.002686 -0.002075
-0.386719 0.739258 1.931641 -0.006104 -0.000122 -0.004150
-0.494141 0.702881 1.930664 -0.004761 -0.001221 -0.002563
-0.395020 0.748779 1.934814 -0.000854 -0.006836 0.011353
-0.330078 0.786377 1.931396 -0.002075 -0.005371 0.006836
-0.404297 0.745117 1.942383 -0.004639 -0.001709 -0.008667
-0.459229 0.707031 1.942871 -0.002563 -0.003540 -0.006348
-0.402344 0.753418 1.934570 0.000000 -0.007446 0.006470
-0.349854 0.779297 1.933105 -0.000854 -0.007080 0.007446
-0.360840 0.757568 1.932129 -0.002075 -0.003784 0.008423
-0.370605 0.774414 1.930664 -0.003174 -0.001709 0.009277
-0.399170 0.735840 1.940430 -0.003662 -0.001343 0.002075
-0.418457 0.755859 1.929932 -0.002319 -0.002686 0.000366
-0.395996 0.761963 1.928955 -0.001953 -0.005127 0.002075
-0.369385 0.770996 1.941406 -0.001709 -0.005859 0.005371
-0.342529 0.783203 1.936035 -0.002319 -0.003906 0.003540
-0.381348 0.778076 1.926514 -0.003418 -0.001221 0.000244
-0.390137 0.773438 1.935303 -0.004272 -0.001953 -0.004150
-0.407471 0.772461 1.942627 -0.005493 -0.003052 -0.008667
-0.414551 0.718750 1.942139 -0.005249 -0.004395 -0.010132
-0.379639 0.731445 1.932373 -0.002197 -0.006226 -0.007935
-0.356689 0.777100 1.930176 -0.000732 -0.005493 -0.007446
-0.358154 0.774902 1.937500 -0.002441 -0.003052 -0.012451
-0.389404 0.753418 1.936035 -0.004150 -0.001465 -0.013428
-0.418213 0.732422 1.935303 -0.002930 -0.001953 -0.009155
-0.389160 0.756592 1.932861 -0.000366 -0.003784 0.004883
-0.351074 0.769775 1.928467 0.000854 -0.004028 0.002808
-0.324463 0.807129 1.932129 -0.001099 -0.001099 -0.007202
-0.385254 0.786133 1.933105 -0.004761 0.002563 -0.011841
-0.429199 0.744873 1.935059 -0.006104 0.002441 -0.004028
-0.413574 0.731689 1.935059 -0.003906 0.000000 0.001953
-0.355957 0.786133 1.926514 -0.002197 -0.001221 0.002563
-0.368408 0.736328 1.932129 -0.002319 0.000610 0.000732
-0.396729 0.767578 1.937012 -0.001099 0.001221 -0.003052
-0.422119 0.770752 1.927246 -0.001953 0.000610 -0.005737
-0.387695 0.780518 1.927002 -0.003906 -0.000732 -0.002441
-0.364502 0.785400 1.931396 -0.005371 0.000610 -0.001831
-0.390869 0.757080 1.930420 -0.007568 0.002808 -0.006226
-0.429199 0.729736 1.929932 -0.007080 0.002808 -0.004761
-0.464600 0.722900 1.929688 -0.004517 -0.000122 -0.001099
-0.405029 0.778076 1.925293 -0.002197 -0.003662 0.006470
-0.333740 0.798828 1.914795 -0.004028 -0.002930 0.001709
-0.393066 0.757568 1.927490 -0.006226 0.001587 -0.001953
-0.443848 0.719727 1.924072 -0.005737 0.001343 -0.003174
-0.440430 0.695313 1.932617 -0.003052 -0.001221 -0.004639
-0.430176 0.718506 1.932861 0.000488 -0.003418 -0.003052
