-0.195313 1.068359 1.801514 -0.005859 -0.001953 -0.014526
-0.163818 1.084961 1.795410 -0.002686 -0.003418 0.006226
-0.147949 1.100342 1.789307 -0.002075 -0.002808 0.013062
-0.180420 1.115479 1.788574 -0.003052 -0.001343 0.009155
-0.252930 1.132813 1.792236 -0.005005 -0.003784 -0.002930
-0.239746 1.063965 1.795654 -0.006226 -0.009521 -0.003540
-0.071045 1.066650 1.788574 -0.003296 -0.011475 0.011475
-0.002686 1.088623 1.794434 -0.001221 -0.001587 0.008911
-0.126221 1.141113 1.783691 -0.001831 0.008667 -0.001953
-0.302490 1.140625 1.797119 -0.004761 0.007690 -0.010620
-0.222900 1.084473 1.796143 -0.006348 -0.001831 -0.007324
-0.056152 1.053955 1.795898 -0.004639 -0.002319 -0.001587
-0.081299 1.091553 1.846680 -0.002197 0.004639 -0.002075
0.097168 1.218262 1.898438 -0.007324 -0.003662 -0.013916
-0.097168 0.892334 1.710693 -0.007446 0.018799 -0.030762
-1.716064 1.277344 1.889404 -0.011108 0.000488 -0.019287
0.624756 1.166016 1.577148 -0.016235 -0.042847 -0.011230
0.356689 1.165527 1.785156 -0.010620 -0.011719 -0.014404
0.916504 1.041504 1.719727 -0.011475 -0.032837 -0.005981
0.673096 1.240479 1.879150 -0.012573 -0.026489 -0.029297
-0.107910 0.721436 1.823975 -0.008179 -0.029663 -0.028564
-1.049561 0.902588 1.849365 -0.005371 -0.005249 -0.042358
-0.367432 0.390137 1.538574 -0.003906 -0.031372 -0.028564
-1.122314 0.853516 1.829102 -0.007568 -0.000244 -0.043823
-0.183105 0.971191 1.828613 -0.006958 -0.013794 -0.026123
0.032959 1.218018 1.847168 0.021484 -0.051880 0.018555
0.569824 1.574463 1.862549 0.012207 -0.025391 -0.010742
-0.876221 0.439453 1.655029 -0.005615 -0.006104 -0.035645
0.608398 1.504883 1.882813 0.021118 -0.046509 0.020142
-0.648193 0.679199 1.749023 -0.000610 -0.012573 -0.046509
-0.039795 1.208984 1.780762 0.004150 -0.017090 -0.037231
0.482422 1.793945 1.921143 0.028687 -0.038574 0.016968
-0.215820 1.235840 1.811035 0.003418 -0.016602 -0.008301
0.304932 1.949219 2.016357 0.047974 -0.036499 0.083984
-0.287354 0.581055 1.555176 0.005493 -0.017212 0.012817
-0.016846 1.500000 2.058350 0.031372 -0.023438 0.073486
-0.070557 0.436768 1.567871 0.010376 -0.015137 0.023682
0.299805 1.239502 1.759521 0.016724 -0.017090 0.052734
-0.862305 1.538574 2.025146 0.036621 0.013428 0.078247
-1.029297 1.466064 2.062012 0.022705 0.009521 0.071777
0.750488 0.629150 1.374512 0.004517 -0.006348 0.042236
-1.210693 1.536133 1.997559 0.013428 0.027832 0.053589
0.347656 0.788818 1.633545 0.001831 -0.005859 0.029297
0.292480 1.080566 1.794678 0.005981 -0.002319 0.049927
-0.387451 1.318604 1.824463 0.008179 0.016968 0.038818
-0.961670 1.069824 1.842041 -0.001587 0.024414 0.022827
0.183105 1.193115 1.759277 0.002563 -0.010864 0.064819
0.609619 1.461914 1.771729 0.000244 0.017456 0.032715
0.253418 1.247314 1.790283 -0.006348 0.009521 0.010376
-0.364258 0.804932 1.634277 -0.028198 0.035156 -0.054077
0.296387 1.441650 1.796143 -0.005737 0.007080 0.025513
0.123779 1.331299 1.894287 -0.016602 0.020264 -0.023682
-0.017822 1.107178 1.739502 -0.012207 0.008057 -0.010132
0.029785 1.275635 1.799561 -0.005005 0.003174 0.020508
-0.419434 0.881104 1.740967 -0.025757 0.018555 -0.020996
-0.097900 1.136230 1.707275 -0.018799 0.012939 0.003906
-0.113281 1.055420 1.718750 -0.026855 0.011719 -0.015137
-0.028076 1.127441 1.792969 -0.024902 0.017212 -0.018066
-0.104004 0.908447 1.557617 -0.042725 0.019897 -0.046875
-0.137207 1.096436 1.741943 -0.011475 0.007568 0.013916
-0.092041 1.151123 1.786621 -0.006470 0.001221 0.021729
-0.035156 1.126953 1.789551 -0.012939 0.004028 0.012329
-0.065186 1.115479 1.786133 -0.018311 0.005859 -0.001953
0.209961 1.200684 1.850098 -0.034668 0.016235 -0.025757
-0.166992 0.921387 1.792480 -0.026123 0.016968 -0.020386
-0.287842 0.751221 1.733643 -0.033813 0.015869 -0.043213
-0.543457 0.362793 1.680420 -0.034790 0.012817 -0.045532
-0.067383 1.131348 1.812988 -0.001831 -0.006592 0.035889
0.122559 1.310791 1.935059 -0.008057 -0.000854 0.014893
-0.310547 0.809814 1.604492 -0.052612 0.038208 -0.081177
-0.090576 1.184570 1.808594 -0.000732 0.002197 0.042847
0.701172 2.269043 2.018799 -0.012451 0.008545 0.016968
-0.355957 0.817627 1.768311 -0.023804 0.018799 -0.013062
0.095459 1.179443 1.878418 -0.017822 0.012451 -0.003052
0.138428 1.482910 1.861328 -0.028931 0.022705 -0.026123
-0.048584 1.394775 1.978760 -0.022583 0.020020 -0.022705
-0.659912 0.463867 1.767090 -0.040771 0.034058 -0.070557
-0.367188 0.528809 1.817627 -0.030151 0.024414 -0.035645
-0.346436 1.032227 1.863037 -0.022461 0.023926 -0.016357
-0.549072 0.763672 1.775879 -0.016968 0.013794 -0.004028
0.056396 1.301514 1.869873 -0.007568 0.004761 0.016846
0.327881 1.296631 1.787598 -0.021729 0.014282 -0.017212
-0.588135 0.542480 1.845947 -0.028687 0.025757 -0.020386
-0.167969 1.263428 1.860840 -0.010132 0.008545 0.018311
-0.278564 0.964844 1.828369 -0.022705 0.020752 -0.012085
-0.461670 0.687988 1.828369 -0.019531 0.011475 -0.000977
0.325928 1.283691 1.854980 -0.005615 -0.000854 0.030151
-0.207031 1.077881 1.830078 -0.012329 0.017822 0.001831
0.351563 1.073975 1.765137 -0.005005 0.002686 0.028076
0.052490 1.143311 1.860596 -0.007202 0.011230 0.008179
-1.582275 1.052734 2.052979 -0.013306 0.043335 -0.007324
-0.110107 0.817871 1.839600 -0.010010 0.008301 0.001343
-0.692871 0.858398 1.888672 -0.003662 0.015991 -0.002441
-0.626221 1.111816 1.924072 0.000854 0.009888 0.003052
-0.331299 0.938232 1.902588 0.003174 0.007080 0.000488
0.292969 0.301025 1.273926 0.004395 0.002686 0.005249
-0.304443 1.397217 1.983154 0.016357 0.005005 0.027588
0.107422 0.688721 1.595947 0.013184 0.005615 0.021240
0.142090 0.983887 1.859375 -0.003662 -0.005127 0.003296
-0.510010 1.564209 2.013428 0.024048 0.007080 0.030762
-0.464600 1.232178 1.980469 0.016968 0.005371 0.029907
-0.145508 0.821777 1.558105 0.016479 0.002319 0.012451
-0.033691 0.808838 1.742676 -0.003418 -0.008545 -0.026245
-0.107666 1.289795 1.873047 0.028687 -0.003418 0.012451
-0.193604 0.751953 1.780518 0.001465 -0.005249 -0.033325
-0.217285 1.143799 1.758057 0.013672 -0.009644 0.001831
-0.148926 1.303711 1.876709 0.015381 -0.011963 0.011963
-0.145020 1.287109 1.836426 0.004272 -0.004028 -0.009766
-0.502686 0.760986 1.799316 0.000244 -0.000488 -0.027588
-0.575195 0.691406 1.755615 0.011963 -0.016113 -0.002563
-0.388428 0.907227 1.845215 0.009277 -0.017944 -0.005371
-0.998779 0.644043 1.777100 0.009155 -0.013794 -0.018188
-0.642334 0.808594 1.766846 0.014282 -0.029053 -0.010132
-0.360107 0.983887 1.797607 0.003296 -0.009277 -0.025146
0.199951 1.344971 1.797852 0.020386 -0.034546 0.028809
-0.047607 1.287354 1.796875 0.001709 -0.007446 -0.009155
-0.519531 0.880371 1.854004 0.001709 -0.012573 -0.017212
-0.121826 1.040771 1.814697 0.009766 -0.020386 -0.011475
-0.007568 1.124268 1.798828 0.006348 -0.026611 -0.024292
-0.114258 1.177979 1.720947 0.015991 -0.036865 0.017944
-0.276611 1.042236 1.799561 -0.002441 -0.000610 -0.009644
-0.217773 1.059814 1.796875 -0.005249 0.001099 -0.004761
-0.250488 1.094482 1.799316 -0.004150 -0.000732 -0.003052
-0.187500 1.146729 1.804932 -0.002197 -0.005493 -0.005005
0.275879 1.506592 1.899658 0.010864 -0.054077 0.014526
-0.411133 1.347656 1.804688 0.000122 -0.010986 -0.014771
0.612061 1.185791 1.715332 -0.004883 -0.033081 0.009033
-0.285889 1.247314 1.796387 -0.005615 0.003052 0.004517
-0.145508 1.115234 1.790771 -0.008179 -0.000854 -0.007690
-0.205322 1.070557 1.802246 -0.006958 -0.000732 -0.017822
-0.251709 1.141357 1.852783 -0.002197 -0.005859 -0.010010
-1.002930 1.307617 1.843750 -0.000244 -0.034668 0.003662
-0.547607 0.970215 1.827637 -0.009888 -0.016479 -0.011353
-0.501221 0.986328 1.829102 -0.006470 -0.004883 0.001709
0.568359 1.400635 1.761230 0.002808 -0.031860 0.025635
-0.284912 1.077393 1.797852 -0.003906 -0.002075 -0.001099
-0.078857 1.126953 1.789795 -0.002930 -0.008301 0.011597
-0.125732 1.093994 1.813965 -0.003784 -0.004150 -0.000610
-0.158447 0.995361 1.774170 -0.005981 -0.026855 -0.000122
-0.134766 1.175049 1.815918 -0.003906 -0.020264 -0.013306
-0.491455 0.959717 1.828613 -0.013184 -0.017090 -0.019897
-0.179688 1.111816 1.759766 -0.004883 -0.009033 0.010498
-0.122314 1.092285 1.797852 -0.004761 -0.004761 0.013794
-0.140869 1.086914 1.799316 -0.004150 -0.003662 0.002319
-0.162598 1.080322 1.801270 -0.002441 -0.005371 0.002686
-0.182129 1.128662 1.812256 -0.001221 -0.007813 0.013184
-0.151367 1.110596 1.803223 -0.002808 -0.011230 0.012817
-0.099365 1.139893 1.795654 -0.004395 -0.012451 0.006714
-0.092041 1.121094 1.791992 -0.007568 -0.011108 -0.006592
-0.049316 1.122314 1.798340 -0.009521 -0.008179 -0.011230
