-0.410889 0.848389 1.869385 -0.004150 -0.003540 -0.004272
-0.415039 0.864014 1.876465 -0.004639 -0.000366 -0.003052
-0.487793 0.850342 1.876953 -0.005127 0.000854 -0.004517
-0.513184 0.815674 1.885010 -0.004517 -0.002319 -0.002930
-0.439697 0.843994 1.878418 -0.002563 -0.005615 0.005005
-0.403564 0.875244 1.872314 -0.003052 -0.004028 0.007080
-0.414307 0.863525 1.873779 -0.004150 -0.001099 0.004395
-0.457764 0.849365 1.877197 -0.005127 0.000366 0.001709
-0.480225 0.848877 1.879883 -0.004761 -0.000488 0.000732
-0.490967 0.824463 1.884277 -0.003906 -0.003540 0.001465
-0.397217 0.868896 1.870117 -0.003662 -0.005005 -0.002075
-0.417480 0.859375 1.872559 -0.005981 -0.003540 -0.014282
-0.382080 0.890137 1.872803 -0.004028 -0.007080 -0.015503
-0.548340 0.801025 1.883789 -0.006470 -0.000610 -0.017456
-0.216797 1.078613 1.897705 0.002686 -0.017578 -0.007080
-0.440674 0.942383 1.875488 0.003662 -0.005615 -0.004272
-0.653564 0.737061 1.920898 -0.005859 -0.001831 -0.013794
-0.482666 0.579346 1.853271 0.001465 -0.012695 -0.007568
-0.855225 0.340088 1.933838 -0.000854 -0.010132 -0.016479
-0.544678 0.785645 1.864502 -0.002197 -0.007935 -0.025757
-0.965576 0.466064 1.892578 0.001465 -0.011108 -0.011719
-0.533936 0.664063 1.871094 -0.002686 -0.008545 -0.010010
-0.453369 1.037109 1.873779 -0.000244 -0.007324 -0.003296
-0.568604 0.732422 1.880371 -0.006836 -0.002808 -0.015747
-0.526367 0.887451 1.857910 0.014771 -0.020142 0.016846
0.055908 1.164551 1.893555 0.025269 -0.031372 0.028931
0.039063 1.129883 1.858643 0.004028 -0.012573 -0.001221
-0.586182 0.775146 1.835205 -0.000977 -0.003784 -0.005005
-0.123291 1.246338 1.880615 0.008301 -0.016357 0.003052
-0.452637 0.871338 1.873291 -0.007690 -0.002930 -0.024170
-0.466309 0.837402 1.867920 -0.005371 -0.004517 -0.027710
-0.547119 0.687500 1.840820 0.010010 -0.008911 -0.023926
-0.373047 1.317627 1.960693 0.036865 -0.016357 0.035645
-0.322998 0.806396 1.857178 0.000732 -0.012207 -0.002563
-0.141846 2.190430 2.073242 0.049805 -0.011353 0.091553
-0.450439 0.503418 1.843018 0.008667 -0.005737 -0.005615
-0.441406 0.993652 1.916748 0.011475 -0.004517 0.015625
-0.324463 0.927490 1.868164 0.003662 -0.004150 0.013428
-0.217041 0.803711 1.756592 0.003784 0.002930 0.011963
-0.406494 0.754395 1.796387 0.005737 0.008301 0.016235
-0.362793 0.935791 1.822998 0.013184 0.002808 0.038574
-0.327637 0.745361 1.754150 0.009033 0.004761 0.044922
-0.072021 1.095459 1.883789 0.001465 0.007813 0.036865
-0.010010 1.093018 1.858887 0.005981 -0.009399 0.038330
-0.179932 1.091553 1.846191 0.002686 -0.000610 0.043457
-0.281494 1.265625 1.794922 -0.023682 0.032104 -0.018799
-0.584717 0.770508 1.837891 -0.014038 0.008667 0.010864
-0.376465 0.955322 1.853271 -0.007935 0.002197 0.014648
-0.341797 0.482666 1.762695 -0.039917 0.028076 -0.052979
-0.326660 0.941895 1.868164 -0.015015 0.001831 0.000366
-0.073486 1.286621 1.844238 -0.019775 0.000854 0.000366
-0.930908 0.119141 1.753174 -0.034546 0.017700 -0.024414
-0.441650 1.545166 2.051758 -0.009766 -0.000366 0.016113
-0.437500 0.848389 1.850830 -0.018677 0.007202 -0.004639
-0.431396 0.935547 1.872559 -0.014648 0.001221 0.010010
-0.385986 1.013672 1.940186 -0.028320 0.003418 -0.010864
-0.339600 1.563721 1.925781 -0.018677 0.002808 0.008911
-0.409668 0.759033 1.806152 -0.016235 0.002563 0.008545
-0.518799 1.022217 2.011475 -0.025269 0.001465 -0.006836
-0.617676 0.501953 1.807129 -0.032959 0.011230 -0.013062
-0.311035 1.332275 1.878174 -0.017334 0.005005 0.021729
-0.461914 0.766846 1.850098 -0.015259 0.002808 -0.002319
-0.414795 1.056641 1.919922 -0.012451 0.003174 0.001953
-0.716309 -0.054443 1.772461 -0.047485 0.010376 -0.051514
-0.262695 1.030273 1.878174 -0.049927 0.010986 -0.051147
-0.130859 1.371826 1.925537 -0.024292 0.012573 -0.005981
-0.375244 1.820313 1.955566 -0.040405 0.014893 -0.025024
-0.398438 1.157471 1.919434 -0.004761 -0.002563 0.025269
-0.419189 0.813965 1.879639 -0.009766 -0.001099 0.004150
-0.424316 0.828125 1.901611 -0.005981 0.000488 0.004395
-0.299316 1.110352 1.930664 -0.011597 0.005005 0.001465
-0.587158 0.373535 1.844238 -0.032715 0.018433 -0.021851
-0.624512 0.666016 1.894287 -0.015869 0.010010 0.013916
-0.411621 0.832031 1.902832 -0.009766 0.002686 0.020386
-0.074951 1.326172 1.832031 -0.013550 0.003296 0.007080
-0.378418 0.797119 1.897461 -0.008057 0.002808 0.009888
-0.490723 0.811523 1.895508 -0.008789 0.005737 0.005493
-0.346191 0.927002 1.889404 -0.007690 0.003906 0.009399
-0.454346 0.951904 1.880615 -0.010742 0.006104 0.014160
-0.602295 1.021240 1.930664 -0.017700 0.009521 0.001221
-1.155273 0.377197 1.997803 -0.013916 0.017944 0.001221
-0.390381 0.792725 1.901367 -0.002563 0.000000 0.015503
-1.019043 0.650635 2.028320 -0.006958 0.016846 0.012085
-0.005127 0.919189 1.790039 -0.002563 0.001831 0.013672
-0.517334 0.695313 1.937988 -0.009766 0.015869 0.005737
-0.832764 0.635986 1.985596 -0.007324 0.011475 0.006836
-0.088135 0.557617 1.716553 0.002441 -0.003540 0.015381
-0.444336 0.893799 1.902344 0.010254 0.012817 0.021973
-0.302979 0.769287 1.875244 -0.002319 -0.000610 -0.008057
-0.359131 0.799072 1.884277 -0.003174 -0.000610 -0.016479
-0.495361 0.894531 1.869873 0.000854 0.008667 -0.015503
-0.452881 0.713867 1.880371 -0.001709 0.002319 -0.018799
-0.769043 1.168945 2.156250 0.031372 0.002319 0.029785
-0.394775 0.409424 1.718506 -0.002197 -0.005249 -0.025146
-0.505371 0.716064 1.825684 0.008789 -0.003418 -0.007324
-0.579346 0.704834 1.841797 0.016968 -0.004639 0.010132
-0.479980 0.821045 1.896484 0.016602 -0.006348 0.009033
-0.582275 0.539063 1.853027 0.006592 -0.007935 -0.012207
-0.476074 0.824219 1.877441 0.001099 -0.004883 -0.023193
-0.468506 1.050049 1.896973 0.010864 -0.007690 -0.012573
-0.381836 1.169922 1.926025 0.012451 -0.009155 -0.010376
-0.713867 0.231934 1.812500 0.011353 -0.013550 -0.015625
-0.282959 1.393066 1.904297 0.010376 -0.011108 -0.010620
-0.783203 0.432617 1.860596 -0.005249 -0.000244 -0.034180
-0.468262 0.915771 1.876465 0.004028 -0.008179 -0.015137
-0.591797 0.655518 1.869629 -0.001465 -0.006714 -0.017334
-0.427490 0.778809 1.878174 0.012085 -0.014282 0.013428
-0.339355 0.990479 1.880615 0.011719 -0.015503 0.012817
-0.501465 0.701172 1.882324 -0.002075 -0.005371 -0.013184
-0.704346 0.493408 1.862793 -0.003052 -0.003418 -0.019165
0.092529 1.187988 1.882568 0.015137 -0.025513 0.004272
-0.668457 0.645264 1.891846 -0.011963 0.003662 -0.031250
-0.584229 0.748291 1.867432 -0.005371 -0.001953 -0.010254
-0.507568 0.834473 1.869385 -0.003418 -0.004150 -0.006348
-0.471191 0.846680 1.868408 -0.004028 -0.003784 -0.010254
-1.104248 0.135254 1.899902 0.000488 -0.006592 -0.008789
-0.437744 1.057617 1.831787 0.010498 -0.018188 0.000488
-0.366211 1.024902 1.865234 0.003784 -0.006104 -0.009033
-0.667480 0.790771 1.866455 -0.007202 0.001953 -0.011719
-0.555908 0.787842 1.870850 -0.004150 -0.004028 -0.003052
-0.465576 0.826660 1.870850 -0.003174 -0.004639 -0.001831
-0.543457 0.758301 1.898438 -0.002930 -0.004150 -0.005249
-0.446289 0.885010 1.866211 0.001099 -0.009766 -0.001831
-0.582275 0.770020 1.920898 0.000244 -0.009521 0.000732
-0.273193 1.029053 1.830566 0.000000 -0.012695 0.000366
-0.709961 0.776367 1.912109 -0.008667 0.004639 -0.010010
-0.564697 0.784424 1.866943 -0.005005 -0.007813 -0.006348
-0.516602 0.802734 1.864258 -0.003052 -0.005737 -0.004395
-0.515381 0.815430 1.872314 -0.002686 -0.004272 -0.003052
-0.441162 0.790283 1.882080 -0.000732 -0.009399 0.002075
-0.442139 0.861084 1.887695 -0.002686 -0.003662 -0.002686
-0.562012 0.767822 1.889648 -0.005737 -0.000854 -0.009521
-0.324219 1.234131 1.848145 0.006958 -0.018188 0.001587
-0.625977 0.769775 1.893799 -0.006836 0.001709 -0.015747
-0.427490 0.758545 1.854492 0.000732 -0.012207 0.005249
-0.509033 0.823975 1.874512 -0.003784 -0.000244 0.004639
-0.547119 0.800781 1.876221 -0.004639 -0.000732 0.000610
-0.507813 0.820557 1.882080 -0.003784 -0.003540 -0.002563
-0.461426 0.819092 1.874268 -0.003906 -0.004028 -0.001343
-0.465088 0.817383 1.872803 -0.004517 -0.001709 0.000122
-0.511230 0.834717 1.872803 -0.004639 -0.000732 0.002686
-0.516113 0.794922 1.880127 -0.004272 -0.001709 -0.000366
-0.488281 0.806885 1.877930 -0.002441 -0.002930 0.002930
-0.467285 0.834473 1.879150 -0.002441 -0.002197 0.005127
-0.480713 0.857178 1.869629 -0.003784 -0.001221 0.003540
-0.526855 0.799316 1.879883 -0.004272 -0.002075 0.001099
-0.508057 0.806641 1.882568 -0.002441 -0.004028 0.003174
-0.484619 0.816406 1.876953 -0.001465 -0.005005 0.007080
-0.472412 0.822998 1.876709 -0.000977 -0.004272 0.012085
-0.449219 0.838135 1.874756 -0.001831 -0.002441 0.016479
