-0.642090 0.817383 1.889893 -0.006958 0.005005 -0.009033
-0.632324 0.748291 1.889404 -0.002930 -0.011719 0.002319
-0.405029 0.814209 1.886963 0.003540 -0.023438 0.017700
-0.253418 0.910400 1.888672 0.004639 -0.020752 0.017334
-0.251221 0.922607 1.876953 0.000244 -0.008667 0.007202
-0.391113 0.894531 1.880615 -0.004883 0.000366 -0.007324
-0.495361 0.846680 1.886719 -0.007202 -0.000732 -0.015015
-0.458252 0.824463 1.893311 -0.006226 -0.007080 -0.016724
-0.411377 0.844727 1.890381 -0.004028 -0.010864 -0.014526
-0.369141 0.871338 1.875732 -0.003418 -0.011230 -0.013794
-0.377197 0.871094 1.890137 -0.003784 -0.008545 -0.013184
-0.399170 0.816895 1.893555 -0.005249 -0.009033 -0.014893
-0.601807 0.684326 1.922607 -0.002075 -0.011597 -0.003296
-0.138916 1.452881 1.901855 0.012329 -0.033447 0.018066
0.199463 0.786377 1.855957 -0.001587 -0.020752 -0.013184
-0.418457 1.071045 1.942871 0.003174 -0.020996 -0.012207
-0.134521 1.474854 1.929199 0.018311 -0.034058 0.005981
-0.555664 0.934814 1.895508 0.016479 -0.037354 -0.007080
-0.279785 1.008301 1.958252 0.000610 -0.021973 -0.037476
0.136963 1.420166 1.906982 0.003906 -0.022583 -0.029053
-0.472168 0.618164 1.940674 0.001099 -0.016357 -0.038574
-0.562500 0.663330 1.854980 0.025391 -0.038696 -0.003052
-0.699951 0.635010 1.862061 0.009644 -0.030273 -0.024170
-0.237061 1.311523 1.921143 0.020386 -0.035767 0.008057
-0.461670 1.132080 1.882568 0.015381 -0.031616 -0.002563
-0.542236 0.726074 1.840576 0.022339 -0.026978 0.013062
-0.290771 0.903076 2.068115 0.021973 -0.026611 0.006226
-0.421875 0.517334 1.877930 -0.010498 -0.016235 -0.044189
-0.281006 1.710693 2.153076 0.063721 -0.032959 0.096436
-0.208008 0.512451 1.800293 0.002441 -0.020386 -0.000122
-0.100098 0.693604 1.642822 0.024536 -0.011597 0.038818
-0.182617 0.692871 1.905029 0.012207 -0.008911 0.023804
-0.538574 1.425293 2.025879 0.035278 0.004639 0.055298
-0.168213 0.933105 1.902832 0.006958 -0.010742 0.024780
0.237061 0.479004 1.640625 0.008057 -0.001953 0.024780
-0.434570 0.975830 1.965576 0.015381 0.012207 0.074951
-0.642822 1.070801 1.943604 -0.000244 0.015015 0.054565
-0.744141 0.945313 1.939941 0.008545 0.016724 0.054443
-0.055176 1.027344 1.849365 0.001099 0.002563 0.034180
-0.174316 1.008057 1.848145 -0.001831 0.007202 0.021484
-0.095947 0.963867 1.840576 -0.009399 0.020264 0.011353
-0.143066 1.034668 1.838867 -0.021362 0.022583 0.010254
-0.508301 0.994629 1.881104 -0.036133 0.042969 -0.018799
-0.513428 0.971191 1.864502 -0.019409 0.021729 0.003784
-0.155029 0.901611 1.863525 -0.008423 0.000977 0.009399
-0.374268 0.696289 1.856201 -0.015015 0.009521 -0.005005
0.173340 1.901367 2.027588 -0.010132 0.007324 0.028320
-0.253418 0.777344 1.844971 -0.035156 0.024414 -0.004639
-0.202881 1.039307 1.824707 -0.020630 0.009766 0.021362
-0.062012 1.395508 1.875244 -0.025024 0.011230 -0.004883
-0.287598 0.996094 1.915527 -0.004395 -0.000244 0.020874
0.020752 1.951172 2.031250 -0.015869 0.002197 0.015015
-0.347412 0.574219 1.846924 -0.030273 0.013062 -0.001465
-0.394043 0.434570 1.784912 -0.042358 0.017700 -0.008789
-0.239746 0.989746 1.944092 -0.023315 0.005859 0.004883
-0.356934 0.931152 1.866211 -0.013794 0.002075 0.004272
-0.127930 1.177979 1.912842 -0.005493 -0.003906 0.026733
-0.224121 1.109131 2.030029 -0.003784 -0.000854 0.017578
-0.276855 0.867920 1.895508 -0.048950 0.018188 -0.062500
-0.427490 0.662598 1.877930 -0.023438 0.006592 -0.007202
-0.142090 1.428467 1.872070 -0.020264 0.002441 -0.001465
-0.299072 1.191406 2.044922 -0.022583 0.002563 -0.006470
-0.072510 1.596436 1.789307 -0.019897 0.002563 0.001465
-0.316406 0.831543 1.926025 -0.009155 -0.001587 0.019287
-0.288818 0.890625 1.918945 -0.010254 0.001099 0.020142
-0.520508 0.315918 1.822998 -0.043457 0.013306 -0.038086
-0.325684 0.886963 1.950439 -0.010376 0.000366 0.015869
-0.259766 1.420166 2.012451 -0.024536 0.004639 -0.015991
-0.340088 0.722900 1.892578 -0.005737 -0.005005 0.017944
-0.162354 1.123047 2.002441 -0.000854 -0.005127 0.027588
-0.292725 0.830566 1.811523 -0.033936 0.009521 -0.025269
-0.145264 0.979980 1.909668 -0.014404 -0.000854 0.014648
-0.511230 0.476074 1.916504 -0.020142 0.006592 0.005615
-0.753174 0.197510 1.912842 -0.030273 0.016235 -0.011353
-0.417480 0.466553 1.923340 -0.026123 0.014038 -0.010620
-1.182861 -0.290527 1.884766 -0.056641 0.031860 -0.061768
-0.292236 0.964844 1.944092 -0.007202 0.002930 0.024536
-0.804199 -0.043213 1.930908 -0.029663 0.020386 -0.016235
-0.295898 0.803955 1.925293 0.000244 -0.004883 0.016479
-0.258789 0.860596 1.945801 -0.001221 0.002075 0.015625
-1.581543 -0.643311 2.004395 -0.050903 0.047485 -0.052246
-0.071045 0.869141 1.928467 -0.000732 -0.008057 0.020142
-1.473633 -0.036377 2.026367 -0.041504 0.048218 -0.042969
-0.199463 0.674072 1.946289 -0.000122 -0.009766 0.008179
-0.193115 1.199951 1.886963 -0.003906 0.013428 -0.006104
-0.982422 0.557861 2.077148 -0.010620 0.022583 0.000488
0.254883 0.947510 1.859131 0.001709 -0.004883 0.013794
-0.150879 1.041016 1.922607 -0.004028 0.018799 -0.008545
-0.533691 0.555664 2.002930 -0.010376 0.004517 -0.006714
0.086914 1.013184 1.852783 -0.000488 -0.001343 -0.007202
0.043213 0.168945 1.528076 -0.008423 0.017212 -0.024292
-1.180176 1.388184 2.251709 0.021240 0.032593 0.019897
-0.345215 1.106689 1.994385 0.004272 0.002686 -0.008789
-0.063721 0.558105 1.684570 -0.001221 0.004761 -0.024780
-0.339844 0.954102 1.986328 0.016968 0.012939 0.004150
-0.681152 0.823242 1.865723 0.027344 0.007324 0.003418
-0.173096 0.530029 1.863037 0.003174 -0.012085 -0.010986
-0.201904 0.753174 1.871338 0.005127 0.000366 -0.005005
-0.427979 0.816162 1.926270 -0.004517 0.003906 -0.021973
-0.497314 0.359131 1.750977 -0.004517 0.002686 -0.024658
-0.153320 1.719727 2.005859 0.035156 -0.011475 0.043579
-0.860596 0.423096 1.960449 0.025879 -0.008057 0.014160
-0.355469 0.707764 1.907227 0.000366 -0.004517 -0.012817
-0.227295 1.785400 2.038818 0.033936 -0.012695 0.023071
-0.353516 0.926514 1.845459 0.012207 -0.011719 -0.013916
-0.645020 0.433838 1.830078 0.004639 -0.007080 -0.028687
-0.187988 1.525879 1.917480 0.036621 -0.017090 0.029175
-0.250488 0.991455 1.970215 0.019165 -0.018799 -0.001953
-0.497314 0.842041 1.899658 -0.004150 -0.001587 -0.030151
-0.543213 0.879883 1.905518 0.009521 -0.013794 -0.005493
-0.048828 1.084717 1.945801 0.030273 -0.030151 0.026611
-0.180664 0.951416 1.950928 0.017700 -0.019287 0.002808
-0.033936 1.385010 1.878174 0.009033 -0.023315 -0.007080
-0.160889 0.687012 1.846680 0.003418 -0.012451 -0.019409
-0.557129 0.773682 1.885986 -0.006104 -0.001221 -0.027466
-0.642334 0.665283 1.905273 0.002563 -0.010986 -0.011108
0.212646 1.463379 1.937988 0.021240 -0.030640 0.018799
-0.065430 1.071777 1.867432 0.005371 -0.015991 -0.011841
-0.858643 0.605957 1.926514 -0.006104 -0.002563 -0.027832
-0.290527 1.215820 1.874268 0.011108 -0.024170 -0.001587
-0.385010 0.974854 1.885986 -0.000977 -0.007568 -0.013916
-0.991699 0.303467 1.867432 -0.001221 -0.008789 -0.013184
-0.335938 0.796387 1.875977 0.006470 -0.017578 -0.004028
-0.493164 0.768799 1.889404 -0.005249 -0.005127 -0.020630
-0.142334 0.964355 1.906982 0.008057 -0.024780 -0.000488
-0.537842 0.912842 1.884766 -0.006958 -0.000122 -0.021484
0.034668 0.753418 1.823242 0.006226 -0.025146 0.005737
-0.445557 0.979248 1.878174 -0.003540 0.001587 -0.002563
-0.410889 0.895264 1.893311 -0.003296 -0.002930 0.001709
-0.339600 0.877441 1.885254 -0.004028 -0.007690 -0.000977
-0.364502 0.884766 1.887207 -0.003052 -0.006836 -0.007568
0.284668 0.856445 1.820557 -0.000977 -0.022461 -0.007690
-0.635254 0.877197 1.923584 -0.003906 0.000488 -0.011841
-0.407471 0.944092 1.906982 0.001831 -0.013428 -0.005249
-0.026123 1.156494 1.855469 0.006836 -0.022339 0.001831
-0.550537 0.776367 1.887207 -0.001465 -0.005493 -0.009277
-0.343994 0.811035 1.870850 -0.002686 -0.008301 -0.007935
-0.412354 0.815430 1.887451 -0.004272 -0.002075 -0.005371
-0.340576 0.869629 1.884766 -0.001831 -0.003296 -0.002930
-0.377930 0.880615 1.885986 -0.002197 -0.002075 -0.002930
-0.389160 0.876709 1.877686 -0.002563 -0.002930 0.003540
-0.355957 0.878662 1.888672 -0.002686 -0.003906 0.007080
-0.347168 0.894775 1.877686 -0.002441 -0.003784 0.004761
-0.324707 0.903320 1.884277 -0.002686 -0.002808 -0.000244
-0.356445 0.920654 1.883301 -0.003540 -0.000610 0.000000
-0.362793 0.871826 1.879883 -0.004761 -0.001099 -0.002930
-0.376953 0.864990 1.883545 -0.004150 -0.001465 -0.004517
-0.354492 0.893555 1.884521 -0.003662 -0.002075 -0.001099
-0.349365 0.888184 1.882568 -0.004639 -0.001465 0.000122
-0.333740 0.897461 1.888184 -0.004395 -0.000488 0.001465
