-0.476563 0.824219 1.886475 -0.001221 -0.004150 0.008667
-0.468018 0.820313 1.894043 -0.001831 -0.005005 0.004761
-0.443848 0.806396 1.890381 -0.001953 -0.005249 0.007568
-0.422119 0.845947 1.885010 -0.000854 -0.003906 0.012085
-0.470703 0.824463 1.889160 -0.002808 -0.002686 0.003540
-0.464844 0.821533 1.902100 -0.003174 -0.004395 0.005005
-0.434082 0.816162 1.887207 -0.002930 -0.004883 0.004395
-0.443848 0.818848 1.890625 -0.002319 -0.004639 0.003174
-0.406250 0.843018 1.884521 -0.002441 -0.003662 0.000000
-0.450439 0.808838 1.894287 -0.003662 -0.002075 -0.004517
-0.426025 0.831299 1.886719 -0.002686 -0.001953 -0.004272
-0.437988 0.862061 1.883545 -0.003296 -0.001709 -0.005127
-0.487793 0.807129 1.889160 -0.005005 -0.000977 -0.010620
-0.395020 0.824951 1.885986 -0.005981 0.000488 -0.013916
-0.504639 0.740234 1.893066 -0.002319 -0.005859 -0.003784
-0.512695 0.787354 1.912842 -0.005737 0.001343 -0.013916
-0.652588 0.825439 1.923828 0.002075 -0.013672 -0.012573
-0.312012 0.675781 1.878906 -0.004150 -0.007080 -0.033691
0.149658 1.236328 1.893066 0.004639 -0.023193 -0.024292
-0.268311 0.994629 1.965088 0.001221 -0.010132 -0.030273
-0.319580 1.245117 1.928955 0.008057 -0.028442 -0.034912
-0.287598 0.844971 1.848877 -0.005493 -0.008179 -0.060547
-0.504883 0.480957 1.805420 0.009766 -0.027588 -0.040894
-0.091553 1.171387 1.919922 0.024536 -0.036011 -0.007446
-1.618652 -0.090576 1.779541 -0.007324 -0.002319 -0.041016
-0.400391 1.140381 1.896973 0.011841 -0.020264 -0.004272
-0.203857 1.380127 1.893311 0.030640 -0.033081 0.013916
-0.479736 1.084961 1.876221 0.021118 -0.018188 0.005493
-0.152100 1.692871 1.961914 0.038940 -0.027710 0.047363
-0.395020 1.181396 1.937744 0.025146 -0.015747 0.028320
-0.302490 0.929443 1.880615 0.002808 -0.005859 -0.011108
-0.413086 0.673828 1.800781 0.001831 0.001953 -0.018921
-0.375732 0.816650 1.805420 0.019409 0.001099 0.013672
-0.199707 0.518799 1.665283 0.015625 -0.005127 0.016235
-0.624268 1.295654 2.066650 0.031128 0.000854 0.059692
-0.195068 0.844971 1.866211 0.008911 -0.009521 0.033081
-0.178467 0.928223 1.826416 0.004395 0.000732 0.023193
-0.724365 0.806152 1.944092 -0.005371 0.020874 0.020874
-0.455322 1.082275 1.958496 -0.002319 0.007935 0.027466
-0.797852 1.151611 1.748291 -0.022461 0.041748 0.013550
-0.832764 0.432373 1.962891 -0.013062 0.013916 0.029419
-0.490723 0.792480 1.879395 -0.016846 0.011108 0.007935
-0.459229 0.933350 1.868652 -0.017700 0.026367 0.006836
-0.496826 0.824951 1.879150 -0.013184 0.013306 0.021240
-0.205322 1.193115 1.969238 -0.014648 0.008545 0.023193
-0.607666 0.365723 1.839600 -0.051758 0.022339 -0.037476
-0.582520 0.626709 1.821777 -0.023071 0.008911 0.012695
-0.478760 0.741943 1.831299 -0.024414 0.001953 0.002563
-0.547363 0.678955 1.856445 -0.020386 0.005371 0.008423
-0.430420 0.886963 1.857178 -0.027466 0.004761 0.010620
-0.674805 0.814941 1.927734 -0.042358 0.013062 -0.011963
-0.283691 1.088623 1.903564 -0.020630 0.006714 0.021729
-0.576416 0.415039 1.811035 -0.040283 0.013916 -0.038086
-0.332031 0.326416 1.789307 -0.033325 0.005005 -0.025513
-0.521240 0.751221 1.883545 -0.014160 0.005981 0.010254
-0.416992 1.023193 1.906494 -0.020508 0.000977 0.020386
-0.365723 0.975830 1.822021 -0.056274 0.008545 -0.025146
-0.162842 1.566406 1.981445 -0.015747 0.001099 0.045654
-0.619385 0.219238 1.805664 -0.061523 0.012573 -0.037842
-0.607178 0.282227 1.881348 -0.057861 0.014526 -0.035645
-0.508301 0.854980 2.046143 -0.029053 0.006226 0.001831
-0.579102 0.652100 1.967285 -0.060059 0.019043 -0.040405
-0.705078 0.530762 1.904541 -0.031860 0.012451 0.008911
-0.572998 0.353027 1.897461 -0.028931 0.009521 -0.011230
-0.402832 1.128418 1.905273 -0.031738 0.012939 -0.006836
-0.504150 0.666260 1.933105 -0.017212 0.003174 0.009644
-0.519043 0.591064 1.934570 -0.005493 -0.000854 0.028687
-0.636719 0.344482 1.874023 -0.047363 0.026489 -0.035767
-0.361816 0.767334 1.875732 -0.011230 -0.004761 0.016479
-0.729004 0.353760 1.961914 -0.023438 0.015381 0.005981
-0.272461 1.051025 1.874268 -0.008179 0.003540 0.016113
-0.641357 0.528320 1.974365 -0.010742 0.002197 -0.001221
-0.202881 0.743164 1.878906 -0.001587 -0.003296 0.001221
-0.452393 0.578125 1.916016 -0.005249 0.004395 -0.009399
-0.707764 0.687988 1.976563 0.001953 0.004761 0.004517
-0.468994 0.647705 1.940186 0.004150 0.008789 0.002319
-0.414551 0.732666 1.959961 0.004395 0.002441 0.014526
-0.597900 0.723145 1.847412 0.008667 0.018677 0.022461
-0.952881 0.643555 2.030029 0.004395 0.014893 0.019165
-0.464111 0.700928 1.946533 0.000977 0.000610 0.008667
-0.547119 0.762451 1.955322 0.000732 0.005859 -0.005005
-0.833252 0.407227 1.977539 0.011719 0.014648 -0.000244
-0.509521 0.600342 1.909180 0.007202 -0.001709 0.004883
-0.447510 0.879395 1.917480 0.006958 -0.001343 0.013794
-0.540039 0.770020 1.860840 0.011108 0.006226 0.012817
-0.409180 0.864502 1.908691 0.012573 0.002686 0.012573
-0.346680 0.473389 1.767334 0.005127 -0.000732 -0.006226
-0.365967 0.933838 1.935059 0.020142 -0.001953 0.024658
-0.470215 0.763672 1.928467 0.010498 0.002441 0.012085
-0.506592 0.749268 1.902100 -0.005371 0.002930 -0.014893
-0.580322 0.642090 1.890381 -0.007080 0.004639 -0.022583
-0.626953 0.715088 1.843506 0.010986 0.000000 -0.003052
-0.481689 1.045166 1.935303 0.012573 -0.004272 -0.003052
-0.531982 0.517578 1.864990 0.005371 -0.004395 -0.023315
-0.182373 1.328857 1.936035 0.018921 -0.010986 0.000244
-0.660156 0.450928 1.900391 -0.008057 0.002075 -0.033325
-0.329102 1.393799 1.901123 0.025757 -0.018433 0.017090
-0.628906 0.510254 1.876953 -0.002075 -0.002441 -0.020142
-0.844482 0.261719 1.849854 -0.001709 -0.002441 -0.025391
-0.281494 1.426025 1.874023 0.021606 -0.017944 0.012085
-0.633789 0.395752 1.989990 0.003662 -0.006958 -0.000610
-0.699463 0.586914 1.919922 -0.009644 0.001709 -0.022095
-0.264160 0.881104 1.865967 0.018677 -0.022949 0.010742
-0.618408 0.692383 1.913086 0.002686 -0.006836 -0.013184
-0.755615 0.532715 1.909180 -0.004883 -0.001343 -0.017700
-0.264160 0.826172 1.833496 0.015503 -0.021118 0.013794
-0.653564 0.686768 1.909668 -0.007202 0.003662 -0.010620
-0.520020 0.761230 1.883789 -0.001587 -0.004395 -0.008423
-0.605957 0.764404 1.900879 0.002075 -0.004883 -0.005005
-0.601074 1.108154 1.883545 0.019409 -0.020386 0.015991
-0.646729 0.702393 1.911133 -0.006714 -0.001099 -0.020630
-0.706299 0.559082 1.903076 -0.002563 -0.006958 -0.010986
-0.454102 0.760010 1.881592 0.002197 -0.011108 -0.003296
-0.524170 0.758301 1.900635 -0.000854 -0.006714 -0.008057
-0.613770 0.695068 1.884766 -0.004395 -0.001099 -0.018921
-0.739258 0.469238 1.844727 0.013184 -0.018188 0.001709
-0.780029 0.497803 1.906250 -0.005371 -0.000977 -0.022217
-0.689941 0.356201 1.882080 0.002441 -0.012085 -0.001221
-0.599365 0.669189 1.893799 -0.005981 0.001831 -0.005005
-0.607178 0.729248 1.884033 -0.006226 -0.000977 -0.007080
-0.530518 0.756836 1.887695 -0.004639 -0.004883 -0.010132
-0.502686 0.775879 1.906006 -0.004761 -0.004761 -0.017456
-0.653564 0.681396 1.834229 0.010986 -0.020020 -0.015259
-0.513672 0.749023 1.858643 0.000610 -0.005249 -0.015625
-0.717529 0.641113 1.887451 -0.006592 0.002197 -0.005127
-0.539063 0.754395 1.889404 -0.002930 -0.005005 0.001587
-0.496582 0.786865 1.893311 -0.002686 -0.004517 -0.000610
-0.497559 0.786133 1.887451 -0.003296 -0.002808 -0.003906
-0.546875 0.738037 1.905518 -0.003906 -0.002319 -0.007324
-0.501465 0.800293 1.878906 -0.001953 -0.004028 -0.006348
-0.594727 0.714111 1.892090 -0.004761 -0.002319 -0.007202
-0.332031 1.132568 1.860840 0.006836 -0.014893 0.003296
-0.880371 0.436768 1.901611 -0.003662 -0.001831 -0.008911
-0.237793 1.272949 1.809570 0.013306 -0.026001 0.005249
-0.813477 0.654541 1.899658 -0.008301 0.006592 -0.013672
-0.532959 0.766602 1.878174 -0.002686 -0.006104 0.001465
-0.536133 0.731934 1.892090 -0.001953 -0.004639 0.005737
-0.475830 0.830811 1.883545 0.000000 -0.005127 0.010864
-0.490723 0.814453 1.884766 -0.002808 -0.002563 0.003540
-0.524902 0.768311 1.887451 -0.005005 -0.001343 -0.004150
-0.553223 0.739502 1.893066 -0.004883 -0.002197 -0.006104
-0.501709 0.795654 1.889648 -0.003174 -0.003662 -0.001221
-0.523926 0.767822 1.883789 -0.004028 -0.002563 -0.002075
-0.539063 0.760010 1.885742 -0.003784 -0.002686 0.001465
-0.508545 0.777100 1.890869 -0.002930 -0.002686 0.004517
-0.509521 0.810791 1.891113 -0.003296 -0.002197 0.002808
-0.512939 0.783203 1.890137 -0.003784 -0.002563 -0.000244
-0.503906 0.780029 1.895020 -0.003906 -0.001953 0.000244
-0.539307 0.768311 1.891113 -0.004883 -0.001953 -0.002319
-0.542725 0.753418 1.895996 -0.003784 -0.003906 -0.000122
