-0.275391 0.415527 0.939087 -0.084961 0.038330 0.081299
-0.223145 0.531982 0.968872 0.004272 0.002075 0.249878
-1.218750 0.000000 0.000000 -0.168579 0.086304 -0.014893
-0.752808 -0.368896 0.925537 -0.205078 0.049683 -0.035767
-0.236816 0.597534 0.963989 -0.039795 0.015747 0.177856
-0.242798 0.432129 0.942017 -0.017090 0.028320 0.117798
-0.310181 0.356689 0.937378 0.003906 -0.001953 0.097046
-0.255981 0.428345 0.933716 -0.003784 -0.009644 0.042725
-0.284790 0.388306 0.940308 -0.029419 0.003174 0.006348
-0.283936 0.376465 0.938843 -0.030396 0.001831 0.019409
-0.288940 0.387695 0.946167 -0.027344 -0.002808 0.020996
-0.290894 0.400146 0.939697 -0.034424 -0.007202 -0.024414
-0.299194 0.386597 0.938599 -0.042114 -0.014526 -0.071899
-0.000122 -0.000122 -0.000122 -0.000122 -0.000122 -0.000122
-0.000122 -0.000122 -0.000122 -0.000122 -0.000122 -0.000122
-0.000122 -0.000122 -0.000122 -0.000122 -0.000122 -0.000122
-0.000122 -0.000122 -0.000122 -0.000122 -0.000122 -0.000122
-0.000122 -0.000122 -0.000122 -0.000122 -0.000122 -0.000122
-0.000122 -0.000122 -0.000122 -0.000122 -0.000122 -0.000122
-0.000122 -0.000122 -0.000122 -0.000122 -0.000122 -0.000122
-0.000122 -0.000122 -0.000122 -0.000122 -0.000122 -0.000122
-0.000122 -0.000122 -0.000122 -0.000122 -0.000122 -0.000122
-0.000122 -0.000122 -0.000122 -0.000122 -0.000122 -0.000122
-0.000122 -0.000122 -0.000122 -0.000122 -0.000122 -0.000122
0.000000 0.000000 0.000000 -0.018677 0.004272 0.069214
-0.000122 -0.000122 -0.000122 -0.000122 -0.000122 -0.000122
0.000000 0.000000 0.000000 -0.045166 0.004639 0.080566
-0.382446 0.540161 1.061401 -0.043945 -0.019043 0.077637
-0.214233 0.325195 0.934814 -0.011108 0.002686 0.104858
-0.272583 0.277100 0.939331 -0.034424 -0.006958 0.078369
-0.268433 0.410889 0.976440 -0.011230 -0.007324 0.101440
-0.242798 -0.212524 0.883911 -0.112671 -0.005493 0.003662
-0.425171 0.895752 0.980225 -0.101074 0.045776 0.093140
-0.298950 0.460815 0.947021 -0.100952 0.059814 0.109985
-0.215454 0.508179 0.931030 -0.055298 0.050171 0.170410
-0.554565 -0.066772 0.958496 -0.101563 0.045776 0.056152
-0.025391 0.839844 0.927734 -0.081421 0.078369 0.135742
-0.583130 -0.116821 0.959717 -0.086304 0.076050 0.123413
0.156738 0.341187 0.876465 -0.086182 0.041382 0.134521
0.070435 0.510620 0.923218 0.032715 -0.008057 0.179565
-0.078979 0.415405 0.868896 0.030396 0.026855 0.179688
-0.659668 0.270996 1.072510 0.055542 0.056152 0.229492
0.608032 -0.053101 0.649170 0.103027 0.065918 0.130615
-0.513672 0.519653 1.070679 0.092896 0.068726 0.093384
-0.682739 0.222534 0.993896 0.130371 0.246338 0.110718
-0.198608 0.477539 1.005371 0.073364 -0.007446 -0.130371
-0.423462 0.316772 1.042358 0.128906 0.096680 0.068359
-0.217773 0.301880 0.912842 0.028320 0.013916 -0.047485
-0.320557 0.616577 0.973389 0.069946 0.054688 0.054810
-0.364990 0.387207 0.850586 0.186523 0.035278 0.201660
-0.252563 0.393555 0.929443 -0.032837 -0.035400 -0.022461
-0.238525 0.405273 0.934692 0.001587 -0.006470 0.035034
-0.269165 0.409302 0.926880 -0.004761 0.006592 0.040283
-0.250000 0.446533 0.923584 -0.015747 0.023682 0.015503
-0.165039 0.520264 0.921509 -0.051880 0.059692 0.003174
-0.371216 0.297485 1.062256 -0.041016 0.047974 -0.053101
-0.123291 0.501831 1.051758 0.033691 0.142822 -0.195679
-0.332153 0.404663 0.893555 -0.003662 0.216675 -0.352905
-0.438477 0.343018 0.834106 0.010742 0.097046 -0.371460
-0.373413 0.386230 0.885254 0.016357 0.002563 -0.305786
-0.386597 0.370361 0.880249 0.002319 -0.036133 -0.285522
-0.385620 0.367798 0.845093 0.013062 -0.063965 -0.229614
-0.415771 0.341309 0.862061 0.007324 -0.095703 -0.142944
-0.363403 0.356689 0.891724 0.029419 -0.152466 -0.087891
-0.340820 0.367065 0.915649 0.019653 -0.173828 -0.092407
-0.309570 0.387573 0.937744 0.014404 -0.160522 -0.078003
-0.000122 -0.000122 -0.000122 -0.000122 -0.000122 -0.000122
-0.000122 -0.000122 -0.000122 -0.000122 -0.000122 -0.000122
-0.000122 -0.000122 -0.000122 -0.000122 -0.000122 -0.000122
-0.000122 -0.000122 -0.000122 -0.000122 -0.000122 -0.000122
-0.000122 -0.000122 -0.000122 -0.000122 -0.000122 -0.000122
-0.000122 -0.000122 -0.000122 -0.000122 -0.000122 -0.000122
-0.000122 -0.000122 -0.000122 -0.000122 -0.000122 -0.000122
-0.000122 -0.000122 -0.000122 -0.000122 -0.000122 -0.000122
-0.000122 -0.000122 -0.000122 -0.000122 -0.000122 -0.000122
-0.000122 -0.000122 -0.000122 -0.000122 -0.000122 -0.000122
-0.000122 -0.000122 -0.000122 -0.000122 -0.000122 -0.000122
-0.000122 -0.000122 -0.000122 -0.000122 -0.000122 -0.000122
-0.000122 -0.000122 -0.000122 -0.000122 -0.000122 -0.000122
-0.000122 -0.000122 -0.000122 -0.000122 -0.000122 -0.000122
-0.000122 -0.000122 -0.000122 -0.000122 -0.000122 -0.000122
-0.000122 -0.000122 -0.000122 -0.000122 -0.000122 -0.000122
-0.000122 -0.000122 -0.000122 -0.000122 -0.000122 -0.000122
-0.000122 -0.000122 -0.000122 -0.000122 -0.000122 -0.000122
-0.000122 -0.000122 -0.000122 -0.000122 -0.000122 -0.000122
-0.000122 -0.000122 -0.000122 -0.000122 -0.000122 -0.000122
-0.000122 -0.000122 -0.000122 -0.000122 -0.000122 -0.000122
-0.000122 -0.000122 -0.000122 -0.000122 -0.000122 -0.000122
-0.000122 -0.000122 -0.000122 -0.000122 -0.000122 -0.000122
-0.000122 -0.000122 -0.000122 -0.000122 -0.000122 -0.000122
-0.000122 -0.000122 -0.000122 -0.000122 -0.000122 -0.000122
0.000000 0.000000 0.000000 -0.042480 -0.142334 -0.002563
-0.537109 0.505127 1.011963 -0.047119 -0.070557 -0.030640
-0.520874 0.493530 1.067871 -0.072021 -0.135498 -0.064819
-0.297607 0.401855 0.969482 -0.021240 -0.039795 0.058594
-0.286255 0.375000 0.969971 -0.061768 -0.111084 -0.000366
-0.551758 0.438232 0.987061 -0.053101 -0.109497 0.003174
-0.267090 0.319214 0.991821 -0.043091 -0.020630 0.025146
-0.269287 0.326538 0.986938 -0.063354 -0.043579 -0.008545
-0.221069 0.291504 0.944824 -0.044556 0.006958 0.015503
-0.303101 0.368408 0.974243 -0.061890 -0.040527 -0.059814
-0.000122 -0.000122 -0.000122 -0.000122 -0.000122 -0.000122
-0.000122 -0.000122 -0.000122 -0.000122 -0.000122 -0.000122
-0.000122 -0.000122 -0.000122 -0.000122 -0.000122 -0.000122
0.000000 0.000000 0.000000 -0.025391 -0.024780 0.002441
-0.000122 -0.000122 -0.000122 -0.000122 -0.000122 -0.000122
-0.000122 -0.000122 -0.000122 -0.000122 -0.000122 -0.000122
-0.000122 -0.000122 -0.000122 -0.000122 -0.000122 -0.000122
-0.000122 -0.000122 -0.000122 -0.000122 -0.000122 -0.000122
-0.000122 -0.000122 -0.000122 -0.000122 -0.000122 -0.000122
0.000000 0.000000 0.000000 -0.001587 -0.009277 0.009033
-0.237305 0.353638 0.963989 -0.000977 -0.010620 0.011963
-0.234009 0.378418 0.963257 -0.003174 -0.010620 0.019409
-0.231079 0.375977 0.965698 -0.014404 -0.005493 0.003418
-0.233032 0.360229 0.960571 -0.020508 -0.001709 0.001953
-0.241333 0.351440 0.965698 -0.017334 0.000366 0.003906
-0.259277 0.352661 0.968628 -0.014526 -0.008789 -0.011353
-0.244141 0.363159 0.963013 -0.013062 -0.014771 -0.009521
-0.227661 0.369995 0.959961 -0.017700 -0.009155 -0.008423
-0.235596 0.364380 0.961548 -0.020630 -0.001221 -0.003906
-0.249146 0.348755 0.969116 -0.020386 -0.002319 -0.000122
-0.241089 0.347778 0.966064 -0.013550 -0.005737 0.000000
-0.240479 0.359375 0.962280 -0.012207 -0.008057 -0.004517
-0.226318 0.364502 0.962158 -0.017578 -0.004395 -0.023560
-0.245728 0.352783 0.960449 -0.019287 -0.003662 -0.031738
-0.249146 0.338867 0.964355 -0.010986 -0.010376 -0.010498
-0.244385 0.372314 0.962402 -0.008057 -0.010376 0.012451
-0.238159 0.367676 0.963867 -0.016113 -0.009277 0.003662
-0.236450 0.360962 0.964355 -0.019531 -0.003784 -0.011108
-0.251343 0.353271 0.963379 -0.019043 -0.003296 -0.003784
-0.245483 0.346313 0.962280 -0.016235 -0.008667 0.007446
-0.233032 0.341187 0.964722 -0.009399 -0.002808 0.005005
-0.239624 0.348511 0.960449 -0.002686 0.000732 0.022949
-0.251587 0.365723 0.964600 -0.004639 -0.005249 0.025635
-0.245483 0.372803 0.961670 -0.014160 -0.006958 0.007935
-0.238403 0.375977 0.961914 -0.024170 -0.006470 -0.002319
-0.243408 0.353271 0.962402 -0.026733 -0.004639 -0.014771
-0.250244 0.351563 0.963013 -0.020142 -0.008423 -0.019165
-0.233765 0.365112 0.962158 -0.019043 -0.009888 -0.018921
-0.230713 0.354614 0.963013 -0.018433 -0.002441 -0.004150
-0.250122 0.356323 0.962891 -0.017212 -0.006104 0.002563
-0.241699 0.355835 0.958862 -0.016968 -0.005005 -0.001831
-0.247559 0.354492 0.964966 -0.016357 -0.005737 0.007813
-0.000122 -0.000122 -0.000122 -0.000122 -0.000122 -0.000122
-0.000122 -0.000122 -0.000122 -0.000122 -0.000122 -0.000122
-0.000122 -0.000122 -0.000122 -0.000122 -0.000122 -0.000122
-0.000122 -0.000122 -0.000122 -0.000122 -0.000122 -0.000122
-0.000122 -0.000122 -0.000122 -0.000122 -0.000122 -0.000122
-0.000122 -0.000122 -0.000122 -0.000122 -0.000122 -0.000122
-0.000122 -0.000122 -0.000122 -0.000122 -0.000122 -0.000122
