-0.349243 0.319336 0.948120 -0.027466 -0.004395 -0.036255
-0.365356 0.338745 0.947510 -0.066772 0.002197 -0.072510
-0.320190 0.177734 0.938965 -0.039917 -0.008179 -0.055176
-0.366943 0.267334 0.944336 -0.012939 -0.006226 -0.001465
-0.350830 0.274170 0.944336 -0.005981 -0.004639 0.011841
-0.345337 0.450806 0.960083 -0.027222 0.003052 0.012939
-0.244995 -0.058228 0.906006 -0.092163 -0.018433 -0.076904
-0.402466 0.660278 0.979370 -0.027100 0.005859 0.108521
-0.421509 0.335571 0.941528 -0.235718 0.024902 -0.100098
-0.482666 -0.116089 0.916870 -0.155396 0.005249 0.018311
-0.190186 0.104736 0.897217 -0.149780 -0.031372 -0.036011
-0.384521 0.348511 0.922485 -0.082886 -0.004517 0.038818
-0.370850 0.332153 0.943848 -0.002075 -0.001221 0.085205
-0.330811 0.231689 0.938477 -0.027954 -0.012085 0.026123
-0.364380 0.287964 0.947021 -0.022217 -0.007935 -0.008545
-0.359009 0.254517 0.950806 -0.035400 -0.012329 -0.048706
-0.372559 0.273926 0.949707 -0.032593 -0.015869 -0.059570
-0.353882 0.259399 0.949585 -0.040649 -0.020020 -0.099243
-0.379761 0.210815 0.953979 -0.028564 -0.025391 -0.070801
-0.347046 0.282837 0.952515 -0.000854 -0.043701 -0.043091
-0.446655 0.194092 0.987427 -0.024048 -0.025635 -0.046387
-0.447632 0.148315 0.966675 -0.008911 -0.042847 -0.005615
-0.385620 0.318481 0.947266 -0.027710 -0.046875 0.000366
-0.087646 0.390137 0.864380 -0.028931 -0.183105 -0.076050
-0.317139 0.334229 0.939941 -0.026245 -0.018799 0.077515
-0.598267 0.091675 1.043579 -0.068604 -0.071777 -0.060059
-0.519409 0.258789 1.017334 -0.037231 -0.003052 0.022827
-0.335327 0.239624 0.920044 -0.036255 -0.036011 -0.030151
-0.508057 0.299927 1.047119 -0.026978 -0.022095 0.039551
0.085938 0.090210 0.812134 -0.097412 -0.118774 -0.114136
-0.436523 0.447510 1.002197 -0.068481 -0.077271 -0.041992
-0.401978 0.230103 0.978027 -0.007568 0.027588 0.114868
-0.578491 0.588745 0.962280 -0.080078 -0.074097 -0.064941
-0.196899 -0.026978 0.932617 -0.033447 -0.025024 0.017334
-0.311279 0.227783 0.962524 -0.002197 -0.017700 0.077637
-0.480957 0.340332 0.947998 -0.137939 -0.008057 -0.022461
-0.356323 0.380249 1.015869 0.013916 0.003052 0.129883
-0.392456 0.409912 0.954346 -0.106812 0.003296 0.024658
-0.380005 -0.139526 0.948975 -0.071167 0.006714 0.109985
-0.229858 0.622314 0.974243 0.003174 0.013672 0.127930
-0.458862 0.072266 0.934692 -0.161011 0.047852 0.011475
-0.246704 0.408569 0.949097 0.044678 0.016968 0.232300
-0.667847 -0.232300 1.033081 -0.172607 0.115967 0.126465
-0.474854 -0.096191 0.999146 -0.030762 0.070435 0.141602
-0.401611 0.181885 0.952148 -0.057251 0.065186 0.127197
0.004883 0.492920 0.885986 0.020386 -0.025146 0.111938
-0.866699 -0.035034 1.005005 -0.094482 0.133057 0.096802
0.042969 0.415161 0.838379 -0.009033 -0.044678 -0.062866
-0.307739 0.477905 0.820068 0.026978 0.157349 0.107178
0.335327 0.398193 0.597046 0.063477 -0.033447 0.008667
0.841675 0.436157 0.206421 0.047241 -0.094116 -0.014160
-0.706421 0.650391 1.125854 0.124390 0.065430 0.244263
-0.261108 0.227905 0.943726 -0.030151 -0.032104 -0.142456
-0.359253 0.264771 0.956421 -0.036865 0.019043 -0.090820
-0.377563 0.195557 0.946289 -0.041748 0.011597 -0.072754
-0.405396 0.226929 0.966431 0.021240 0.024048 0.045288
-0.346558 0.231689 0.943970 -0.004639 -0.009644 0.029907
-0.303345 0.300781 0.947388 -0.006226 0.015625 0.078613
-0.313721 0.351563 0.945068 -0.050659 0.058105 0.075073
-0.318848 0.134644 1.161865 -0.010010 0.120850 0.022339
-0.134766 0.383911 1.085693 0.040161 0.168335 -0.210205
-0.465698 0.308960 0.875000 0.003174 0.250122 -0.374756
-0.489136 0.219482 0.813110 0.028320 0.133911 -0.359741
-0.535522 0.185547 0.830322 0.002930 0.036499 -0.287720
-0.520752 0.143311 0.868286 0.050171 -0.062378 -0.281738
-0.449951 0.160400 0.917358 0.107056 -0.123413 -0.224243
-0.443115 0.212769 0.936401 0.090454 -0.109375 -0.139526
-0.422485 0.185425 0.922241 0.087891 -0.118652 -0.082886
-0.390015 0.261841 0.929810 0.073486 -0.112183 -0.030884
-0.405884 0.247925 0.931641 0.044556 -0.088867 -0.037109
-0.388428 0.233887 0.946411 0.044434 -0.072266 -0.038086
-0.418701 0.249268 0.932129 0.032715 -0.050659 -0.003052
-0.428955 0.237549 0.894775 0.018188 -0.061523 0.029785
-0.423828 0.236572 0.929810 0.007446 -0.076538 0.090942
-0.353149 0.251221 0.948853 0.002808 -0.088745 0.114014
-0.393921 0.265747 0.950073 0.013550 -0.084106 0.163696
-0.442993 0.406128 0.961914 0.074097 -0.024658 0.112183
-0.277832 0.206909 0.939819 -0.013306 -0.028320 -0.001831
-0.422974 0.252441 0.950806 -0.012939 -0.023315 -0.022461
-0.399414 0.203247 0.952026 0.014648 -0.047241 0.021606
-0.412231 0.236328 0.951904 0.022095 -0.046143 0.084961
-0.205078 0.348877 0.895386 0.021484 -0.109131 0.045166
-0.382690 0.283936 0.946533 0.005493 -0.031372 0.097900
-0.391113 0.283569 0.961914 0.000488 -0.038940 0.144775
-0.352051 0.318604 0.949463 -0.024292 -0.032837 0.110352
-0.604492 0.363281 1.016113 -0.059692 -0.084961 -0.048950
0.228882 0.491699 0.772827 -0.020142 -0.143311 -0.093994
-0.467041 0.219116 0.963745 -0.050537 0.005493 0.017944
-0.920044 0.195923 1.029663 0.005615 -0.143799 -0.029785
-0.653564 0.263916 0.989990 -0.023193 -0.074829 -0.049194
-0.490601 0.220581 1.006226 -0.021118 -0.022461 0.011597
0.525024 0.439331 0.855835 -0.010986 -0.256226 -0.166504
-0.355347 0.245728 0.890259 -0.007813 -0.041992 -0.005249
-0.402100 0.338623 0.958008 -0.030640 -0.056763 -0.016724
0.235474 0.577393 0.923462 -0.017090 -0.194824 -0.098267
-0.075195 0.346313 0.899536 -0.067505 -0.107910 -0.130371
-0.357666 0.352051 0.984985 -0.093994 -0.150391 -0.151733
-0.600464 0.235352 1.028442 -0.051025 -0.025879 -0.023926
-0.563721 0.206299 1.021362 -0.060547 -0.009766 -0.038330
-0.412476 0.218506 0.972534 -0.037964 0.006836 -0.029175
-0.392334 0.228516 0.977173 -0.027100 -0.026855 -0.048096
-0.313232 0.238037 0.965088 -0.022827 -0.015991 -0.049316
-0.315552 0.239990 0.972290 -0.016968 -0.007813 -0.023804
-0.321045 0.222656 0.971436 -0.011597 -0.004517 0.001099
-0.331787 0.243774 0.977661 -0.011719 -0.001099 -0.012329
-0.334106 0.228516 0.974609 -0.005737 -0.001709 0.007446
-0.335815 0.258911 0.971558 -0.001221 -0.006104 0.014404
-0.328369 0.250366 0.968994 -0.010498 -0.008423 -0.001953
-0.315063 0.261963 0.973389 -0.018433 -0.005127 -0.010010
-0.327393 0.229370 0.969482 -0.022705 -0.001465 -0.012573
-0.328613 0.225952 0.968018 -0.010254 -0.004150 0.014771
-0.336426 0.250000 0.973633 -0.005371 -0.001587 0.025024
-0.339600 0.252808 0.971436 -0.012207 -0.010498 0.000610
-0.316162 0.236450 0.974121 -0.012817 -0.007080 0.005981
-0.323486 0.263184 0.971436 -0.010742 -0.001831 0.010254
-0.332031 0.241089 0.970459 -0.016357 -0.002075 0.003418
-0.336060 0.239380 0.968140 -0.013794 -0.002441 -0.000977
-0.323364 0.243286 0.966431 -0.015381 -0.004883 0.001465
-0.317383 0.245483 0.969849 -0.020630 -0.000610 -0.007202
-0.331421 0.235840 0.966187 -0.021240 0.003418 -0.002808
-0.342163 0.240601 0.970459 -0.017944 -0.004150 -0.003662
-0.326050 0.258301 0.972046 -0.017944 -0.006470 -0.002563
-0.321777 0.245728 0.972290 -0.025757 -0.001099 -0.007690
-0.332397 0.231689 0.973267 -0.025269 -0.000732 -0.008179
-0.336914 0.228149 0.969360 -0.020142 -0.003906 -0.000977
-0.324707 0.235840 0.970215 -0.014038 -0.006348 0.005615
-0.332764 0.239014 0.972046 -0.012817 -0.001343 0.012817
-0.336060 0.242798 0.970703 -0.015991 -0.005493 0.004639
-0.326782 0.248657 0.965210 -0.018433 -0.005249 0.001343
-0.329346 0.254883 0.965210 -0.021851 -0.003296 0.002319
-0.334106 0.242676 0.966675 -0.027466 -0.004150 0.002075
-0.343140 0.230713 0.968994 -0.024902 -0.008667 -0.019287
-0.333008 0.228271 0.970581 -0.014404 -0.011353 -0.006104
-0.327026 0.240723 0.968018 -0.007568 -0.009399 0.010620
-0.319336 0.242310 0.966431 -0.009277 -0.003052 0.023071
-0.331543 0.246460 0.966553 -0.011963 0.003052 0.023926
-0.337280 0.246826 0.969971 -0.015015 -0.001221 0.019043
-0.334961 0.241699 0.965576 -0.016724 -0.007080 0.001953
-0.331421 0.245361 0.968994 -0.019775 -0.010498 -0.009399
-0.334351 0.243164 0.972656 -0.018555 -0.011230 -0.008057
-0.327881 0.233765 0.974609 -0.016235 -0.011475 -0.002686
-0.328125 0.235596 0.963867 -0.011108 -0.009644 -0.003174
-0.325684 0.247070 0.966431 -0.007446 -0.004395 0.011841
-0.333618 0.239868 0.970093 -0.008057 -0.002808 0.017578
-0.337646 0.245728 0.965088 -0.008667 -0.007935 0.008301
-0.325439 0.246460 0.963745 -0.010010 -0.009521 0.003784
-0.326294 0.239746 0.968262 -0.010010 -0.006592 0.006592
-0.329102 0.243408 0.969360 -0.006104 -0.004639 0.007324
-0.338867 0.252686 0.966919 -0.005249 -0.005005 0.008911
-0.330811 0.248047 0.969849 -0.010498 -0.007690 0.006104
