-0.296509 0.299683 0.964478 -0.010742 -0.015137 0.011230
-0.298340 0.297974 0.959839 -0.002319 -0.015259 0.011597
-0.285522 0.310303 0.958252 0.000488 -0.010986 0.017334
-0.286255 0.322876 0.955322 0.000977 -0.004272 0.019775
-0.300415 0.319824 0.960327 0.000610 -0.002319 0.019775
-0.293457 0.320679 0.958008 0.001099 -0.001099 0.016113
-0.302002 0.320923 0.960449 0.000366 -0.001587 0.011353
-0.308838 0.319702 0.955444 -0.000488 -0.005981 0.007080
-0.298096 0.326416 0.963379 -0.001709 -0.008179 0.005493
-0.288696 0.325562 0.955933 -0.002808 -0.006348 0.005737
-0.288330 0.324951 0.959839 -0.002197 -0.001831 0.021240
-0.293091 0.307129 0.958130 0.002686 0.001953 0.042969
-0.307983 0.344360 0.959595 -0.006104 -0.001953 0.057251
-0.296753 0.298584 0.961060 0.024170 0.000854 0.110840
-0.302734 0.328491 0.962158 0.004150 0.001587 0.073120
-0.270264 0.380371 0.970581 -0.009888 0.012207 0.019043
-0.527466 0.090820 0.943115 -0.171509 0.026855 -0.062256
-0.247192 0.597046 1.059814 -0.051880 0.024902 0.098755
-0.733154 -0.326660 1.032349 -0.189941 0.020874 0.032715
-0.339478 0.432251 0.971802 0.002930 0.052979 0.247314
-0.430176 0.417725 1.031616 -0.100342 0.040649 0.063843
-0.333008 -0.604126 0.916138 -0.038574 -0.006714 0.197510
-0.193604 0.441895 0.933472 -0.045654 0.000000 0.200195
-0.081543 0.768555 1.005005 -0.073486 0.053345 0.174072
-0.155640 0.456665 0.943359 0.012207 0.014771 0.092896
-0.273926 0.417603 0.960571 -0.042114 0.009521 -0.059692
-0.307983 0.304199 0.966064 -0.057983 0.006348 -0.090454
-0.329712 0.276489 0.964233 -0.041016 -0.013794 -0.064575
-0.307007 0.273315 0.962280 -0.021362 -0.024902 -0.040405
-0.285156 0.319824 0.960327 -0.011963 -0.026855 -0.028809
-0.325195 0.286987 0.978149 0.009033 -0.054932 -0.047119
-0.355835 0.253662 0.983398 0.003906 -0.054565 -0.008545
-0.394775 0.196655 0.976563 0.006226 -0.078369 0.026123
-0.450684 0.213135 0.983521 -0.045410 -0.032837 -0.007690
-0.456177 0.272095 1.028809 -0.058350 -0.081055 -0.007813
0.098877 0.150146 0.909912 -0.042358 -0.047363 -0.008057
-0.319702 0.382324 0.958618 -0.044434 -0.069580 0.022339
-0.417480 0.229370 1.005493 -0.105225 -0.094604 -0.062622
-0.292847 0.278564 0.963501 -0.065796 -0.031738 0.060425
-0.404297 0.391968 1.011597 -0.040894 -0.053711 0.090942
-0.182495 0.198730 0.951904 -0.073975 -0.039917 0.036987
-0.345093 0.286743 0.986328 -0.012085 -0.017944 0.127197
-0.440674 0.449097 0.982178 -0.099243 -0.028809 0.083374
-0.294067 0.532959 1.039185 -0.129517 0.022705 0.119751
-0.453491 0.069702 0.925049 -0.112549 0.012207 0.150513
-0.166382 0.030884 0.948242 -0.002930 0.023926 0.215088
-0.230957 0.038818 0.936157 0.047974 0.007446 0.186646
-0.639404 0.473877 1.024048 -0.271484 0.103516 -0.087646
0.150269 0.397217 0.909912 -0.065063 0.082764 0.102783
-0.313110 0.858765 1.073242 -0.156860 0.208740 0.123779
-0.251709 0.141846 0.941895 -0.003418 0.075562 0.180908
0.214355 0.700562 0.933838 -0.050903 0.124390 0.120850
0.085938 0.454102 0.909302 0.017456 0.020508 0.044678
0.034668 0.245483 0.930664 0.037354 0.212402 0.062256
0.387573 0.276123 0.894287 0.042236 0.328247 0.074707
0.308594 0.323975 0.844360 0.064575 0.014526 -0.070557
-0.741943 0.869873 1.130615 0.142090 -0.021973 0.124023
-0.183105 0.369507 0.974365 0.042969 -0.039917 -0.095825
-0.211304 0.361328 0.963257 -0.040039 -0.004395 -0.175781
-0.278320 0.296509 0.950562 -0.026611 0.016479 -0.096558
-0.249878 0.169556 0.871704 0.031006 0.052246 -0.038574
-0.292603 0.275635 0.962646 -0.027222 -0.015381 -0.052856
-0.301270 0.299194 0.958618 0.009155 -0.005859 0.050171
-0.265747 0.320190 0.954590 0.013062 0.012451 0.122437
-0.251465 0.373779 0.958008 -0.016479 0.037354 0.159790
-0.237061 0.416382 0.958008 -0.069458 0.075073 0.057983
-0.465576 -0.010376 1.096069 0.078247 -0.034546 -0.042847
-0.098389 0.441528 1.125610 0.156860 0.226440 -0.147949
-0.298340 0.415771 0.883057 0.116333 0.237793 -0.420654
-0.430054 0.334961 0.843384 0.090698 0.114624 -0.396973
-0.384521 0.327881 0.880127 0.062012 0.071411 -0.327515
-0.473877 0.277466 0.847412 0.043701 0.005981 -0.319824
-0.485840 0.239136 0.884033 0.060791 -0.054565 -0.259033
-0.471802 0.253174 0.872070 0.074707 -0.119629 -0.198608
-0.428955 0.280640 0.874756 0.043091 -0.179199 -0.146851
-0.372925 0.293457 0.933594 0.012573 -0.185303 -0.079224
-0.325562 0.259277 0.983521 0.029663 -0.147949 -0.019775
-0.298706 0.309326 0.975342 0.055542 -0.118530 -0.026367
-0.306885 0.368774 0.937744 0.034302 -0.090088 -0.009399
-0.318970 0.347412 0.935547 0.004395 -0.068481 -0.018311
-0.342285 0.342773 0.929321 -0.039673 -0.058716 0.011230
-0.353882 0.270264 0.944702 -0.031250 -0.053589 0.069580
-0.307373 0.291138 0.966919 -0.001221 -0.055664 0.074951
-0.320557 0.343872 0.943115 0.007813 -0.063354 0.040283
-0.307861 0.343994 0.967407 0.009399 -0.070923 0.025757
-0.274414 0.305542 0.994629 -0.005737 -0.064331 -0.005737
-0.299805 0.373779 0.945679 -0.026245 -0.030640 -0.020264
-0.314453 0.357422 0.952515 -0.021484 -0.015869 -0.017822
-0.313477 0.290039 0.947754 -0.007202 -0.012085 0.062866
-0.318726 0.322876 0.950317 0.000122 -0.012695 0.087891
-0.320435 0.332275 0.950928 -0.003906 -0.020752 0.074951
-0.324097 0.333252 0.950195 -0.015625 -0.029785 0.042725
-0.311401 0.343506 0.951416 -0.026367 -0.035278 0.020264
-0.281738 0.334717 0.952026 -0.033203 -0.033936 0.025513
-0.292847 0.341309 0.950684 -0.039795 -0.024292 0.020752
-0.305298 0.288574 0.957153 -0.030151 -0.015137 0.043701
-0.332153 0.312500 0.957642 -0.010864 -0.030762 0.095337
-0.131348 0.412720 0.894287 -0.031494 -0.130981 0.006958
-0.161743 0.307617 0.920044 -0.009399 -0.019043 0.087402
-0.425537 0.385376 0.971558 -0.014771 -0.106934 0.044556
-0.359741 0.187256 0.959229 -0.006470 -0.014160 0.093994
-0.357544 0.513672 0.949707 -0.058350 -0.206299 -0.084595
-0.389648 0.199951 0.970459 0.003906 -0.122559 0.054688
-0.159424 0.373047 0.978271 -0.015015 -0.106445 0.041870
-0.243774 0.221558 1.015381 -0.025269 -0.105347 0.032715
-0.274902 0.114624 0.929932 0.022461 -0.083984 0.110107
-0.300781 0.352051 1.024536 -0.000732 -0.082520 0.064209
-0.349365 0.419434 0.954834 -0.023682 -0.087646 0.005005
-0.234375 0.324219 0.917603 -0.017090 -0.060181 -0.002441
-0.023926 0.313599 0.919434 -0.040405 -0.038452 -0.068970
-0.238647 0.309448 0.968628 -0.027832 0.005249 -0.044189
-0.280518 0.338379 0.970459 -0.022217 0.006226 -0.034058
-0.315308 0.342163 0.979614 -0.012329 -0.016357 0.000000
-0.175781 0.352783 0.962158 -0.016724 -0.013550 0.001709
-0.232544 0.345337 0.967285 -0.021362 -0.028687 -0.011353
-0.279419 0.333740 0.974731 -0.026489 0.014282 -0.001709
-0.287231 0.313965 0.969482 -0.017090 -0.002319 0.008545
-0.250610 0.343018 0.967163 -0.016724 -0.007080 -0.001343
-0.253662 0.343506 0.972290 -0.024780 -0.003174 -0.006836
-0.260010 0.334961 0.972656 -0.030396 -0.006836 -0.007813
-0.268433 0.307861 0.973022 -0.025513 -0.018066 -0.007935
-0.247681 0.318726 0.970825 -0.017090 -0.017578 0.000610
-0.233276 0.332520 0.967529 -0.017944 -0.008057 0.002441
-0.239136 0.335938 0.972534 -0.017212 0.000244 0.009277
-0.267700 0.326660 0.967773 -0.019531 -0.003296 -0.005981
-0.258423 0.316284 0.971436 -0.018311 -0.010498 -0.004028
-0.264404 0.347412 0.971924 -0.015869 -0.011108 0.010010
-0.243408 0.327637 0.972900 -0.014893 -0.003540 0.007202
-0.264526 0.329712 0.969971 -0.015869 -0.001587 0.003174
-0.270996 0.323975 0.970093 -0.009521 -0.009277 0.015381
-0.266724 0.361328 0.971191 -0.013062 -0.015747 0.007568
-0.240356 0.329224 0.971191 -0.015625 -0.010986 0.001099
-0.241943 0.312500 0.968384 -0.016479 -0.004761 0.005249
-0.259155 0.324585 0.972900 -0.012817 -0.004761 0.007690
-0.247070 0.338013 0.969971 -0.011108 -0.007446 -0.002686
-0.250366 0.326294 0.972656 -0.014526 -0.006958 0.010010
-0.244751 0.348755 0.968994 -0.017090 -0.001953 -0.000366
-0.260376 0.327026 0.973145 -0.018921 -0.004639 -0.011963
-0.258667 0.330322 0.972534 -0.021118 -0.008911 -0.016235
-0.250977 0.323364 0.976196 -0.019653 -0.006958 -0.001099
-0.255859 0.328369 0.969482 -0.023315 -0.005371 0.000000
-0.246948 0.326782 0.973022 -0.024658 0.000854 -0.006836
-0.249268 0.346802 0.968140 -0.029419 0.005249 -0.014771
-0.249268 0.316772 0.964600 -0.031738 0.008911 -0.021484
-0.270508 0.314209 0.967163 -0.027466 0.003662 -0.015381
-0.264771 0.316895 0.973511 -0.020142 -0.004028 -0.009277
-0.262939 0.316406 0.968140 -0.015503 -0.006470 -0.005249
-0.252197 0.329590 0.967773 -0.011719 -0.007446 0.000732
-0.252319 0.323242 0.969360 -0.016479 -0.003540 -0.003174
-0.266479 0.316284 0.972412 -0.012939 -0.004272 -0.008057
