-0.331543 0.314331 0.940063 -0.019165 -0.012085 -0.025024
-0.335815 0.319580 0.942139 -0.019043 -0.009644 -0.021484
-0.345215 0.339844 0.937378 -0.012695 -0.010620 -0.013428
-0.337280 0.318726 0.940674 -0.014771 -0.013306 -0.011475
-0.329346 0.324097 0.935913 -0.021362 -0.011230 -0.012329
-0.342041 0.322144 0.941650 -0.023682 -0.008545 -0.017090
-0.340820 0.311523 0.941895 -0.022705 -0.008423 -0.023071
-0.342896 0.305786 0.936035 -0.015991 -0.008667 -0.017578
-0.333130 0.314575 0.941650 -0.011353 -0.010010 -0.004028
-0.331665 0.306519 0.936646 -0.009277 -0.003052 0.001343
-0.342163 0.319092 0.949219 -0.014893 0.001953 0.001465
-0.346313 0.315796 0.945068 -0.014038 -0.005127 -0.000244
-0.346313 0.318481 0.947021 -0.009888 -0.013306 -0.006104
-0.319824 0.302734 0.944824 -0.005981 -0.014404 0.001221
-0.321411 0.322144 0.945068 -0.006836 -0.008667 0.011475
-0.336304 0.314331 0.937988 -0.009644 -0.001709 0.009644
-0.338257 0.318237 0.940430 -0.012207 -0.004272 0.010132
-0.343994 0.316406 0.943848 -0.007202 -0.007080 0.014282
-0.331177 0.320679 0.937378 -0.006104 -0.008911 0.021606
-0.328735 0.338989 0.940063 -0.006470 -0.005371 0.026489
-0.338501 0.313232 0.943359 -0.010376 -0.003296 0.015991
-0.333008 0.317139 0.946899 -0.012695 -0.004761 0.009521
-0.336914 0.323242 0.947388 -0.011230 -0.005005 0.015137
-0.318848 0.335693 0.940063 -0.014648 0.000000 0.013916
-0.334473 0.329346 0.939209 -0.023071 0.002319 0.002319
-0.340332 0.326538 0.935913 -0.027710 0.000610 -0.005005
-0.340942 0.309814 0.944824 -0.026611 -0.002075 -0.011597
-0.338013 0.305176 0.938843 -0.016846 -0.003052 -0.010254
-0.344238 0.309570 0.941650 -0.004272 -0.003540 0.006592
-0.346680 0.326294 0.934570 0.002075 -0.007446 0.014893
-0.346313 0.330688 0.940918 0.000977 -0.008545 0.021973
-0.336304 0.331909 0.943359 -0.004761 -0.009399 0.016235
-0.343262 0.337524 0.943237 -0.010010 -0.008911 0.005371
-0.341919 0.325439 0.944580 -0.014038 -0.012207 0.001953
-0.330200 0.303101 0.941895 -0.008301 -0.010376 0.004517
-0.338867 0.320068 0.950439 -0.006226 -0.007935 0.020264
-0.316040 0.347656 0.940430 -0.031250 -0.003784 0.029907
-0.327759 0.375732 0.958252 -0.000732 -0.011719 0.036499
-0.334717 0.325562 0.949097 -0.002441 -0.012451 0.047241
-0.268555 0.508301 0.962769 -0.065674 0.014404 0.041260
-0.360474 0.105347 0.933105 -0.109131 0.011108 0.029175
-0.374268 0.205078 0.884766 -0.228882 0.053223 -0.077271
-0.133911 0.905029 0.984497 -0.047607 -0.019409 0.139404
-0.499878 -0.187134 1.095947 -0.272095 0.063232 0.053589
-0.385498 -0.188110 0.848267 -0.215332 -0.005127 0.036377
-0.322876 0.290283 0.985596 -0.107910 0.014282 0.115234
-0.257568 0.186401 0.922974 -0.047241 -0.011597 0.173096
-0.092041 0.586914 0.919189 -0.098022 -0.001831 0.082275
-0.316528 0.234131 0.942017 -0.016602 -0.015015 0.130005
-0.303589 0.330933 0.947632 -0.000366 -0.008545 0.100708
-0.333984 0.323975 0.953735 -0.018433 -0.000244 0.020264
-0.327148 0.296875 0.947754 -0.022461 -0.000366 -0.018921
-0.329712 0.297363 0.948608 -0.021118 -0.001099 -0.033936
-0.335571 0.300903 0.950562 -0.016357 0.003174 -0.028198
-0.399414 0.091187 0.951782 -0.006104 -0.000122 -0.010742
-0.335205 0.297607 0.948486 0.003418 -0.017334 0.014526
-0.321045 0.296875 0.956665 0.004028 -0.038696 0.066162
-0.556885 0.290649 1.046021 -0.005005 -0.058716 0.064697
-0.155151 0.367188 0.908936 -0.014038 -0.097290 -0.016113
-0.160889 0.351074 0.911621 -0.014282 -0.069214 0.001343
-0.686035 0.318970 1.044312 -0.010986 -0.058105 0.045044
-0.129150 0.428345 0.885986 -0.046265 -0.132080 -0.023560
-0.084473 0.187134 0.915527 -0.052612 -0.157227 -0.039795
-0.253174 0.287354 0.940552 -0.001587 -0.016113 0.069824
-0.215332 0.265381 0.926636 -0.091675 -0.103882 -0.056030
-0.347046 0.318848 0.982788 0.011597 -0.029297 0.124756
0.177979 -0.041870 0.763062 -0.121704 -0.162476 -0.045288
-0.359497 0.707153 1.078613 -0.017944 -0.056885 0.108276
-0.400513 0.353271 0.967041 0.031494 0.004517 0.176880
-0.363770 0.500977 1.016602 -0.007324 -0.021851 0.100098
-0.342896 0.406006 0.971558 -0.022461 -0.021606 0.110840
-0.287231 0.151611 0.930176 -0.094604 -0.010986 0.065552
-0.170898 0.587280 0.987427 -0.012329 -0.017456 0.191650
-0.278320 0.160767 0.964355 -0.092773 0.003418 0.169800
-0.476807 -0.175293 0.964844 -0.138428 0.033203 0.074707
-0.654175 -0.254272 0.982788 -0.214111 0.063599 0.009521
-0.381836 0.168457 0.975708 -0.005371 -0.027100 0.123291
-0.508057 0.030518 0.970703 -0.114624 0.156738 0.026245
0.321533 0.716309 0.978149 -0.019043 0.075562 0.044434
-1.052002 -0.348511 1.124878 -0.061157 0.171631 0.117676
-0.947876 -0.005737 1.016968 0.036743 -0.004883 0.190796
-0.000122 -0.000122 -0.000122 -0.000122 -0.000122 -0.000122
0.000000 0.000000 0.000000 -0.043213 0.131104 -0.028564
0.491699 0.098877 0.847656 -0.017456 0.078857 -0.089355
0.468384 0.111328 0.682983 0.025879 0.083984 -0.032715
0.540283 0.116943 0.674316 0.050171 0.008423 -0.019165
0.771973 0.087402 0.501099 0.082886 -0.025879 0.020386
-0.289917 0.490723 0.973511 0.093872 -0.019165 0.019165
-0.720947 0.513794 0.973145 0.131714 0.111450 0.088745
-0.252197 0.398926 0.926514 -0.011353 -0.043701 -0.151733
-0.653931 0.639771 1.094849 0.246582 0.178711 0.179688
-0.224731 0.251953 0.937012 -0.015869 -0.024658 -0.038086
-0.244873 0.361084 0.942017 -0.011230 0.007813 0.036865
-0.261841 0.375000 0.942139 -0.023315 0.052368 0.058105
-0.237061 0.380493 0.941406 -0.047241 0.099121 0.083496
-0.556885 0.120117 1.084106 -0.039673 0.065063 -0.010010
-0.138062 0.443115 1.030029 0.103394 0.056641 -0.187500
-0.333008 0.420532 0.895386 0.047852 0.114746 -0.287354
-0.356079 0.331909 0.886963 0.057007 0.083618 -0.353149
-0.386719 0.357666 0.892212 0.056030 0.053955 -0.332642
-0.449219 0.289551 0.884766 0.044067 0.017944 -0.333008
-0.498535 0.277954 0.835205 0.060181 -0.044189 -0.279175
-0.487183 0.238525 0.862915 0.031616 -0.109497 -0.176880
-0.459595 0.254639 0.906738 0.030884 -0.152588 -0.088867
-0.417725 0.225586 0.933228 0.060669 -0.162231 -0.017456
-0.351685 0.352417 0.912231 0.113037 -0.181763 0.028809
-0.324341 0.378174 0.920166 0.062134 -0.177856 0.041992
-0.332275 0.384644 0.944092 0.021851 -0.162354 0.026611
-0.304932 0.402832 1.000610 -0.021851 -0.147827 0.014893
-0.281250 0.382202 0.931396 -0.024536 -0.040771 -0.056641
-0.267090 0.310059 0.935913 -0.031006 0.001587 -0.026978
-0.338867 0.307007 0.940308 -0.029297 0.004150 -0.023071
-0.400757 0.315308 0.944336 -0.022095 -0.029297 -0.025879
-0.346802 0.308838 0.943848 0.007813 -0.058350 0.019653
-0.328003 0.371948 0.943726 0.016846 -0.078735 0.024658
-0.314819 0.369507 0.941772 0.002319 -0.031250 0.038330
-0.370239 0.357666 0.965088 -0.014160 -0.031982 0.045044
-0.300903 0.272339 0.921143 -0.041260 -0.067871 -0.042114
0.449707 0.386108 0.828369 -0.057007 -0.193970 -0.145996
-0.472412 0.119507 0.970459 -0.049683 0.000366 -0.034546
-0.213623 0.306030 0.924072 -0.010010 -0.040649 0.008545
-0.795410 0.360229 1.041504 -0.025269 -0.190796 -0.069336
-0.947266 0.542114 1.165894 -0.001221 -0.136841 0.002563
0.217163 0.678223 0.800781 -0.005127 -0.188477 -0.096802
-0.832520 0.394531 0.838135 -0.064697 -0.079346 -0.094971
0.423950 0.247314 0.821289 -0.086426 -0.132446 -0.157349
-0.395142 0.138550 0.957397 -0.044556 -0.081787 -0.132690
-0.389893 0.317749 0.965332 -0.018921 0.002930 -0.009766
-0.381836 0.282227 0.962280 -0.011719 -0.051392 -0.020752
-0.832275 0.436401 1.121338 -0.001099 -0.156006 -0.077026
-0.324829 0.448608 0.987183 0.011230 -0.044922 0.011108
-1.344360 0.470825 1.213623 -0.056396 -0.080688 -0.138550
0.068359 0.235352 0.896851 -0.081543 -0.029053 -0.126221
-0.788574 -0.031128 1.130859 -0.090088 0.075684 -0.097290
-0.977905 0.141602 1.020020 -0.080444 0.096924 -0.096558
-0.384888 0.309448 0.978027 -0.087280 -0.091919 -0.128784
-0.119385 0.259155 0.927734 -0.030273 -0.103149 -0.095337
-0.738892 0.269409 0.956543 -0.042114 -0.080566 -0.053955
-0.276245 0.388184 0.958374 -0.020508 -0.019043 -0.001343
-0.337646 0.282349 0.985107 -0.031616 -0.025391 -0.011719
-0.316650 0.235352 0.995361 -0.018066 -0.127197 -0.058350
-0.219727 0.291748 0.949219 -0.015381 -0.031006 -0.044434
-0.294922 0.312988 0.973022 -0.015747 0.013916 -0.006104
-0.411987 0.319458 0.987793 -0.005615 0.007568 0.017578
-0.285034 0.352417 0.978882 -0.008179 -0.007568 0.026611
-0.271240 0.300171 0.976196 -0.026489 -0.005737 0.017212
-0.264038 0.266846 0.977295 -0.028076 -0.013062 -0.009399
-0.271118 0.271729 0.977539 -0.021851 -0.011108 -0.021240
-0.280884 0.272095 0.976685 -0.014038 -0.012085 -0.014282
-0.271729 0.279297 0.978271 -0.009399 -0.005859 0.017334
