-0.338867 0.372437 0.917358 -0.010742 -0.008423 0.010864
-0.351440 0.374634 0.913940 -0.014282 -0.005005 0.006836
-0.351074 0.363281 0.917603 -0.012939 -0.007690 0.013672
-0.359619 0.371216 0.911133 -0.011475 -0.012207 0.010620
-0.361206 0.365356 0.916504 -0.010742 -0.014893 0.014160
-0.342163 0.374634 0.916504 -0.007446 -0.014404 0.019775
-0.360474 0.365356 0.916016 -0.005249 -0.011841 0.009521
-0.350952 0.367798 0.911743 0.003784 -0.013916 0.023438
-0.342651 0.372925 0.913086 0.006104 -0.012085 0.039673
-0.328491 0.370483 0.919922 -0.001709 -0.008301 0.047607
-0.339355 0.389282 0.918091 0.002563 0.002563 0.068970
-0.299683 0.542114 0.938354 -0.035889 0.011597 0.054565
-0.201172 0.374878 0.908813 0.007568 -0.028931 0.040771
-0.313354 0.460938 0.917969 -0.004028 -0.010864 0.088745
-0.468262 0.830200 1.077881 -0.180542 0.034546 -0.094238
-0.226196 0.596436 0.843018 -0.147461 0.021484 0.004272
-0.359863 0.448608 0.930176 0.038940 -0.015259 0.240967
-0.476318 0.147217 0.962158 -0.266357 0.041016 -0.107300
-0.256470 0.549683 0.902588 -0.168823 0.008789 -0.073975
-0.361450 0.420776 0.949585 -0.147095 0.005737 0.102661
-0.210083 0.792114 0.935181 -0.110474 0.003540 0.077515
-0.264038 0.491577 0.921265 -0.088379 0.004028 0.011963
-0.380005 0.475464 0.917969 -0.088501 0.029175 -0.046631
-0.355225 0.408447 0.926147 0.002563 -0.008911 0.035889
-0.337036 0.392212 0.928467 -0.019165 -0.006470 -0.034668
-0.341309 0.366943 0.931885 -0.047119 0.000244 -0.114380
-0.370605 0.337280 0.929932 -0.058472 -0.000610 -0.145264
-0.351685 0.310791 0.923340 -0.049316 -0.006714 -0.107178
-0.364990 0.293457 0.939087 -0.027954 -0.012207 -0.041016
-0.354492 0.313354 0.935303 -0.006226 -0.020142 0.059448
-0.254150 0.366943 0.934937 0.003662 -0.049805 0.072876
-0.549683 0.241089 1.000000 -0.040283 -0.024292 0.045288
0.192993 0.444702 0.913452 -0.021484 -0.228027 -0.138184
-0.520996 0.265015 0.928711 -0.082153 0.049072 -0.027100
-0.611816 0.281738 1.080200 -0.040161 -0.042725 -0.021973
-0.094849 0.265991 0.856079 -0.012451 -0.115356 -0.029785
-0.344238 0.329590 0.939209 -0.033203 -0.014038 0.039795
-0.288208 0.316162 0.944214 -0.022095 -0.059082 0.010498
-0.302734 0.364502 0.932373 -0.030884 -0.077881 -0.009644
-0.393311 0.337769 0.967896 -0.024292 0.009277 0.052856
-0.341797 0.284912 0.923950 -0.025879 -0.037720 0.002319
-0.411987 0.341553 0.983643 -0.024170 -0.017334 0.064819
-0.293091 0.271362 0.916382 -0.016846 -0.024780 0.067627
-0.457520 0.443726 1.013794 -0.016357 -0.028564 0.079956
0.022583 0.152710 0.831665 -0.075317 -0.091675 -0.082031
-0.379150 0.371094 0.943604 -0.036377 -0.024780 0.015991
-0.462280 0.500366 0.992920 -0.038574 -0.039063 -0.028076
-0.394531 0.332520 0.947144 -0.005981 0.005005 0.053101
-0.343872 0.335327 0.947632 -0.007690 -0.006958 0.040161
-0.324219 0.303345 0.939087 -0.007568 -0.012451 0.041870
-0.329224 0.324341 0.945435 -0.000977 -0.012817 0.058228
-0.318481 0.342651 0.952271 -0.012329 -0.015137 0.057739
-0.322021 0.404175 0.965820 -0.064697 -0.013306 0.009888
-0.508667 0.758789 1.066895 -0.081421 -0.015625 -0.011841
-0.354736 0.396606 0.960083 0.009277 -0.006836 0.143311
-0.318604 0.264282 0.932739 -0.030884 -0.003540 0.068604
-0.326050 0.377808 0.960083 -0.023926 0.001465 0.065918
-0.319702 0.354126 0.952393 -0.048706 0.000977 -0.011963
-0.323853 0.140503 0.939209 -0.027344 -0.005249 0.055542
-0.385254 0.022217 0.926636 -0.127930 0.044067 0.002686
-0.252686 0.234619 0.918335 -0.075073 0.018188 0.046021
-0.166138 0.519165 0.944580 0.088379 -0.051392 0.198853
-0.181641 0.483154 0.938721 0.025269 -0.003418 0.130127
-0.646973 -0.624756 0.928467 -0.267212 0.091064 -0.173950
-0.465088 -0.004028 0.961548 -0.026123 0.001953 0.081421
-0.202515 0.745361 0.942627 -0.035767 0.049561 0.097290
-0.567017 0.013062 0.968506 -0.049683 0.040039 0.028076
-0.380615 0.391113 0.968140 -0.030884 0.057983 0.115112
-0.261841 0.326294 0.927979 -0.014771 0.037598 0.117188
-0.306763 0.370483 0.958740 0.054199 -0.053955 0.208374
-0.813599 -0.194824 0.983887 0.017456 0.029541 0.103027
-0.508179 0.132080 0.972900 0.047607 -0.025146 0.094849
0.083618 0.526611 0.802734 0.002563 0.112793 0.098389
-0.231934 0.566284 0.934570 0.005493 0.041870 0.026855
0.112549 0.364502 0.848877 0.042236 0.209106 0.177490
-0.645020 0.509155 1.121582 0.013306 -0.025513 -0.052979
0.270752 0.142822 0.803589 0.092529 0.247192 0.218140
-0.222534 0.482666 0.933716 -0.048462 -0.073242 -0.183105
0.016968 0.001465 0.581665 0.107300 0.103638 0.101807
-1.062866 0.862183 1.080811 0.070435 -0.029297 0.055908
-0.259033 0.298462 0.879761 0.082642 -0.008423 0.042725
-0.096558 0.283691 0.711548 0.135254 0.036499 0.137817
-0.280029 0.484253 0.940063 0.000244 -0.020996 -0.068726
-0.227051 0.132568 0.861450 0.074097 0.047974 0.098999
-0.312134 0.333740 0.921875 -0.029663 -0.007446 -0.017334
-0.324097 0.385620 0.921509 -0.010254 0.009521 0.049561
-0.336060 0.359009 0.920898 -0.005615 0.007690 0.094604
-0.327393 0.433838 0.917358 -0.026245 0.012451 0.058350
-0.293701 0.430420 0.918335 -0.058716 0.031860 -0.037720
-0.253906 0.492188 0.916016 -0.109009 0.079102 -0.066040
-0.192627 0.388916 1.065674 0.093872 0.011597 -0.008911
-0.274780 0.478149 0.994507 0.009766 0.142578 -0.219604
-0.397217 0.319824 0.902588 0.056274 0.158936 -0.254639
-0.446289 0.331177 0.848633 0.077759 0.078125 -0.230347
-0.475830 0.352051 0.838379 0.062622 -0.004517 -0.227051
-0.489624 0.305542 0.835693 0.078125 -0.096680 -0.219604
-0.442749 0.338745 0.861450 0.069702 -0.162476 -0.154053
-0.373657 0.327515 0.930908 0.063232 -0.153320 -0.099976
-0.328491 0.345947 0.944214 0.066650 -0.108887 -0.056030
-0.332764 0.423462 0.916260 0.037720 -0.068970 -0.058716
-0.345093 0.378418 0.913940 0.016479 -0.059448 -0.051636
-0.371582 0.352173 0.925415 0.024170 -0.047729 -0.025757
-0.388916 0.365601 0.895508 0.000610 -0.040161 -0.030884
-0.397827 0.369385 0.890747 -0.009277 -0.058350 -0.015625
-0.402710 0.360962 0.878540 -0.014282 -0.079956 0.016846
-0.416138 0.343750 0.899536 -0.015991 -0.119873 0.045166
-0.361328 0.361572 0.932129 0.022217 -0.148438 0.036377
-0.244629 0.339966 1.288818 0.046143 -0.119141 -0.021484
-0.272095 0.534912 0.922119 -0.003906 -0.075562 -0.049561
-0.324341 0.481812 0.927490 0.001343 -0.013672 -0.014038
-0.299438 0.354858 0.918091 -0.016357 0.007202 0.017090
-0.348022 0.365723 0.923340 -0.023682 0.008301 0.011719
-0.373413 0.380493 0.925903 -0.026245 -0.012695 0.017578
-0.355469 0.381714 0.916260 -0.021362 -0.031494 0.010986
-0.367310 0.375488 0.942261 -0.015625 -0.069580 -0.014160
-0.204956 0.388916 0.883911 -0.043945 -0.103027 -0.083130
-0.885742 0.513062 0.970825 -0.073730 -0.191650 -0.143921
-0.510620 0.395996 1.042969 -0.049683 -0.071167 0.019043
0.205933 0.408936 0.711060 -0.072021 -0.090210 -0.066162
-1.265137 0.450073 1.025879 -0.074463 -0.197510 -0.170654
-0.543457 0.235596 0.918091 -0.067017 -0.065308 -0.086060
-0.330688 0.322632 1.055664 -0.085571 -0.087036 -0.127075
-0.467651 0.261108 0.941528 -0.060791 -0.089722 -0.100342
0.147827 0.345581 0.837036 -0.026733 -0.047974 -0.030762
-0.442749 0.350586 0.985474 -0.025879 -0.059570 -0.021973
-0.094849 0.448730 0.906738 -0.036255 -0.061646 -0.053223
-0.662109 0.403809 0.975220 -0.044556 -0.167603 -0.117920
-0.473877 0.380493 0.981934 -0.041748 -0.049194 0.000244
-0.569458 0.377686 1.037964 -0.034180 -0.079468 -0.034424
-0.297607 0.346436 0.955811 -0.033081 -0.015259 0.000732
-0.349609 0.304810 0.946289 -0.020996 -0.023560 0.000000
0.062866 0.376343 0.882568 -0.036621 -0.049194 -0.054321
-0.343872 0.339722 0.960571 -0.026978 -0.013428 0.000244
0.067017 0.435913 0.908081 -0.028320 -0.014526 -0.004272
-0.341187 0.323364 0.960693 -0.024170 -0.019531 0.003662
-0.485596 0.345703 0.957397 -0.026001 -0.094604 -0.067993
-0.313354 0.364380 0.943359 -0.024536 -0.000488 -0.013062
-0.318115 0.321777 0.947021 -0.015137 -0.008545 -0.013794
-0.298828 0.328735 0.955444 -0.006104 -0.011353 0.003662
-0.291992 0.350220 0.949219 -0.006714 -0.007935 0.012695
-0.297485 0.358032 0.948853 -0.016602 -0.000610 -0.000854
-0.304443 0.339966 0.951538 -0.019287 -0.001587 -0.013428
-0.292603 0.324829 0.945313 -0.015747 -0.001465 -0.002441
-0.306641 0.338867 0.948608 -0.010742 -0.004883 0.012451
-0.303101 0.338135 0.951172 -0.010010 -0.009033 0.002319
-0.293945 0.336914 0.947021 -0.009766 -0.007690 0.006470
-0.293945 0.342285 0.946899 -0.014282 -0.005005 0.004028
-0.303101 0.336792 0.948608 -0.014404 -0.002075 0.003662
-0.310791 0.338501 0.948975 -0.013550 -0.009277 0.003052
-0.293579 0.343994 0.948853 -0.016602 -0.009766 -0.004639
