-0.261597 0.332397 0.963867 -0.022583 0.005981 -0.021240
-0.255493 0.302002 0.969482 -0.003418 -0.001587 0.020386
-0.245117 0.312866 0.966553 0.015503 -0.000732 0.064941
-0.242554 0.330322 0.963501 0.023682 0.006104 0.077637
-0.227051 0.356201 0.961914 0.017700 0.020508 0.071777
-0.238403 0.326416 0.961670 0.046509 0.018921 0.047729
-0.257324 0.320435 0.961548 0.053955 0.014404 0.028198
-0.231445 0.405640 0.983276 0.032715 0.019165 0.020996
-0.172485 -0.392822 0.918945 -0.104736 0.076050 0.109497
-0.168701 0.689819 0.985718 -0.137085 0.062500 0.083008
-0.381958 0.352905 0.987061 -0.106567 0.044556 0.035156
-0.183594 0.493652 0.944336 -0.234131 0.099121 -0.043579
-0.164795 0.495850 0.993042 -0.116333 0.063843 0.109985
-0.170898 0.225708 0.973145 0.010132 0.025513 0.180054
-0.645386 -0.368408 0.974854 -0.122803 0.042969 0.017578
-0.202637 0.356567 0.956787 -0.023438 0.011597 0.030884
-0.281860 0.322021 0.960571 -0.058716 0.004150 -0.109131
-0.318848 0.280762 0.975586 -0.035156 -0.020996 -0.091431
-0.281250 0.302368 0.971558 -0.017334 -0.042358 -0.074219
-0.271362 0.404419 1.001343 -0.007935 -0.124390 -0.098877
-0.321777 0.193726 0.981079 0.004639 -0.106812 -0.093140
0.295898 0.580688 0.964111 -0.023193 -0.156128 -0.145386
-0.135986 0.381592 0.963745 -0.071533 -0.039551 -0.098633
0.003662 0.348633 0.949097 -0.028809 -0.136963 -0.075562
-0.348389 0.335449 1.012573 -0.013550 -0.031982 0.054565
-0.229248 0.388306 0.953735 0.021973 -0.013184 0.133423
-0.318481 0.463623 0.983887 -0.065186 -0.064453 0.010742
-0.233032 0.250854 0.969604 -0.087891 -0.013062 -0.042358
-0.331055 0.333740 0.974243 0.028442 0.013916 0.096436
-0.247925 0.307617 0.982544 0.033447 -0.005493 0.026367
-0.225098 -0.228027 0.917236 -0.227905 -0.005005 -0.205933
-0.201782 -0.160522 0.937988 -0.054810 -0.018555 0.007690
-0.121948 0.714966 1.012695 0.027466 -0.007813 0.086304
-0.253418 0.045044 1.022583 -0.170044 0.017822 -0.010010
-0.214722 0.345825 0.968628 0.023438 -0.002319 0.151245
-0.007202 0.638672 0.928711 -0.047729 0.021851 0.083130
-0.059204 -0.071289 0.977905 -0.037842 -0.000977 0.111938
-0.310059 0.471924 0.958496 -0.107544 0.091797 0.011353
-0.169678 0.266357 0.980469 -0.035156 0.014648 0.034790
-0.742920 0.060791 1.028198 -0.136475 0.150146 -0.006836
-0.318359 0.430664 1.103149 -0.091675 0.171997 0.010742
-0.253418 0.328003 0.994873 -0.091675 0.047363 -0.047363
-0.953369 0.282104 1.191040 -0.073608 0.264771 0.014160
0.584839 0.130371 0.681763 -0.043213 0.004517 -0.062134
0.420776 0.186279 0.697632 -0.007446 0.083130 0.006958
-0.293945 0.401733 0.986084 0.035278 -0.023315 -0.000488
1.061279 0.187866 0.388550 0.006958 -0.027344 -0.078857
-0.235596 0.204712 0.980591 -0.017578 -0.024048 -0.097656
-0.520020 0.828003 1.025757 0.104858 0.051880 0.145874
-1.159424 0.315918 1.402832 0.183594 0.194336 0.254395
-0.128906 0.178833 0.957886 -0.032593 0.008911 -0.005615
-0.322632 0.381592 0.994263 0.010864 0.070679 0.080811
-0.359131 0.074341 1.008667 0.042969 0.064941 0.100586
-0.147461 0.412354 1.140503 0.134888 0.018433 -0.052246
-0.236206 0.476318 0.926880 0.103638 0.077148 -0.194092
-0.245239 0.346680 0.918701 0.028320 0.046875 -0.284668
-0.281372 0.378906 0.903687 0.012573 0.053467 -0.334595
-0.388306 0.258057 0.892456 -0.007935 0.035889 -0.338135
-0.406616 0.229736 0.929199 0.024536 -0.025635 -0.260742
-0.423218 0.240234 0.905518 0.049683 -0.076904 -0.214478
-0.384277 0.255615 0.921143 0.039673 -0.117676 -0.182373
-0.340332 0.258057 0.955444 0.046265 -0.146484 -0.106323
-0.265015 0.308838 0.974121 0.068359 -0.134644 -0.056396
-0.229492 0.342163 0.984131 0.070068 -0.068359 -0.017700
-0.267822 0.342773 0.944458 0.043579 -0.008179 -0.006226
-0.303223 0.351074 0.926392 0.012329 0.015991 0.012329
-0.326416 0.285522 0.952881 -0.013184 0.015015 0.027588
-0.318970 0.320679 0.942627 0.006958 0.000610 0.032104
-0.312744 0.333374 0.947144 -0.003784 -0.017212 0.042969
-0.303345 0.319824 0.949463 -0.024780 -0.035645 0.044434
-0.329834 0.341064 0.940552 -0.046509 -0.051758 0.035400
-0.295044 0.313843 0.973022 -0.062744 -0.065552 0.030762
-0.281982 0.320190 0.978882 -0.038696 -0.086548 0.011108
-0.172607 0.262573 1.446167 -0.043213 -0.114014 -0.007080
-0.179810 0.366089 0.951050 -0.001221 -0.061035 -0.008301
-0.312866 0.370483 0.965454 -0.013184 -0.026733 0.001465
-0.288208 0.324707 0.968018 -0.026367 -0.022461 -0.004517
-0.268555 0.371216 0.959961 0.003174 -0.027466 0.015747
-0.307495 0.325928 0.980347 -0.024414 -0.027222 0.020264
-0.258911 0.352173 0.966553 -0.048584 -0.020264 0.009766
-0.261597 0.318604 0.950439 -0.060303 -0.018921 -0.022461
-0.572754 0.341797 1.059814 -0.057983 -0.058105 -0.069580
-0.185303 0.228149 0.929810 -0.033813 -0.065796 -0.058716
-0.272461 0.271362 0.965820 -0.007935 -0.043457 -0.020752
-0.367554 0.319214 0.999390 -0.025146 -0.063354 -0.083862
-0.145020 0.182495 0.996826 -0.077637 -0.161133 -0.221313
-0.473633 0.301514 1.004028 -0.042725 -0.057373 -0.050903
-0.282715 -0.143677 0.966309 -0.093994 -0.125366 -0.142700
0.004883 0.274536 0.903442 -0.115967 -0.143188 -0.189941
0.438721 0.298462 0.836792 -0.083618 -0.195557 -0.192505
-0.467285 0.159302 1.030518 -0.015869 -0.053223 -0.053223
-0.695679 0.390747 0.976440 -0.047241 -0.122803 -0.086060
-0.324585 0.318726 0.993164 -0.020386 -0.018188 0.003784
-0.016113 0.502319 0.972412 -0.017822 -0.183105 -0.097168
-0.417114 0.137695 1.029785 -0.041992 -0.019653 -0.055664
-0.177856 0.370483 0.969727 -0.020386 -0.106323 -0.052856
-0.338501 0.253540 1.005859 -0.071411 -0.039673 -0.083008
-0.288452 0.279541 0.989868 -0.046875 -0.027588 -0.038330
-0.250488 0.275513 0.987793 -0.036133 -0.012451 -0.022461
-0.204834 0.263550 0.981567 -0.035645 -0.009521 -0.023926
-0.240356 0.241211 0.992065 -0.033691 0.009521 -0.026855
-0.255371 0.252930 0.989624 -0.023438 0.007690 -0.020630
-0.263550 0.252686 0.989868 -0.018921 0.000244 -0.036011
-0.250244 0.251343 0.993530 -0.006836 -0.007202 -0.028198
-0.247925 0.266235 0.989136 0.002441 -0.008545 -0.005981
-0.245239 0.278320 0.989502 0.000977 -0.011597 -0.000122
-0.239258 0.279419 0.998535 -0.004639 -0.010010 -0.007080
-0.233276 0.280029 0.991089 -0.014771 -0.004028 -0.005737
-0.246094 0.270874 0.984619 -0.022095 -0.000732 -0.012329
-0.250488 0.251099 0.994751 -0.022095 -0.002686 -0.014160
-0.247925 0.257568 0.990356 -0.014648 -0.005005 0.003906
-0.235840 0.271729 0.993652 -0.014038 -0.004272 0.009277
-0.253052 0.264282 0.993042 -0.016479 -0.002930 -0.004395
-0.248535 0.265747 0.994507 -0.013916 -0.007324 -0.007080
-0.238281 0.265381 0.989502 -0.013062 -0.007568 -0.003906
-0.255249 0.272217 0.990723 -0.016113 -0.006104 -0.006348
-0.248779 0.267700 0.991577 -0.019653 -0.009521 -0.011108
-0.235352 0.265503 0.994019 -0.017212 -0.008789 -0.009155
-0.254639 0.250977 0.993530 -0.015503 -0.005249 -0.007080
-0.253784 0.254150 0.998413 -0.005859 -0.010620 0.000488
-0.241577 0.282471 0.985474 -0.000732 -0.011963 0.007080
-0.244751 0.283569 0.992554 -0.010498 -0.008423 -0.010498
-0.245117 0.272095 0.994751 -0.017822 -0.004761 -0.017822
-0.252319 0.254272 0.992676 -0.016235 -0.007324 -0.006226
-0.244385 0.265259 0.994385 -0.011230 -0.007935 0.004272
-0.250610 0.274414 0.994263 -0.012207 -0.007568 0.005493
-0.231201 0.272461 0.993530 -0.016479 -0.003662 0.006836
-0.255615 0.271973 0.994141 -0.015015 -0.000122 -0.000366
-0.258423 0.263062 0.985840 -0.017456 -0.012451 -0.008179
-0.240234 0.253784 0.990967 -0.014038 -0.011963 -0.010742
-0.238647 0.277588 0.987183 -0.008423 -0.009521 0.003296
-0.236084 0.270874 0.995117 -0.017456 -0.005005 -0.014404
-0.248657 0.269165 0.998535 -0.020264 -0.002441 -0.018921
-0.254028 0.263184 0.989624 -0.022217 -0.005737 -0.021851
-0.256470 0.248657 0.989624 -0.018066 -0.008179 -0.006958
-0.244141 0.269653 0.989746 -0.011963 -0.013794 -0.003540
-0.228760 0.268921 0.992920 -0.015381 -0.008423 -0.000488
-0.243042 0.268433 0.995605 -0.016846 -0.000244 0.008301
-0.259277 0.265625 0.993896 -0.018677 -0.002686 0.001465
-0.270386 0.249634 0.998779 -0.013794 -0.010986 -0.015381
-0.247192 0.266602 0.991333 -0.008179 -0.018433 -0.010376
-0.232300 0.266113 0.990356 -0.009399 -0.013550 -0.007935
-0.244507 0.265625 0.992920 -0.010498 -0.005005 0.001099
-0.249390 0.270996 0.993530 -0.011841 -0.004639 0.000244
-0.263184 0.255737 0.993774 -0.011841 -0.008179 0.000244
-0.236328 0.280762 0.988647 -0.008545 -0.013306 0.007324
-0.238037 0.281006 0.996216 -0.017212 -0.004517 -0.002441
-0.255981 0.263672 0.993164 -0.021118 -0.001343 -0.004761
-0.262573 0.248047 0.996094 -0.014771 -0.006714 -0.008911
-0.245972 0.258789 0.991821 -0.004761 -0.012939 0.000488
