-0.366699 0.223633 0.953857 -0.015015 0.000000 0.012573
-0.375000 0.224731 0.957642 -0.015869 0.002686 0.002563
-0.383057 0.225464 0.957764 -0.015747 0.000122 0.000610
-0.382935 0.216064 0.959961 -0.013062 -0.003662 -0.011719
-0.364380 0.209961 0.958740 -0.008423 -0.003540 -0.003540
-0.371460 0.223511 0.949951 -0.006348 -0.000977 -0.006226
-0.368408 0.213257 0.958252 -0.007080 0.004395 -0.019287
-0.374878 0.256836 0.957886 -0.006958 0.010864 -0.009399
-0.335571 0.136108 0.953125 -0.006348 0.014526 0.005981
-0.372559 0.179321 0.958618 0.019653 0.026245 0.033203
-0.382324 0.425293 0.969849 0.001831 0.027222 0.002563
-0.432495 0.378662 0.936035 -0.049927 0.017700 0.011963
-0.249756 0.298828 0.910522 -0.155518 -0.035034 -0.054077
-0.456299 0.171265 0.960815 -0.106445 0.034424 0.119629
-0.420288 0.499390 1.045044 0.000000 0.029663 0.185181
-0.296265 0.226563 0.936279 -0.186035 -0.016602 0.054810
-0.496338 -0.147827 0.954712 -0.145386 0.010132 0.093018
-0.407593 0.511475 0.994385 -0.004761 -0.002441 0.150513
-0.393921 0.286133 0.953003 0.008667 0.013306 0.117920
-0.394043 -0.033813 0.926270 -0.151123 -0.000854 -0.029785
-0.393921 0.215210 0.955322 -0.029419 -0.001587 0.041748
-0.389404 0.218628 0.955933 -0.020874 -0.014771 -0.030151
-0.386475 0.219604 0.953247 -0.027344 -0.027100 -0.073242
-0.380005 0.184204 0.958130 -0.036133 -0.045044 -0.138794
-0.382568 0.204102 0.956787 -0.010986 -0.055908 -0.132690
-0.384521 0.157959 0.970337 0.000000 -0.041260 -0.073486
-0.425293 0.124634 0.971924 0.071533 -0.104858 0.013184
-0.734863 0.097046 0.941406 0.000854 -0.098145 -0.031128
-0.211182 0.482910 0.914429 0.016479 -0.151001 -0.081543
-0.440552 0.258423 0.958740 -0.041992 -0.088013 -0.075928
-0.398315 0.009888 0.936768 -0.042480 -0.085083 -0.054932
-0.488403 0.171021 0.992188 -0.031128 -0.074585 0.005493
-0.118164 -0.045654 0.932495 -0.047974 -0.057739 0.057617
-0.448120 0.114868 1.087158 -0.099609 -0.088013 -0.018799
-0.495972 0.516235 0.991455 -0.037231 -0.038452 0.042480
-0.455444 0.325684 1.009766 -0.002075 0.016113 0.124268
-0.416992 0.210571 1.015625 -0.104248 -0.069946 -0.091064
-0.371704 0.220459 0.987549 -0.015381 -0.004517 0.098999
-0.447266 0.365601 1.022217 -0.078613 0.003784 0.054565
-0.396118 -0.055176 0.963013 -0.021851 0.021973 0.123169
-0.427734 0.749390 0.962402 -0.069946 0.006104 0.079102
-0.342407 0.035400 0.974121 -0.048828 0.011230 0.118164
-0.363159 -0.036011 0.976318 -0.040283 0.020386 0.097534
-0.460327 0.280640 0.979492 -0.145508 0.064209 0.052002
-0.411743 0.184326 1.015747 -0.070068 0.047363 0.118042
-0.509888 0.031738 1.031006 -0.058838 0.061523 0.122314
-0.255981 0.444946 0.942017 0.002808 0.048950 0.122559
-0.310791 0.312378 0.939575 -0.050903 0.066895 0.084229
-0.925781 0.029907 1.007324 -0.094849 0.156982 0.171387
-0.342529 0.223999 0.963745 0.007446 0.035645 0.140503
0.286499 0.388550 0.783447 -0.039429 0.042480 0.112183
-0.623169 -0.081421 1.058716 -0.020752 0.043457 0.105591
-0.103516 0.320801 0.877686 0.009521 0.010376 0.032837
0.237305 0.431152 0.685791 0.003174 0.072021 0.079712
-0.863892 0.169800 1.065308 0.066650 0.133911 0.063599
-0.952515 0.501343 0.943115 0.149292 0.174683 0.089844
-0.120850 0.462524 0.749634 0.168091 0.041748 0.142578
-0.392578 0.416748 0.969727 0.084473 -0.023438 0.035645
-0.245117 -0.209473 0.970093 0.137817 0.154419 0.257813
-0.246216 0.187256 0.957031 -0.036011 -0.027222 -0.001587
-0.401123 0.270630 0.956421 -0.031616 0.017578 -0.002930
-0.400513 0.198120 0.958618 -0.030396 0.015015 0.026978
-0.353638 0.238770 0.952515 -0.028076 0.013794 0.071777
-0.416748 0.220947 0.963867 -0.047363 0.024414 0.042603
-0.392090 0.167969 1.014160 0.224854 -0.018921 0.134766
-0.253296 0.404053 1.094727 0.120728 0.060669 -0.108643
-0.387207 0.294556 0.903687 0.039307 0.117310 -0.282959
-0.451416 0.248047 0.854980 0.005249 0.078003 -0.292480
-0.451538 0.138916 0.907227 -0.000977 0.037109 -0.240356
-0.495117 0.153809 0.891113 0.027222 -0.007935 -0.184814
-0.476685 0.143188 0.887207 0.076538 -0.068481 -0.155029
-0.434814 0.198730 0.910889 0.101929 -0.102783 -0.106079
-0.368164 0.228516 0.963501 0.074463 -0.104370 -0.091797
-0.364990 0.227661 0.961060 0.053589 -0.067871 -0.098267
-0.364624 0.216797 0.955933 0.060791 -0.033447 -0.076172
-0.000122 -0.000122 -0.000122 -0.000122 -0.000122 -0.000122
-0.000122 -0.000122 -0.000122 -0.000122 -0.000122 -0.000122
-0.000122 -0.000122 -0.000122 -0.000122 -0.000122 -0.000122
0.000000 0.000000 0.000000 -0.031982 -0.005127 0.038452
-0.414551 0.185669 0.951172 -0.016968 -0.044556 0.053833
-0.446045 0.207886 0.956299 0.013306 -0.062744 0.043945
-0.373047 0.204956 1.056396 0.019897 -0.093140 0.044800
-0.357788 0.364136 0.942261 0.018677 -0.047607 -0.034302
-0.394531 0.280151 0.947388 -0.004517 -0.011719 -0.029053
-0.400391 0.227295 0.949341 -0.014404 -0.015137 -0.003784
-0.406494 0.205444 0.953735 -0.008789 -0.024780 0.002197
-0.396240 0.232788 0.945557 0.007690 -0.024536 0.030762
-0.392700 0.263306 0.945923 0.003418 -0.024414 0.041016
-0.385010 0.252808 0.946411 -0.006104 -0.025879 0.030640
-0.397583 0.255371 0.951416 -0.010376 -0.026978 0.014282
-0.480957 0.248657 0.995850 -0.006836 -0.061157 -0.003418
-0.054688 0.266479 0.865601 -0.028687 -0.106079 -0.074219
-0.350342 0.241577 0.958374 -0.013794 -0.082764 -0.024780
-0.297485 0.280151 0.938721 -0.002686 -0.083008 -0.041992
0.215454 0.544678 0.841553 -0.005005 -0.141357 -0.091309
-0.698364 0.265015 1.067505 -0.032837 -0.080688 -0.042603
-0.433594 0.188354 0.980713 -0.041016 -0.028076 0.005005
0.042603 0.315186 0.859863 -0.032349 -0.125366 -0.073486
-0.601074 0.030396 1.091553 -0.071777 -0.033569 -0.072388
-0.149170 0.224487 0.914063 -0.086670 -0.093750 -0.098145
-0.571533 0.130615 0.975342 -0.073975 -0.130005 -0.131470
-0.354492 0.175171 1.010254 -0.053711 -0.098633 -0.066895
0.016113 0.379761 0.873413 -0.026855 -0.147827 -0.102051
-0.188477 0.379150 0.929321 -0.044189 -0.107056 -0.098022
-0.613525 -0.024414 0.934448 -0.068604 -0.073364 -0.135986
0.058838 0.300659 0.909180 -0.036987 -0.130371 -0.148682
-0.334106 0.100342 0.970093 -0.079956 -0.030151 -0.077026
-0.336426 0.123413 0.946167 -0.040771 -0.046509 -0.069946
-0.375000 0.156616 0.978638 -0.020386 -0.002930 0.008301
-0.345093 0.193481 0.973389 -0.004272 -0.017212 -0.012085
-0.314819 0.215454 0.978760 -0.011597 -0.005493 -0.030029
-0.332764 0.171021 0.975586 -0.017822 0.007690 0.010376
-0.347900 0.184326 0.972046 -0.008789 0.007813 0.029663
-0.343872 0.197876 0.974487 -0.010010 0.003662 0.012695
-0.350952 0.192749 0.980225 -0.009644 0.003052 0.016357
-0.345459 0.191406 0.974121 -0.005615 0.000000 0.021362
-0.356689 0.193726 0.973755 -0.005859 -0.001953 -0.003662
-0.347778 0.196167 0.972046 0.001099 -0.004639 0.010254
-0.340820 0.210327 0.972168 -0.001221 -0.005371 0.010620
-0.343628 0.210083 0.971069 -0.008789 -0.002319 0.007568
-0.354248 0.194946 0.969971 -0.014160 -0.000854 0.000732
-0.351074 0.187012 0.977905 -0.008911 -0.005493 -0.000977
-0.356079 0.205444 0.976563 -0.002319 -0.009399 0.003540
-0.334961 0.216919 0.971558 -0.005981 -0.009155 0.010620
-0.341309 0.193726 0.973877 -0.010010 -0.002441 0.004272
-0.346924 0.204590 0.964966 -0.005859 -0.002686 0.014404
-0.340454 0.203003 0.974854 -0.012573 -0.002686 -0.001465
-0.358398 0.195313 0.977295 -0.010376 -0.002686 0.003418
-0.355469 0.207764 0.972778 -0.011597 -0.011108 -0.005737
-0.340332 0.224121 0.973999 -0.018188 -0.012939 -0.018188
-0.335083 0.206665 0.972900 -0.026367 -0.009521 -0.016235
-0.345703 0.180664 0.976318 -0.025635 -0.001831 -0.002563
-0.351685 0.199951 0.975342 -0.016968 -0.004761 0.004028
-0.352173 0.199585 0.972168 -0.016235 -0.004272 -0.011108
-0.343506 0.206177 0.977295 -0.017456 -0.006348 -0.014526
-0.344849 0.207764 0.970825 -0.021362 -0.001587 -0.002319
-0.360596 0.185791 0.977051 -0.021606 -0.004028 -0.007446
-0.349854 0.187134 0.977905 -0.010742 -0.009399 0.008667
-0.342529 0.211792 0.974243 -0.008911 -0.007080 0.015991
-0.348999 0.218994 0.974243 -0.017212 -0.003174 0.003662
-0.358521 0.187012 0.973877 -0.021973 -0.005615 -0.005615
-0.354614 0.180908 0.978149 -0.013672 -0.012695 -0.011963
-0.348145 0.182861 0.973022 -0.005005 -0.016235 -0.004517
-0.340820 0.214355 0.974243 -0.001465 -0.013550 0.000854
-0.342896 0.214844 0.975220 -0.011108 -0.007324 -0.008911
-0.340942 0.204346 0.975830 -0.022217 -0.004761 -0.014038
-0.351074 0.195923 0.971558 -0.022339 -0.004150 -0.006226
-0.355591 0.190430 0.980469 -0.020142 -0.009277 -0.010620
-0.347534 0.174683 0.976807 -0.013794 -0.010620 -0.010864
-0.338135 0.192017 0.970581 -0.007446 -0.010010 0.001099
