-0.268433 0.404419 0.933594 -0.011597 -0.004883 0.014282
-0.274414 0.385498 0.920044 -0.005005 -0.002197 0.006348
-0.292603 0.427979 0.923218 -0.006714 -0.006348 0.003418
-0.264771 0.416382 0.924683 -0.008911 -0.010254 0.009888
-0.267456 0.416748 0.926392 -0.006226 -0.005981 0.007813
-0.265259 0.422119 0.921997 -0.009521 0.000122 -0.006226
-0.286377 0.420166 0.922119 -0.009033 -0.001953 -0.008911
-0.270752 0.396973 0.926025 -0.006836 -0.002197 -0.000488
-0.262329 0.418457 0.919800 -0.005859 0.001465 -0.005127
-0.272705 0.410400 0.925415 -0.009033 0.007446 -0.003418
-0.290405 0.403809 0.922241 0.005249 0.001831 0.021484
-0.276001 0.431885 0.922607 0.009888 0.000000 0.015015
-0.275024 0.434082 0.917358 0.001709 -0.001465 0.000732
-0.268799 0.460693 0.919678 -0.015991 0.001465 0.007690
-0.291504 0.415405 0.923950 -0.023193 0.000610 -0.007324
-0.303467 0.390625 0.918945 -0.008179 -0.014771 0.013062
-0.282593 0.417969 0.924072 -0.002441 -0.020508 0.028076
-0.261353 0.416870 0.921753 -0.000610 -0.014404 0.044312
-0.251709 0.447510 0.919556 -0.008789 0.000854 0.046143
-0.251221 0.455444 0.918579 -0.026978 0.017822 0.024292
-0.275635 0.433228 0.920532 -0.020630 0.015503 0.013794
-0.299316 0.427002 0.949341 -0.023071 0.004883 0.023071
-0.392090 0.060913 0.878906 -0.052246 0.004639 0.071655
-0.109985 0.881592 0.970703 -0.092651 0.035767 0.030396
-0.958862 -0.455322 0.856812 -0.091675 0.017456 0.071655
-0.448242 0.484375 1.010010 -0.192871 0.044800 -0.013306
-0.330078 0.201050 0.976318 -0.115479 0.039917 0.098511
-0.560425 -0.069458 0.968018 -0.049927 0.023315 0.187134
-0.124512 0.376099 0.912964 -0.038696 0.014893 0.203125
-0.498657 -0.301270 0.885376 -0.012451 0.012817 0.168335
-0.251831 0.569580 0.926025 -0.047852 0.028198 0.044312
-0.249878 0.465332 0.926270 -0.046631 0.011475 0.016846
-0.281250 0.434204 0.928955 -0.066772 0.016113 -0.055176
-0.302246 0.359619 0.927612 -0.056763 0.004395 -0.087646
-0.285767 0.364868 0.936401 -0.032593 -0.003784 -0.080566
-0.299194 0.362671 0.932983 -0.011719 -0.012451 -0.035522
-0.276245 0.394531 0.934692 -0.007446 -0.016357 -0.015747
-0.275269 0.431030 0.940186 -0.019897 -0.034546 -0.042603
-0.270996 0.424683 0.918213 -0.044556 -0.044434 -0.085571
-0.500610 0.377930 1.034668 -0.044800 -0.083618 -0.086792
-0.647095 0.293213 1.008301 -0.019653 -0.120850 -0.041748
-0.539185 0.369263 0.945923 -0.037720 -0.005493 0.008667
-0.101440 0.362915 0.964478 -0.048218 -0.073975 -0.050781
-0.453369 0.390503 0.960815 -0.056030 -0.068115 -0.034668
-0.701904 0.424438 0.957764 -0.037598 -0.126831 0.006470
-0.611084 0.583374 1.010742 -0.084473 -0.109009 0.017700
-0.234131 0.310547 0.905640 0.008301 -0.003906 0.161255
-0.370972 0.531616 0.988037 -0.088379 -0.092529 0.015137
-0.284790 0.487305 0.999268 -0.069946 -0.041748 0.071777
-0.290649 0.268188 0.972534 -0.078369 -0.014648 0.072632
-0.349121 0.588623 0.974121 -0.112305 -0.015015 0.035767
-0.325073 0.464478 0.969360 -0.106201 -0.010132 0.047852
-0.279175 0.394043 0.933105 -0.036987 0.000977 0.149414
-0.172607 0.340820 0.953613 0.007568 -0.009521 0.152832
-0.525757 -0.121826 0.911133 -0.124512 0.051025 0.076660
-0.156006 0.498413 0.952026 -0.074707 0.048584 0.127808
-0.405273 0.382324 1.001343 -0.033325 0.041016 0.135742
-0.034790 0.556396 0.906982 -0.098267 0.098022 0.115479
-0.235718 0.463013 0.945923 0.027588 0.029663 0.187500
-0.124756 0.485718 0.941772 -0.030029 0.069092 0.118408
-0.043579 0.469727 0.919312 -0.032349 0.081909 -0.008301
-0.500854 0.367798 0.910767 0.001343 0.034424 0.070190
0.620850 0.450806 0.674438 0.037231 0.218140 0.082764
0.005493 0.207642 1.048340 0.186401 0.245239 0.193359
-0.420288 0.507324 0.835449 0.065552 -0.000366 0.050049
0.067017 0.542969 0.828857 0.154175 0.144409 0.221436
-0.622681 0.564941 0.984131 0.124268 0.015747 0.155518
-0.259277 0.388428 0.919312 0.089233 0.060669 0.139038
-0.547974 0.595337 0.977173 0.006470 0.028198 0.053955
-0.010986 0.280396 0.735352 0.057129 0.162598 0.102051
-0.112305 0.497925 0.924927 -0.082886 -0.008789 -0.094727
-0.020264 0.187622 0.802612 0.032959 0.136108 0.058594
-0.243896 0.695190 0.933350 -0.150024 0.098755 -0.133179
-0.618042 0.087402 0.987427 0.011475 -0.038452 -0.080688
0.009766 0.465332 1.070313 0.022705 0.102783 -0.303711
-0.225708 0.420532 0.947266 0.084595 0.136475 -0.415894
-0.368164 0.457397 0.829590 0.032593 0.077515 -0.447388
-0.439697 0.335205 0.848633 0.018677 0.008789 -0.395874
-0.438599 0.330811 0.832642 0.057251 -0.054199 -0.291138
-0.445557 0.353027 0.838135 0.033569 -0.095703 -0.207764
-0.417114 0.321167 0.884644 0.059692 -0.131958 -0.135864
-0.359253 0.376465 0.906494 0.052856 -0.140625 -0.094849
-0.332397 0.404663 0.910767 0.052002 -0.126587 -0.051758
-0.279175 0.396729 0.918213 0.069824 -0.098389 -0.004883
-0.271362 0.410522 0.935425 0.061646 -0.028564 -0.011230
-0.323975 0.412476 0.905029 0.047852 0.019165 0.023682
-0.377197 0.462524 0.877930 -0.016724 0.000732 0.050903
-0.419678 0.378784 0.880127 -0.050903 -0.032715 0.083008
-0.389771 0.378662 0.901123 -0.038818 -0.089844 0.078857
-0.348877 0.395752 0.916016 -0.009155 -0.130127 0.069092
-0.300171 0.410278 0.932007 -0.017090 -0.159424 0.049927
-0.090332 0.092407 1.365234 0.047607 -0.108032 0.006348
-0.160278 0.375122 0.915649 0.009888 -0.057495 0.002441
-0.276001 0.480835 0.922363 0.005005 -0.016846 0.033691
-0.311401 0.462524 0.920776 -0.010742 -0.013916 0.026123
-0.325439 0.413940 0.923340 -0.024536 -0.029053 -0.026611
-0.354248 0.364868 0.926514 -0.013428 -0.048218 -0.028320
-0.373413 0.352661 0.941650 0.015991 -0.087158 -0.002197
-0.396118 0.291260 0.923828 0.024048 -0.048462 0.025757
-0.324829 0.463989 0.940430 0.013428 -0.065552 0.034668
-0.316406 0.395020 0.881592 -0.021973 -0.170532 -0.061035
-0.394531 0.378174 0.976440 -0.024170 -0.044556 -0.006348
-0.224609 0.334473 0.904785 -0.038330 -0.052490 -0.039551
-0.383911 0.603760 0.908325 -0.035034 -0.176270 -0.060669
0.782349 0.335327 0.870361 -0.037598 -0.004395 -0.006592
0.463135 0.260254 0.897705 -0.020264 -0.014526 0.004395
-0.766235 0.286255 1.129761 -0.007935 -0.136475 -0.025635
-0.880371 0.577393 0.819946 -0.020630 -0.282349 -0.095093
-0.092773 0.522827 0.915405 -0.024902 -0.106323 -0.063721
-0.027832 0.406982 0.911377 -0.001831 -0.050415 -0.037354
-0.274048 0.397095 0.918457 -0.004150 -0.068359 -0.033936
-0.352295 0.389404 0.944214 0.007324 -0.102417 -0.049194
-0.597900 0.389893 0.967896 0.020264 -0.077637 -0.039795
-0.339600 0.405884 0.972046 0.011108 -0.082397 -0.011841
-0.262939 0.386108 0.972412 -0.006836 -0.071045 -0.012207
-0.600708 0.376709 0.995605 -0.011719 -0.074463 -0.028809
-0.589111 0.312500 0.990723 -0.022461 0.010620 -0.041260
-0.546997 0.362305 0.930420 -0.030640 -0.031616 -0.043579
-0.316406 0.351563 0.941284 0.002197 -0.043823 0.021240
-0.262573 0.357910 0.942749 0.036377 -0.078491 0.055298
-0.202148 0.419189 0.935669 0.040161 -0.067383 0.055908
-0.177734 0.463379 0.943359 0.017334 -0.033447 0.039795
-0.195313 0.453613 0.939697 -0.012573 -0.004517 0.012085
-0.210693 0.444092 0.939331 -0.036987 0.020874 -0.008789
-0.253662 0.404297 0.942993 -0.039429 0.015747 -0.021851
-0.275024 0.388550 0.947754 -0.025879 -0.004761 -0.001831
-0.651611 0.495483 0.908813 -0.048706 -0.194458 -0.088989
-0.057617 0.452271 0.934448 -0.033936 0.007202 0.002930
-0.237549 0.392700 0.940308 -0.035400 0.000854 -0.023926
-0.251831 0.386597 0.942993 -0.030151 -0.005005 -0.043457
-0.251953 0.390747 0.945190 -0.014526 -0.013916 -0.020508
-0.254150 0.404541 0.941772 0.000732 -0.021851 0.028076
-0.213013 0.407837 0.941895 0.000000 -0.014160 0.019531
-0.222290 0.413574 0.940186 -0.013794 0.002197 0.006470
-0.247681 0.413208 0.949707 -0.021484 0.000732 -0.008179
-0.249390 0.397583 0.942017 -0.017090 -0.006958 -0.016357
-0.249756 0.394531 0.942871 -0.007446 -0.016846 -0.005615
-0.226807 0.418091 0.939209 -0.005859 -0.016113 0.009521
-0.220825 0.440430 0.947144 -0.018433 -0.004517 0.000366
-0.230103 0.413696 0.943848 -0.026001 0.001343 -0.012329
-0.248901 0.395874 0.942993 -0.027954 0.000488 -0.024536
-0.253662 0.386963 0.947144 -0.016724 -0.007324 -0.012451
-0.236938 0.407593 0.940308 -0.010498 -0.011719 0.001465
-0.225098 0.416870 0.941528 -0.009155 -0.005981 -0.004395
-0.240845 0.422119 0.942627 -0.024780 -0.003784 -0.015381
-0.229980 0.416260 0.941406 -0.031494 0.001587 -0.013672
-0.230591 0.408569 0.941772 -0.036621 0.011353 -0.008545
-0.252930 0.392578 0.942993 -0.033203 0.011230 -0.013062
-0.286377 0.384277 0.943848 -0.021973 -0.006714 -0.012451
-0.260498 0.391357 0.953247 -0.011230 -0.023682 -0.010620
