-0.250732 0.455322 0.916870 -0.001953 -0.009155 0.024780
-0.263550 0.448486 0.918091 -0.007080 -0.006348 0.019165
-0.266113 0.442017 0.917114 -0.006470 -0.008301 0.022827
-0.258423 0.446777 0.914795 -0.006958 -0.016113 0.026611
-0.251221 0.448853 0.915527 -0.003296 -0.014893 0.029175
-0.248779 0.448120 0.914063 0.001343 -0.010376 0.033936
-0.248413 0.448608 0.917603 0.000488 -0.006836 0.034302
-0.257202 0.461548 0.911987 0.002075 -0.010010 0.030640
-0.244019 0.451172 0.914429 0.000244 -0.010376 0.038574
-0.252563 0.459229 0.915161 -0.005005 -0.007202 0.033203
-0.251953 0.454834 0.909180 -0.004272 -0.009644 0.032227
-0.246582 0.462158 0.909546 -0.001953 -0.011353 0.034058
-0.254395 0.453857 0.910034 -0.002319 -0.011597 0.018799
-0.255005 0.454956 0.911011 0.000244 -0.011108 0.032227
-0.245605 0.448853 0.916626 -0.002930 -0.012939 0.023560
-0.255737 0.457520 0.916748 0.007813 -0.013306 0.056396
-0.244263 0.456787 0.913940 0.008179 -0.015381 0.070557
-0.249512 0.465210 0.908691 -0.011841 -0.011108 0.064819
-0.225220 0.474243 0.910278 -0.007446 -0.005005 0.072510
-0.246338 0.457153 0.907104 -0.025024 0.002686 0.031250
-0.251465 0.450439 0.911499 -0.021240 -0.000366 0.019653
-0.248291 0.523071 0.923096 -0.047119 0.009033 0.007690
-0.208496 0.646729 0.920654 -0.073853 0.019531 0.018799
-0.130737 0.949707 0.915283 -0.104980 0.048218 0.077637
-0.313965 0.670532 0.932617 -0.108887 0.034790 0.066406
-0.367920 0.303223 0.919434 -0.200317 0.082153 -0.025757
-0.403320 0.343994 0.946045 -0.202515 0.100952 0.005981
-0.025635 0.801758 0.965210 0.034912 -0.033569 0.276001
-0.183716 0.782471 0.942261 -0.244873 0.079468 -0.081299
-0.189087 0.610596 0.907227 -0.058594 0.013428 0.119019
-0.114014 0.513550 0.928467 -0.004761 -0.034912 0.129517
-0.320801 0.379639 0.933350 -0.067993 0.026489 0.051147
-0.478271 0.107788 0.910034 -0.083740 0.022827 -0.018555
-0.281616 0.406616 0.931763 -0.011597 -0.007935 0.075195
-0.231812 0.482422 0.927368 -0.019775 0.006958 0.091431
-0.213501 0.465576 0.920654 -0.017334 0.005737 0.088867
-0.235840 0.461426 0.923584 -0.028442 0.008057 -0.005981
-0.260010 0.445801 0.927734 -0.044922 0.004150 -0.079956
-0.239258 0.415161 0.930298 -0.045166 -0.002563 -0.110840
-0.270874 0.415405 0.932617 -0.037476 0.000366 -0.105713
-0.251465 0.430420 0.928833 -0.028076 -0.004639 -0.041870
-0.239502 0.439209 0.931152 -0.035278 -0.008179 -0.020874
-0.282349 0.419800 0.954224 -0.038086 -0.022583 -0.017578
-0.522339 0.449097 1.017212 -0.050171 -0.067749 -0.021362
-0.257813 0.381348 0.901978 -0.038818 -0.068604 -0.025879
-0.434448 0.406128 0.977539 -0.063721 0.024048 -0.040039
-0.245483 0.504883 0.970825 -0.041992 -0.094360 -0.025513
-0.438843 0.369995 0.896606 -0.048218 -0.116089 -0.049194
0.565674 0.618042 0.849365 -0.045898 -0.180420 -0.024292
-0.383301 0.484985 1.032837 -0.033691 -0.029419 0.082764
-0.153931 0.283936 0.912354 -0.052612 -0.070068 0.027100
0.115601 0.237427 0.909302 -0.045776 -0.070313 0.012329
0.060791 0.413818 0.859009 -0.101440 -0.183960 -0.044556
-0.317749 0.531250 0.983643 0.000732 -0.031128 0.116821
-0.332764 0.623047 0.967896 -0.043823 -0.050293 0.037109
-0.327759 0.459106 0.964233 0.009888 -0.004761 0.116333
-0.125732 0.182495 0.907593 -0.077393 -0.050537 -0.018677
-0.193848 0.456787 0.956177 -0.045044 -0.032959 0.052979
-0.233887 0.984985 0.894653 -0.113037 -0.031860 0.022949
-0.282715 0.540771 1.015381 -0.007568 -0.039795 0.168335
-0.231079 0.212769 0.925659 -0.137695 0.023315 -0.005371
-0.178711 0.450195 0.928345 0.017578 -0.009766 0.176758
-0.163940 0.515137 0.957397 0.050781 -0.031372 0.187134
-0.254395 0.784668 0.996460 -0.124268 0.115479 -0.006592
-0.066772 0.545898 0.966309 0.011963 -0.003418 0.153931
-0.127930 0.448364 0.966431 -0.089233 0.068970 0.062866
-0.088135 0.513916 0.964966 0.006592 0.007813 0.147949
0.059082 0.552368 0.912720 -0.007080 0.057495 0.076416
-0.149170 0.360962 0.980103 -0.086182 0.142578 -0.031982
-0.137451 0.297241 0.943115 0.016479 -0.006958 0.131836
-0.353394 0.423828 0.808960 -0.117310 0.112549 0.034424
-1.111572 0.129028 1.048462 0.030029 0.128174 0.191528
0.069336 0.409790 0.744507 0.004639 0.173096 0.080200
0.309692 0.509399 1.001099 0.027344 0.023682 -0.045288
1.059082 0.135376 0.679932 0.023926 -0.003906 -0.078613
-0.293213 0.508667 0.682495 0.135376 0.125488 0.062378
0.142578 0.002197 0.859131 0.249146 0.178955 0.123657
-0.469971 0.748169 0.966919 0.040161 -0.112427 0.035278
-0.797119 0.331909 1.049927 0.191895 0.188721 0.209229
-0.025635 0.397949 0.919434 -0.047974 -0.037109 -0.096924
0.042847 0.173706 0.771484 0.012329 0.050415 -0.014404
-0.167603 0.458496 0.927246 -0.031128 0.011719 -0.053345
-0.242920 0.431152 0.926025 -0.003052 0.020996 0.053955
-0.207397 0.490234 0.920532 -0.004395 0.023682 0.095825
-0.162964 0.479370 0.923096 -0.028931 0.055176 0.066284
-0.165649 0.529663 0.931763 -0.063599 0.105957 -0.018799
-0.199219 0.311646 1.065918 0.007813 0.078735 -0.218994
-0.213989 0.483276 0.931763 0.139648 0.128906 -0.277344
-0.281250 0.478394 0.847778 0.097778 0.103882 -0.328491
-0.328369 0.457275 0.843384 0.062500 0.032837 -0.310547
-0.370483 0.413452 0.862671 0.058960 -0.030029 -0.283691
-0.440918 0.439941 0.850708 0.075195 -0.098511 -0.244751
-0.334717 0.410522 0.854248 0.079468 -0.149902 -0.179321
-0.317017 0.433472 0.892212 0.062744 -0.159912 -0.068237
-0.290771 0.426880 0.914795 0.018799 -0.135620 -0.029541
-0.272095 0.426392 0.914429 0.013550 -0.107666 0.028076
-0.233398 0.427612 0.905518 0.020508 -0.087158 0.047485
-0.239868 0.435547 0.921143 0.025513 -0.055786 0.050171
-0.265137 0.442505 0.897095 0.030396 -0.036743 0.075928
-0.292969 0.456055 0.905029 -0.004517 -0.057861 0.069092
-0.291870 0.449219 0.926636 -0.017700 -0.073364 0.116821
-0.282715 0.435181 0.947876 -0.013428 -0.097168 0.133301
-0.046997 0.288940 0.896973 0.017944 -0.104004 0.034546
-0.115967 0.434204 0.909058 -0.006714 -0.079834 -0.046265
-0.191284 0.543579 0.929321 0.002563 -0.026855 -0.043823
-0.262329 0.440186 0.917480 -0.030518 -0.021729 -0.038452
-0.280151 0.457397 0.921265 -0.021362 -0.033203 -0.035034
-0.261353 0.427979 0.915649 -0.006592 -0.051147 -0.008667
-0.262451 0.452026 0.923096 0.001709 -0.067261 0.009521
-0.241089 0.474731 0.911499 0.004028 -0.087280 -0.010864
-0.208008 0.475830 0.916748 -0.004028 -0.070435 -0.014404
-0.187378 0.459473 0.919312 -0.005371 -0.053101 -0.001465
-0.274902 0.454834 0.938110 -0.010010 -0.047974 -0.001587
0.199951 0.536743 0.899658 0.017944 -0.112305 0.003784
0.295654 0.641235 0.824951 0.000610 -0.199097 -0.040649
-0.433716 0.563477 0.961670 -0.025513 -0.061890 -0.015991
-0.000977 0.441528 0.884644 -0.037598 -0.098022 -0.064575
0.323853 0.493286 0.853760 -0.032715 -0.173828 -0.092896
-0.239136 0.440796 0.927490 -0.038208 -0.018188 -0.025024
0.449219 0.405884 0.808716 -0.066772 -0.238892 -0.143921
-0.163452 0.471924 0.924805 -0.022827 -0.032227 -0.007446
-0.266846 0.515381 0.940674 -0.024780 -0.078613 0.005981
-0.151245 0.354004 0.932983 -0.032349 -0.028564 -0.003174
0.464600 0.476196 0.814453 -0.062500 -0.272339 -0.110107
-0.355469 0.572876 0.956543 0.000122 -0.047607 0.038330
-0.474976 0.460571 1.005981 -0.003296 -0.034546 0.006958
-0.419800 0.345459 0.966919 -0.005615 -0.027222 -0.010864
-0.144409 0.494629 0.933228 -0.012329 -0.110229 -0.028198
-0.347656 0.458862 0.968018 0.000977 -0.078979 -0.008179
-0.375732 0.452271 0.978760 -0.015503 -0.032959 -0.023804
0.422363 0.340576 0.874268 -0.049927 -0.132446 -0.080444
-0.065918 0.452148 0.944946 -0.019653 -0.057983 0.010132
0.180176 0.418335 0.864258 -0.046387 -0.175415 -0.049316
-0.036865 0.487549 0.933594 -0.031372 -0.066772 -0.020142
-0.460083 0.553833 0.966675 -0.040771 -0.106567 -0.080078
-0.783691 0.564453 1.014038 -0.053101 -0.040771 -0.140869
-0.407471 0.400024 0.978760 -0.043945 -0.001465 -0.089478
-0.588867 0.408936 0.990601 -0.055786 -0.060059 -0.088989
-0.432983 0.422974 0.965454 -0.028198 0.020874 -0.040039
-0.220215 0.389648 0.943237 -0.042358 -0.039795 -0.070679
-0.250244 0.411133 0.956055 -0.018921 -0.018799 -0.031860
-0.199463 0.398926 0.949829 -0.016479 -0.026001 -0.010498
-0.182983 0.428711 0.947266 -0.010864 -0.015259 0.010254
-0.183228 0.436646 0.949585 -0.010620 -0.013794 0.009521
-0.176147 0.426270 0.944702 -0.009888 -0.015259 0.007813
-0.203857 0.450562 0.953003 -0.011475 -0.025879 -0.006470
-0.139038 0.430664 0.938110 -0.023315 -0.030273 -0.013672
-0.186768 0.431396 0.948120 -0.023071 -0.013916 -0.015503
-0.182495 0.406128 0.945068 -0.016602 -0.011353 0.005981
-0.189209 0.422607 0.949341 -0.009399 -0.016113 0.019653
