-0.000122 -0.000122 -0.000122 -0.000122 -0.000122 -0.000122
-0.252563 0.447754 0.923828 -0.002075 -0.019043 0.041016
-0.240234 0.461182 0.924438 -0.004883 -0.019287 0.058960
-0.248047 0.426392 0.927368 -0.006958 -0.017700 0.051270
-0.237793 0.428223 0.920044 0.002319 -0.016602 0.059082
-0.235352 0.452271 0.921631 0.007080 -0.012451 0.072998
-0.233154 0.464355 0.924683 -0.012939 -0.001099 0.057251
-0.239136 0.443726 0.919800 -0.005615 -0.003906 0.061768
-0.222290 0.470825 0.932495 0.006348 -0.006714 0.101074
-0.172852 0.604248 0.967041 -0.040894 0.001953 0.060913
-0.098389 0.660889 0.916382 -0.071289 0.015991 0.035400
-0.314453 0.416260 0.957642 -0.107056 0.062744 0.025269
-0.155151 0.613525 0.932617 -0.011230 -0.005615 0.113037
-0.153809 0.461426 0.815186 -0.255005 0.132324 -0.154541
-0.254150 0.299561 0.918579 0.011963 -0.038086 0.144775
-0.413574 0.277710 0.907471 -0.257568 0.149902 -0.043701
-0.267822 0.649048 0.921387 -0.076660 0.087769 0.135132
-0.115967 0.435669 0.899170 0.022583 -0.042236 0.166748
-0.154663 0.520874 0.922974 -0.020996 0.003418 0.032837
-0.253052 0.433350 0.931641 -0.041016 0.016846 -0.017090
-0.272339 0.427734 0.932495 -0.046875 0.003052 -0.049805
-0.241821 0.423218 0.929321 -0.048218 -0.007324 -0.065186
-0.233887 0.433594 0.931396 -0.051025 -0.004395 -0.070923
-0.266235 0.443726 0.926514 -0.046143 0.002441 -0.067139
-0.288208 0.406372 0.937378 -0.024902 0.003174 0.010132
-0.309448 0.445923 0.949707 -0.007202 -0.002197 0.120483
-0.125366 0.398071 0.948120 -0.032104 -0.015747 0.145020
-0.174072 0.481567 0.854492 -0.112793 -0.095337 0.009033
-0.212769 0.326294 0.916016 -0.082886 0.019165 0.031738
-0.171509 0.179688 0.935425 -0.136597 -0.073364 -0.144165
-0.355957 0.326538 0.901489 -0.083862 -0.026978 -0.045410
0.030640 0.304688 0.879883 -0.091553 -0.081055 -0.092285
-0.365356 0.515381 1.011353 -0.059326 -0.030518 0.017456
-0.532959 0.327148 0.896240 -0.107544 -0.108765 -0.087280
0.084839 0.274780 0.888184 -0.099243 -0.074341 -0.049072
-0.333130 0.416992 0.990845 -0.045410 0.000366 0.054077
-0.484253 0.499756 1.003662 -0.032593 -0.013062 0.050415
-0.198975 0.422241 0.967773 -0.042358 -0.022949 0.089233
-0.256592 0.212524 0.889526 -0.133789 -0.031372 -0.060303
-0.189819 0.412598 0.940552 -0.070801 -0.022827 0.023804
-0.287354 0.448120 0.931519 -0.125854 0.008423 -0.022461
-0.245117 0.431763 0.968628 -0.018188 -0.000977 0.125244
-0.218262 0.356689 0.955933 -0.037964 -0.012329 0.101563
-0.322754 0.143677 0.951660 -0.150024 0.000977 -0.052979
-0.206909 0.343262 0.947876 -0.013672 -0.004272 0.114624
-0.146484 0.666138 0.938232 -0.127319 0.022583 -0.011475
-0.225830 -0.154663 0.928345 -0.097046 -0.013306 0.009399
-0.065430 0.571899 0.951050 -0.067749 0.031738 0.081665
-0.415894 0.067139 0.951050 -0.074463 0.010498 0.068604
-0.428101 -0.103638 0.932861 -0.113647 0.029419 0.033081
-0.109741 0.514404 0.942749 -0.047852 -0.000977 0.084839
-0.196777 0.316895 0.955566 -0.015381 -0.016479 0.093506
-0.732056 0.084229 1.002808 -0.091187 0.106567 0.010498
-0.086914 0.326050 0.946411 -0.038818 0.005249 -0.003174
0.116821 0.358032 0.889893 0.006714 -0.036133 0.042236
0.281738 0.633911 0.999390 0.009521 0.060791 0.052490
0.812866 0.397095 0.669189 0.043945 0.053955 0.068115
-1.759766 0.261597 1.159790 0.029419 0.278564 0.157593
-0.361816 0.455933 1.036865 0.099976 0.053467 0.071411
-0.853394 0.502075 1.227783 0.115356 0.239258 0.095947
-0.529419 0.317383 0.962891 0.146851 0.247192 0.131958
0.516846 -0.547363 0.409912 0.018433 0.027100 -0.072510
-0.399170 0.453247 0.862183 0.099121 0.069824 0.103271
-0.146362 0.558960 0.988892 0.049805 -0.006714 -0.030884
-0.476440 0.514526 1.110352 0.061890 0.043457 -0.016479
-0.333374 0.734985 0.996826 0.073853 -0.014893 0.052246
-0.199097 0.345459 0.944580 -0.007813 -0.018433 -0.023193
0.000000 0.000000 0.000000 0.000000 0.000000 0.000000
-0.259277 0.435303 0.936646 0.017212 0.004639 0.041016
-0.243286 0.435425 0.934448 0.014648 0.008911 0.059448
-0.174561 0.473633 0.929810 0.009399 0.026489 0.085083
-0.176758 0.442627 0.961304 -0.043335 0.078613 0.021973
-0.110474 0.462280 1.047485 0.068115 0.051758 -0.053223
-0.203857 0.423340 0.997192 0.114868 0.144043 -0.159302
-0.321411 0.425049 0.873901 0.090088 0.124878 -0.260010
-0.360840 0.452759 0.854370 0.057739 0.065186 -0.223267
-0.409058 0.359741 0.866577 0.035034 -0.003174 -0.188721
-0.412476 0.409546 0.846313 0.050049 -0.097656 -0.140625
-0.370728 0.408081 0.860107 0.040527 -0.174438 -0.125610
-0.281738 0.391846 0.960938 0.046631 -0.208374 -0.051514
-0.223389 0.461182 0.958130 0.067749 -0.155029 -0.016113
-0.212891 0.483276 0.908813 0.046997 -0.110107 -0.041504
-0.238770 0.458984 0.912476 0.024048 -0.090088 -0.076660
-0.295776 0.448608 0.900635 0.020752 -0.068115 -0.096069
-0.000122 -0.000122 -0.000122 -0.000122 -0.000122 -0.000122
-0.000122 -0.000122 -0.000122 -0.000122 -0.000122 -0.000122
0.000000 0.000000 0.000000 0.017700 -0.072266 0.031006
-0.180176 0.427612 0.938965 0.018066 -0.034790 0.002686
-0.203125 0.429321 0.938965 0.014648 -0.001099 -0.020142
-0.300293 0.406250 0.916138 0.017334 0.017090 0.018799
-0.000122 -0.000122 -0.000122 -0.000122 -0.000122 -0.000122
-0.000122 -0.000122 -0.000122 -0.000122 -0.000122 -0.000122
-0.000122 -0.000122 -0.000122 -0.000122 -0.000122 -0.000122
-0.000122 -0.000122 -0.000122 -0.000122 -0.000122 -0.000122
-0.343750 0.379150 0.900757 -0.036255 -0.011597 -0.024658
-0.000122 -0.000122 -0.000122 -0.000122 -0.000122 -0.000122
-0.000122 -0.000122 -0.000122 -0.000122 -0.000122 -0.000122
-0.000122 -0.000122 -0.000122 -0.000122 -0.000122 -0.000122
0.000000 0.000000 0.000000 0.031128 -0.000122 -0.000122
-0.531250 -1.374756 -0.531250 0.012451 -0.024292 0.085571
-0.198242 0.520264 0.923340 -0.013550 0.005737 0.023071
-0.273315 0.466187 0.922852 -0.051270 0.030273 -0.015015
-0.000122 -0.000122 -0.000122 -0.000122 -0.000122 -0.000122
-0.000122 -0.000122 -0.000122 -0.000122 -0.000122 -0.000122
-0.000122 -0.000122 -0.000122 -0.000122 -0.000122 -0.000122
-0.000122 -0.000122 -0.000122 -0.000122 -0.000122 -0.000122
-0.000122 -0.000122 -0.000122 -0.099365 -0.120972 -0.018311
-0.614990 0.488037 1.076660 -0.035767 -0.080444 0.085327
-0.360229 0.211060 0.916992 -0.012939 -0.025635 0.138062
0.658081 0.270630 0.785889 -0.170532 -0.302979 -0.093628
-0.440796 0.623535 0.921021 -0.084106 -0.123047 0.017944
-0.320557 0.504272 0.867920 -0.140137 -0.151001 -0.092896
-0.283569 0.545288 0.988647 -0.106567 -0.086426 -0.032104
-0.021606 0.315063 0.859375 -0.093750 -0.065430 -0.045410
0.189087 0.324829 0.844971 -0.111084 -0.123413 -0.096436
-0.219604 0.258545 0.892456 -0.138794 -0.126343 -0.159790
-0.319946 0.261963 0.938477 -0.062988 -0.014282 -0.025757
-0.457275 0.529907 1.053711 -0.052490 -0.065308 0.009399
-0.288574 0.293823 0.962524 -0.007446 -0.014404 0.063843
-0.186035 0.386230 0.955933 -0.009155 -0.022461 0.048584
-0.180908 0.409546 0.954102 -0.009277 -0.007935 0.035400
-0.185303 0.402710 0.958496 -0.016968 0.002197 0.005249
-0.212769 0.392700 0.957520 -0.020752 0.008179 -0.007690
-0.225464 0.401978 0.958862 -0.018921 -0.001831 -0.017212
-0.206543 0.392822 0.956543 -0.022705 -0.009644 -0.029053
-0.203369 0.390259 0.962280 -0.021973 -0.010498 -0.038208
-0.207886 0.380981 0.954712 -0.014404 -0.009888 -0.016479
-0.206177 0.386841 0.957397 -0.008667 -0.013184 0.004150
-0.187378 0.389648 0.962158 -0.005249 -0.012085 0.015625
-0.216919 0.408081 0.958130 -0.005249 -0.013062 0.026489
-0.180908 0.407837 0.960205 -0.012939 -0.011597 0.023560
-0.195923 0.389282 0.958984 -0.015015 -0.002686 0.006714
-0.202759 0.395264 0.958862 -0.008667 -0.005371 0.034790
-0.187622 0.404175 0.955688 -0.012939 -0.001953 0.021973
-0.223755 0.393799 0.960205 -0.018066 0.001587 -0.001953
-0.218506 0.390381 0.960083 -0.017700 -0.010132 -0.004028
-0.203125 0.396484 0.958496 -0.016968 -0.018188 -0.016602
-0.194458 0.392334 0.958740 -0.016113 -0.020630 -0.014404
-0.186890 0.392212 0.962036 -0.014404 -0.011719 -0.000488
-0.198730 0.394531 0.950928 -0.011230 -0.005737 0.013794
-0.195435 0.390869 0.958618 -0.008301 -0.005249 0.015015
-0.218750 0.393311 0.953735 -0.004150 -0.006592 0.035400
-0.183472 0.407471 0.957275 -0.004639 -0.009766 0.047974
-0.197388 0.416260 0.955811 -0.011963 -0.001099 0.015991
-0.202393 0.399048 0.958130 -0.020386 -0.006104 -0.010132
-0.216553 0.402832 0.958008 -0.019531 -0.007080 -0.014160
-0.200928 0.412598 0.959229 -0.021973 -0.015991 -0.015503
-0.188721 0.396240 0.962402 -0.025757 -0.011719 -0.029907
-0.207153 0.382935 0.958130 -0.019165 -0.005493 -0.006592
-0.204224 0.384644 0.959839 -0.008423 -0.012451 0.017944
