-0.000122 -0.000122 -0.000122 -0.000122 -0.000122 -0.000122
-0.000122 -0.000122 -0.000122 -0.000122 -0.000122 -0.000122
-0.000122 -0.000122 -0.000122 -0.000122 -0.000122 -0.000122
-0.000122 -0.000122 -0.000122 -0.000122 -0.000122 -0.000122
-0.000122 -0.000122 -0.000122 -0.000122 -0.000122 -0.000122
-0.000122 -0.000122 -0.000122 -0.000122 -0.000122 -0.000122
-0.000122 -0.000122 -0.000122 -0.000122 -0.000122 -0.000122
-0.000122 -0.000122 -0.000122 -0.000122 -0.000122 -0.000122
-0.000122 -0.000122 -0.000122 -0.000122 -0.000122 -0.000122
-0.000122 -0.000122 -0.000122 -0.000122 -0.000122 -0.000122
-0.000122 -0.000122 -0.000122 -0.000122 -0.000122 -0.000122
-0.000122 -0.000122 -0.000122 -0.000122 -0.000122 -0.000122
-0.000122 -0.000122 -0.000122 -0.000122 -0.000122 -0.000122
-0.000122 -0.000122 -0.000122 -0.000122 -0.000122 -0.000122
-0.000122 -0.000122 -0.000122 -0.000122 -0.000122 -0.000122
-0.000122 -0.000122 -0.000122 -0.000122 -0.000122 -0.000122
-0.276245 0.432495 0.931763 0.025879 -0.041992 0.208008
-0.449341 -0.062866 -0.062866 -0.356079 0.117676 -0.167603
-0.000122 -0.000122 -0.000122 -0.000122 -0.000122 -0.000122
0.000000 0.000000 0.000000 -0.150757 0.064697 0.024048
-0.430664 0.162720 0.940186 -0.107788 0.026978 -0.006836
-0.355225 0.393433 0.910400 -0.080200 0.015747 0.071411
-0.470459 0.214111 0.897827 -0.084595 0.002319 0.040283
-0.568481 0.252441 0.951538 -0.078979 -0.006714 0.007935
-0.316895 0.511230 0.930176 -0.046265 0.007324 -0.042358
-0.000122 -0.000122 -0.000122 -0.000122 -0.000122 -0.000122
-0.000122 -0.000122 -0.000122 -0.000122 -0.000122 -0.000122
-0.000122 -0.000122 -0.000122 -0.000122 -0.000122 -0.000122
-0.000122 -0.000122 -0.000122 -0.000122 -0.000122 -0.000122
-0.000122 -0.000122 -0.000122 -0.000122 -0.000122 -0.000122
0.000000 0.000000 0.000000 -0.012207 -0.078735 0.149536
-0.318848 0.219971 1.031982 -0.010010 -0.081665 0.137207
-0.494995 0.272827 1.020630 -0.047241 -0.024292 0.035889
-0.228760 0.105103 0.914063 -0.083740 -0.024902 -0.047241
-0.195313 0.244873 0.931641 -0.054443 0.007446 0.003784
-0.394409 0.341064 0.994873 -0.050415 -0.064697 -0.009766
-0.444580 0.307373 0.973877 0.004761 -0.033813 0.046875
-0.109131 0.234375 0.865234 -0.031006 -0.034302 -0.003296
-0.295288 0.384888 0.949341 -0.024780 -0.024292 0.086548
-0.152100 0.261475 0.983765 -0.174805 -0.056763 -0.134521
-0.388306 0.458740 1.003418 -0.013428 -0.008057 0.107300
-0.135864 0.111816 0.864136 -0.113281 -0.033691 -0.104736
-0.293823 0.372192 0.967529 -0.050415 0.000732 0.068604
-0.319092 0.233032 0.964478 -0.068237 -0.018433 0.058472
-0.221802 0.364136 0.960938 -0.050781 -0.010376 0.074219
-0.232422 0.399292 0.951050 0.042236 -0.018921 0.173096
-0.106812 0.889160 0.974854 -0.192261 0.071655 -0.094849
-0.278320 0.154541 0.932861 -0.140381 0.020874 -0.060669
-0.267700 0.370605 0.954956 -0.015259 -0.004517 0.132935
-0.234253 0.426147 0.945190 -0.094238 0.036743 0.016479
-0.353149 0.194580 0.948364 -0.039551 0.005615 0.035645
-0.465210 0.068848 0.939941 -0.040405 -0.021240 0.026123
-0.300171 0.273804 0.956543 -0.003296 0.004883 0.064331
-0.147949 0.501221 0.935059 -0.077881 0.092896 -0.033203
-0.167480 0.337524 0.961914 -0.070923 0.187988 0.005493
-0.203613 0.319458 1.010986 0.008179 0.041016 0.117310
-0.435059 0.361206 1.227173 0.019043 0.112793 0.198608
-0.213013 0.388428 0.908081 0.035278 0.035767 0.091553
-0.574585 0.340698 0.965332 -0.018311 0.115479 0.034302
-0.254272 0.352783 0.968262 0.011841 0.067627 0.068481
-0.560303 0.356445 0.930908 0.065796 0.039185 0.054810
-0.239502 0.385498 0.578369 0.090210 0.103149 0.109619
-0.066284 0.298462 0.790039 0.085205 0.068970 0.086792
-0.300293 0.598267 0.932495 0.045044 -0.006104 -0.015503
-0.289673 0.080688 0.832153 0.214966 0.064575 0.231812
-0.346069 0.744751 1.030762 0.210083 -0.012573 0.242310
-0.505127 0.687012 1.114014 0.099609 -0.051514 0.031372
-0.221558 0.196411 0.948853 0.125122 0.000244 0.114258
-0.261475 0.309326 0.861694 0.119629 0.002930 0.109375
-0.304443 0.495239 0.927734 -0.052368 -0.015381 -0.134644
-0.293579 0.356323 0.929688 -0.032227 -0.001221 -0.104980
-0.311523 0.339722 0.924805 -0.001709 0.000244 0.051392
-0.302734 0.385254 0.925293 0.006104 -0.002075 0.096436
-0.275757 0.415527 0.920044 0.001099 0.003052 0.129639
-0.222778 0.489746 0.927124 -0.032959 0.026978 0.090088
-0.164063 0.317993 1.045532 0.035522 0.031250 0.050293
-0.137329 0.486450 1.014282 0.029785 0.052124 -0.107300
-0.184082 0.460083 0.995972 0.056152 0.139160 -0.207764
-0.354858 0.461548 0.872192 0.032227 0.100830 -0.324341
-0.462280 0.391235 0.783569 -0.018188 0.026611 -0.246948
-0.486694 0.320313 0.837158 -0.009033 -0.090820 -0.224487
-0.470093 0.297241 0.859497 0.067383 -0.182129 -0.207275
-0.406372 0.379883 0.872803 0.091064 -0.236816 -0.207886
-0.307617 0.365845 0.933594 0.046021 -0.201416 -0.103271
-0.262817 0.371338 0.951294 0.057251 -0.136353 -0.015015
-0.236816 0.479126 0.915161 0.022461 -0.081421 -0.069946
-0.278320 0.410034 0.914917 -0.016235 -0.046265 -0.097046
-0.321045 0.389404 0.914673 -0.007690 -0.050903 -0.087524
-0.340332 0.394531 0.911987 -0.011719 -0.061523 -0.071899
-0.351440 0.364258 0.909180 -0.003174 -0.076660 -0.026367
-0.324341 0.405273 0.914307 -0.029663 -0.082031 -0.013672
-0.278564 0.403809 0.931396 -0.030640 -0.089233 -0.026001
-0.265381 0.422241 0.927490 -0.031616 -0.076416 -0.029907
-0.282959 0.390137 0.938843 -0.052612 -0.057373 -0.030273
-0.290894 0.403320 0.949219 -0.034546 -0.046021 -0.014771
-0.000122 -0.000122 -0.000122 -0.000122 -0.000122 -0.000122
-0.000122 -0.000122 -0.000122 -0.000122 -0.000122 -0.000122
-0.000122 -0.000122 -0.000122 -0.000122 -0.000122 -0.000122
-0.000122 -0.000122 -0.000122 -0.000122 -0.000122 -0.000122
-0.000122 -0.000122 -0.000122 -0.000122 -0.000122 -0.000122
-0.000122 -0.000122 -0.000122 -0.000122 -0.000122 -0.000122
-0.000122 -0.000122 -0.000122 -0.000122 -0.000122 -0.000122
-0.000122 -0.000122 -0.000122 -0.000122 -0.000122 -0.000122
-0.000122 -0.000122 -0.000122 -0.000122 -0.000122 -0.000122
-0.000122 -0.000122 -0.000122 -0.000122 -0.000122 -0.000122
-0.000122 -0.000122 -0.000122 -0.000122 -0.000122 -0.000122
-0.000122 -0.000122 -0.000122 -0.000122 -0.000122 -0.000122
0.000000 0.000000 0.000000 -0.033569 -0.068726 -0.033447
-0.034424 0.428223 0.878052 -0.042236 0.013672 0.048950
-0.261108 0.512939 0.820190 -0.114014 -0.112183 -0.161133
-0.114136 0.395142 0.895752 -0.041016 0.010742 0.056763
0.146851 0.280884 0.877441 -0.083008 -0.073853 -0.064819
-0.355713 0.427734 0.952637 -0.041016 -0.006470 0.005005
-0.484497 0.221069 0.998901 -0.045898 -0.082153 -0.071655
-0.283936 0.329224 0.963013 -0.039429 -0.008789 0.023682
-0.294189 0.271362 0.920898 -0.067871 -0.123413 -0.084961
-0.747925 0.447876 0.925903 -0.078613 -0.142090 -0.119873
-1.067017 0.705811 1.042236 -0.102173 -0.239746 -0.195435
-0.561157 0.736084 1.102539 -0.119995 -0.142212 -0.096191
-0.353394 0.406860 0.974609 -0.085205 -0.060791 -0.047729
0.100830 0.481934 0.906494 -0.092651 -0.083130 -0.080933
-0.787842 0.266113 1.026978 -0.065063 -0.103882 -0.081787
-0.507446 0.129639 0.996826 -0.033813 -0.055298 -0.000854
-0.099121 0.203735 0.912598 -0.028564 0.000122 0.065308
-0.280273 0.356689 0.956055 -0.056030 -0.069702 -0.053955
-0.168091 0.327148 0.939087 -0.040161 -0.051147 -0.038574
-0.303101 0.337891 0.957764 -0.026001 0.006714 0.016968
-0.120239 0.262329 0.940063 -0.026611 -0.026489 -0.013428
-0.289551 0.341064 0.967651 -0.017944 0.000122 0.012695
-0.271484 0.352295 0.957520 -0.025757 -0.016968 -0.030151
-0.274902 0.339478 0.962891 -0.023804 -0.014526 -0.041016
-0.264893 0.319824 0.962646 -0.016113 -0.011597 -0.033325
-0.261719 0.318481 0.962891 -0.006836 -0.011841 -0.010620
-0.262451 0.328003 0.963989 -0.000854 -0.010254 0.010376
-0.264526 0.349854 0.961426 -0.005005 -0.008545 0.008301
-0.264526 0.345581 0.956909 -0.010132 -0.006470 -0.001465
-0.283569 0.341797 0.957153 -0.015015 -0.013550 -0.009644
-0.260132 0.341919 0.962891 -0.014893 -0.014404 -0.010010
-0.257324 0.344971 0.958862 -0.013062 -0.008301 -0.006348
-0.262085 0.352783 0.963013 -0.014038 -0.007568 0.009521
-0.265991 0.336548 0.959595 -0.012817 -0.005249 0.009766
-0.263794 0.342041 0.967651 -0.012085 -0.005981 0.008057
-0.269897 0.338013 0.960327 -0.012695 -0.011841 0.006836
-0.250366 0.364014 0.956787 -0.011841 -0.008423 -0.006226
-0.262695 0.341187 0.961670 -0.017822 -0.005249 -0.017578
-0.255249 0.331421 0.963013 -0.014648 -0.001221 -0.008057
-0.282715 0.333252 0.960693 -0.010010 -0.009277 0.014648
-0.263306 0.328125 0.966064 -0.006958 -0.013184 0.012573
-0.262207 0.347900 0.961792 -0.010498 -0.009888 0.006470
-0.264893 0.340698 0.961060 -0.014771 -0.010864 0.004761
