-0.340454 0.320923 0.933594 -0.006470 0.002930 -0.001587
-0.357056 0.321045 0.939819 -0.008423 0.006104 0.004028
-0.354736 0.309326 0.935669 -0.001953 0.008423 0.020508
-0.355835 0.329590 0.934448 -0.000977 0.007813 0.018677
-0.367676 0.315063 0.934204 0.001221 0.001831 -0.000244
-0.348145 0.323242 0.933716 -0.002075 -0.004272 -0.011230
-0.341797 0.346924 0.930908 -0.008301 0.000732 -0.022339
-0.348511 0.315796 0.934570 -0.014648 0.006470 -0.022339
-0.364014 0.313354 0.934814 -0.008545 0.008301 -0.001465
-0.350586 0.317383 0.929077 0.000000 0.007202 -0.002075
-0.337769 0.294312 0.937988 0.012695 0.017090 -0.000366
-0.353516 0.316040 0.936768 0.021240 0.021851 0.015991
-0.358398 0.339722 0.933594 0.023438 0.025391 0.039673
-0.369629 0.333618 0.927246 0.025757 0.032837 0.052734
-0.386230 0.258789 0.926270 0.025635 0.020020 0.053711
-0.365234 0.326904 0.932861 0.040527 0.015259 0.072266
-0.339233 0.340942 0.931030 0.045776 0.022705 0.117676
-0.330200 0.370117 0.933472 0.037109 0.038086 0.117676
-0.557129 0.461548 1.074097 -0.222778 0.045044 -0.000610
-0.475708 -0.107178 0.953735 -0.215210 0.013550 0.084229
0.010742 1.289185 0.827393 -0.201294 0.072876 0.170288
-0.428711 0.054565 0.842651 -0.075439 -0.025146 0.138306
-0.278076 -0.051880 0.873901 0.081665 -0.018433 0.133667
-0.320679 0.417480 0.924561 0.000732 0.003296 -0.005249
-0.360352 0.361206 0.932251 -0.055664 0.015747 -0.046631
-0.388916 0.299805 0.931885 -0.058960 0.009399 -0.046631
-0.394897 0.271240 0.932617 -0.027100 -0.012329 -0.026123
-0.370239 0.277222 0.935669 0.006104 -0.025024 0.002563
-0.374146 0.301758 0.936890 0.016846 -0.030884 -0.002441
-0.375732 0.324341 0.930420 0.020996 -0.038696 -0.001587
-0.354614 0.326782 0.931519 0.027832 -0.039063 0.038818
-0.347534 0.349121 0.939331 0.020020 -0.038940 0.048584
-0.359985 0.419067 0.927734 0.001343 -0.073975 -0.002197
-0.368164 0.350342 0.933838 -0.026733 -0.023071 0.001709
-0.432251 0.279785 0.982178 -0.003784 -0.061646 -0.015381
-0.584351 0.171997 0.937012 -0.003052 -0.099487 -0.054932
-0.433838 0.306152 0.953735 -0.035767 -0.007568 0.019897
-0.550903 0.286621 0.987915 -0.018555 -0.119751 -0.050293
0.280518 0.234009 0.812256 -0.012939 -0.042480 -0.018433
-0.263184 0.280640 0.932129 -0.014526 -0.012573 0.047119
-0.075317 0.196777 0.814331 -0.030518 -0.063843 -0.020264
-0.301025 0.316162 0.949951 -0.034424 -0.044189 -0.001831
-0.342773 0.158447 0.951904 -0.057617 -0.030640 0.016602
-0.374878 0.320313 0.942871 -0.022583 0.005737 0.070435
-0.370728 0.316284 0.941406 -0.051147 -0.022583 -0.019897
-0.364258 0.330688 0.955566 -0.031616 -0.033813 -0.036011
-0.415527 0.393433 1.013794 -0.038330 -0.040771 -0.016968
-0.260742 0.071411 0.923828 -0.028931 -0.020630 0.060669
-0.436157 0.472778 1.000000 -0.033325 -0.014038 0.053101
-0.311035 0.092529 0.912842 0.004028 0.001587 0.107910
-0.377319 0.400391 0.884155 -0.062622 -0.020752 0.023560
-0.333862 0.316528 0.936890 -0.040527 0.006104 0.071655
-0.303589 0.385132 0.947510 -0.026367 0.008545 0.113281
-0.322021 0.503906 0.947998 -0.191772 0.077026 0.035645
-0.359985 0.352417 0.944824 -0.015381 0.012817 0.148071
-0.209961 0.881958 0.921387 -0.243164 0.088379 -0.057617
-0.311279 0.327759 0.953979 0.022583 -0.000244 0.114746
-0.135010 0.529785 0.904053 -0.073364 0.086426 0.064575
-0.355835 0.248901 0.947876 0.026489 -0.007568 0.167236
-0.058960 0.579834 0.885864 -0.050171 0.100952 0.129395
-0.017090 0.582031 0.906738 -0.063843 0.125244 0.116333
-0.094116 0.405762 0.910767 0.061401 0.018799 0.095337
0.278931 0.251587 0.616943 0.030273 0.199829 0.095459
0.222656 0.301758 0.915649 -0.017700 0.260376 0.092163
0.163208 0.401489 0.896973 0.047363 0.083618 0.155640
0.212524 -0.112549 0.509155 0.152832 0.183838 0.177612
0.137817 0.083862 0.712524 0.126343 0.082153 -0.032104
-0.879517 0.645264 1.151611 0.060669 0.014160 -0.035034
-0.239136 0.308472 0.895264 -0.008789 0.006470 -0.165649
-0.498535 0.281616 1.337524 0.106201 0.145020 0.150269
-0.325073 0.189819 0.897461 0.022949 0.012451 -0.051514
-0.463013 0.329102 0.963501 0.114868 0.021851 0.101196
-0.368652 0.376465 0.952515 0.021606 -0.019043 0.020874
-0.337280 0.359009 0.918457 0.013184 -0.009399 0.043213
-0.342651 0.387451 0.918213 -0.001343 -0.001587 0.056152
-0.343506 0.392944 0.918457 -0.025635 0.008423 0.017944
-0.361694 0.370239 0.919556 -0.036987 0.012085 -0.009277
-0.336548 0.383423 0.917969 -0.040405 0.026245 0.021606
-0.317017 0.389893 0.918823 -0.060303 0.055298 0.006714
-0.411255 0.370605 0.935303 -0.064575 0.036743 -0.060669
-0.237061 0.327026 0.953979 0.054810 -0.099243 -0.132935
-0.316284 0.474854 0.989258 0.071167 0.072266 -0.211792
-0.348877 0.295898 0.870117 0.068481 0.075073 -0.238037
-0.409058 0.430054 0.855103 0.031494 0.028931 -0.266724
-0.422974 0.312500 0.886597 0.040527 -0.002563 -0.250488
-0.429199 0.345703 0.858398 0.042358 -0.052734 -0.308228
-0.432983 0.301147 0.857422 0.049194 -0.087036 -0.235107
-0.428467 0.318115 0.892944 0.040405 -0.092651 -0.188232
-0.419312 0.299194 0.885986 0.039307 -0.093018 -0.142090
-0.377808 0.292969 0.920898 0.049805 -0.086426 -0.085205
-0.355957 0.369141 0.934692 0.064697 -0.054688 -0.043335
-0.375488 0.361450 0.916748 0.036743 -0.028076 -0.024658
-0.379761 0.330322 0.911621 0.005127 -0.016479 -0.031372
-0.387207 0.392090 0.910278 0.004272 -0.015015 -0.015747
-0.416992 0.326538 0.896118 -0.030518 -0.009888 0.007446
-0.418945 0.323853 0.908569 -0.034180 -0.028442 0.040649
-0.392700 0.307739 0.917236 -0.030518 -0.050781 0.062378
-0.408936 0.330811 0.917236 -0.031860 -0.069458 0.055298
-0.149536 0.037842 1.056274 0.037842 -0.016113 0.051514
-0.270752 0.333862 0.907959 -0.000610 -0.018311 0.028687
-0.361084 0.383301 0.920654 -0.017456 -0.004028 0.007080
-0.387451 0.320679 0.917236 -0.006104 -0.005615 0.023682
-0.415771 0.291626 0.915771 0.015869 -0.024536 0.040405
-0.389160 0.319580 0.913940 0.042603 -0.044312 0.070313
-0.351196 0.382324 0.913696 0.041992 -0.038940 0.079590
-0.346436 0.389893 0.923462 0.021362 -0.024170 0.075806
-0.383057 0.348633 0.922485 0.015015 -0.026733 0.074951
-0.379517 0.340942 0.919312 0.025269 -0.042603 0.095947
-0.382935 0.324829 0.914185 0.043823 -0.053467 0.122559
-0.366699 0.353516 0.912598 0.058228 -0.063843 0.135254
-0.350098 0.389893 0.913940 0.055542 -0.068970 0.131592
-0.330933 0.403687 0.912842 0.039673 -0.065796 0.121216
-0.322266 0.386108 0.911865 0.027954 -0.059814 0.133423
-0.501465 0.401733 1.019165 0.017700 -0.145264 0.046387
-0.259766 0.432983 0.897461 -0.002808 -0.055664 0.051758
0.293213 0.419312 0.695068 -0.016479 -0.092285 -0.053223
0.193359 0.559204 0.907227 -0.027832 -0.081421 -0.077881
-0.766357 0.298584 0.895264 -0.023560 -0.130371 -0.044189
-0.317017 0.344116 0.910034 -0.011841 -0.096680 -0.032349
-0.507446 0.393799 0.947266 -0.011108 -0.129150 -0.039917
-0.223755 0.183472 0.884399 -0.004028 -0.018188 0.008057
-0.451172 0.381470 0.916138 -0.001221 -0.199951 -0.144043
-0.392090 0.241699 0.932495 0.003784 -0.134644 -0.108032
-0.084839 0.723022 0.924438 -0.012207 -0.007324 -0.014404
-0.400146 0.170898 0.891479 -0.009277 -0.148315 -0.128906
-0.079956 0.406494 0.893066 -0.039795 -0.019043 -0.034302
-0.122925 0.268066 0.887085 -0.044922 0.013672 -0.012207
-0.374878 0.332397 0.945557 -0.022827 -0.046143 -0.005371
-0.315918 0.367310 0.932251 -0.010498 -0.013428 0.032471
-0.317383 0.371460 0.931763 -0.007813 -0.023560 0.042236
-0.286133 0.413452 0.926636 -0.019653 -0.005371 0.048828
-0.317139 0.373535 0.938354 -0.028198 -0.006958 0.048950
-0.245117 0.417847 0.915649 -0.026855 -0.036621 -0.011963
-0.334351 0.381104 0.956665 -0.030029 -0.022339 -0.025635
-0.340576 0.345093 0.933105 -0.024292 -0.000732 -0.001343
-0.319336 0.370850 0.937256 -0.024902 -0.001343 -0.010132
-0.304810 0.366943 0.938110 -0.023315 -0.006714 -0.004517
-0.301758 0.360474 0.940308 -0.019165 -0.008667 -0.010742
-0.342529 0.419067 0.933350 -0.017944 -0.011108 -0.007324
-0.302368 0.357056 0.935425 -0.010742 -0.013184 0.016357
-0.274048 0.347900 0.932983 -0.008667 -0.015137 0.019531
-0.275269 0.375610 0.935181 -0.008423 -0.010376 0.004272
-0.299316 0.368896 0.932129 -0.012695 -0.007568 0.005371
-0.320068 0.399292 0.936157 -0.009521 -0.006714 0.012207
-0.310303 0.378052 0.934326 -0.007446 -0.012817 0.006348
-0.297729 0.376587 0.936646 -0.006470 -0.011108 -0.004761
-0.297729 0.380737 0.934570 -0.010742 -0.008301 -0.003296
-0.304077 0.340942 0.938354 -0.007080 -0.005981 0.000977
-0.305664 0.374756 0.934570 -0.014160 -0.005859 -0.001709
-0.296509 0.382446 0.933228 -0.016724 -0.007446 -0.003174
