-0.379639 0.332764 0.935547 -0.035156 -0.013550 0.079102
-0.370361 0.303833 0.933350 -0.040527 -0.003662 0.043213
-0.387695 0.297974 0.926636 -0.026123 -0.003052 -0.008545
-0.413940 0.297241 0.919800 -0.022339 -0.010010 -0.021851
-0.398071 0.266602 0.925537 -0.019287 -0.024048 -0.022461
-0.390137 0.295776 0.916870 -0.009644 -0.033325 -0.018188
-0.396484 0.287231 0.921021 -0.019165 -0.038452 -0.006714
-0.413330 0.276123 0.911499 -0.015381 -0.057739 0.013062
-0.411377 0.289795 0.921021 -0.008789 -0.080688 0.029053
-0.104492 0.211426 1.316650 -0.012573 -0.092773 0.060913
-0.373535 0.361328 0.926392 0.012573 -0.048218 -0.005005
-0.390503 0.358521 0.934082 0.012207 -0.016968 0.004883
-0.377686 0.255371 0.930908 -0.004395 -0.022827 0.010864
-0.380249 0.238525 0.932861 0.016602 -0.027588 0.049561
-0.364868 0.280518 0.932861 0.054688 -0.025024 0.111694
-0.351807 0.352417 0.935059 0.047607 -0.016602 0.118530
-0.348511 0.351685 0.930542 0.015259 -0.001343 0.101807
-0.356079 0.312012 0.931274 -0.010010 0.004272 0.068848
-0.381104 0.309937 0.933716 -0.012817 0.005249 0.050293
-0.395386 0.299194 0.924927 -0.010986 -0.008057 0.026611
-0.379028 0.304199 0.933960 -0.003174 -0.019653 0.033691
-0.354126 0.323364 0.928833 -0.004028 -0.020020 0.028442
-0.362183 0.328491 0.931885 -0.009399 -0.013550 0.024536
-0.369629 0.353027 0.951172 -0.020752 -0.008789 0.062866
-0.299683 0.722900 1.004028 -0.095703 -0.015869 -0.022095
-0.369629 0.538818 0.974609 0.027832 0.000732 0.185059
-0.475586 0.045898 0.935425 -0.169800 -0.005737 -0.060059
-0.350708 0.333130 0.963867 -0.028076 0.015991 0.150513
-0.596802 -0.501953 0.890747 -0.213379 0.014526 -0.059082
-0.399170 -0.516724 0.871338 -0.268066 -0.010376 -0.063599
-0.210205 0.975708 0.803955 -0.165039 -0.018188 0.028076
-0.503296 -0.050537 0.921509 -0.117310 0.013550 -0.013184
-0.360107 0.343872 0.936401 0.021484 -0.026611 0.098999
-0.337036 0.299927 0.938599 -0.009521 -0.013916 0.028198
-0.339844 0.315430 0.936768 -0.009155 -0.004761 0.029663
-0.356323 0.310669 0.946045 -0.032959 0.001587 -0.057861
-0.375244 0.283081 0.934448 -0.036743 -0.000488 -0.081421
-0.363281 0.242554 0.939575 -0.022583 -0.007202 -0.047485
-0.377441 0.295410 0.941895 -0.006714 -0.011597 0.000000
-0.359375 0.304321 0.947021 -0.016602 -0.014771 -0.001465
-0.422729 0.252441 0.970947 -0.019287 -0.024780 0.033447
-0.192505 0.374634 0.923706 -0.014282 -0.082275 0.001343
-0.550415 0.248169 1.005981 -0.026611 -0.026855 0.042480
-0.244873 0.225952 0.948975 -0.042358 -0.051636 0.005859
-0.490723 0.272949 1.000000 -0.027466 -0.024658 0.022095
-0.344482 0.312378 0.943604 -0.015625 -0.067261 -0.009521
-0.535645 0.363525 1.052734 -0.029907 -0.007080 0.030884
-0.516479 0.401367 1.038696 -0.013062 -0.055786 -0.013672
-0.726685 0.348877 1.054565 -0.035034 -0.002930 -0.004517
-0.533691 0.396240 0.966431 -0.024536 -0.007080 0.037842
-0.126099 0.229370 0.846924 -0.089844 -0.103516 -0.123413
-0.396118 0.279053 0.955322 -0.021484 -0.011963 0.032837
-0.330688 0.232056 0.935425 -0.022827 -0.026123 0.003906
-0.355103 0.302368 0.967773 -0.013062 -0.018188 0.036011
-0.336304 0.299561 0.955322 -0.038452 -0.034180 0.005249
-0.185669 0.181030 0.916382 -0.046631 -0.037231 0.009033
-0.386963 0.328491 0.969604 -0.006958 0.008667 0.107178
-0.277222 0.110962 0.926514 -0.075195 -0.033447 -0.012695
-0.464966 0.607178 1.012573 -0.046875 -0.026123 0.015259
-0.413452 0.369141 0.960571 0.012451 0.001587 0.129517
-0.345825 0.309692 0.962280 -0.008301 -0.015869 0.093262
-0.301270 -0.586060 0.910889 -0.177856 -0.037720 -0.114624
-0.290405 0.359375 0.974365 0.026367 -0.015625 0.141724
-0.330200 0.239380 0.940552 -0.096313 0.009521 0.035767
-0.316772 0.356567 0.961060 0.032227 -0.007080 0.163086
-0.593750 0.442505 1.024780 -0.142700 0.059448 0.014404
-0.234497 0.457275 0.947754 0.005859 -0.001099 0.123291
-0.304810 0.476563 0.969360 0.024536 -0.017456 0.122314
-0.337402 0.394775 0.962036 -0.047119 0.043945 0.050659
-0.529541 0.239380 0.990479 -0.085083 0.045044 -0.004272
-0.226929 0.369263 0.932983 0.006348 0.007446 0.075562
-0.341064 0.263672 0.929688 -0.071655 0.062134 0.035278
-0.313232 0.360840 1.010986 -0.052246 0.098877 0.074951
0.136230 0.391479 0.794067 -0.015137 0.068726 0.073975
-0.677246 0.010742 1.094238 -0.046631 0.109863 0.082642
-0.549194 0.244141 1.031738 0.016724 0.062744 0.109619
-1.417725 -0.078491 1.154663 -0.025513 0.254395 0.216064
-0.052856 0.433228 0.862427 0.017822 -0.031006 -0.016235
0.178101 0.440063 0.675781 0.057007 0.014038 0.073730
0.266235 0.097778 0.598999 0.051514 0.045044 0.031616
-0.473267 0.144897 1.056519 0.086914 0.094727 -0.002808
-0.171021 0.193359 0.734863 0.141479 0.072021 0.064453
-0.163208 0.403198 0.923706 -0.005859 -0.091309 -0.137939
-0.445923 0.660767 1.008423 0.098633 0.050415 0.128784
-0.311768 0.263062 0.937622 -0.040894 0.012451 -0.035645
-0.399658 0.275635 0.930176 -0.021240 0.020386 -0.000366
-0.441650 0.432251 1.012085 0.051880 0.033447 0.108643
-0.305908 0.314575 0.931519 -0.035156 -0.003784 0.018311
-0.261841 0.487671 0.924194 -0.075195 0.049072 -0.005127
-0.370483 0.301758 0.999023 -0.180054 0.102661 -0.153687
-0.223999 0.267212 1.055420 -0.011597 0.115112 -0.188599
-0.411133 0.313232 0.933228 0.005737 0.200684 -0.261230
-0.476318 0.221436 0.867188 0.049072 0.153564 -0.215088
-0.461670 0.280884 0.873535 0.058594 0.069702 -0.195068
-0.476196 0.219482 0.895874 0.068726 0.016846 -0.188354
-0.487915 0.239990 0.870605 0.116089 -0.029785 -0.153564
-0.485840 0.304321 0.853394 0.101563 -0.097534 -0.150269
-0.422729 0.259644 0.915283 0.067261 -0.130737 -0.106689
-0.420654 0.229736 0.921265 0.083496 -0.127930 -0.072632
-0.398071 0.284058 0.914917 0.094849 -0.119507 -0.026001
-0.394043 0.323853 0.920776 0.041748 -0.093872 -0.003052
-0.404785 0.281372 0.896118 0.000366 -0.079590 0.026978
-0.404175 0.302612 0.922607 -0.023193 -0.078003 0.078125
-0.388550 0.288208 0.937378 -0.024536 -0.091431 0.087524
-0.368408 0.315308 0.936157 -0.010742 -0.097168 0.062378
-0.398438 0.306030 0.919922 -0.006348 -0.105957 0.031616
-0.403687 0.277222 1.007446 0.000244 -0.138428 0.020508
-0.341431 0.507813 0.927734 0.041260 -0.075073 -0.061279
-0.334961 0.309204 0.931152 0.024536 -0.028564 -0.035400
-0.323120 0.320679 0.923218 0.003906 -0.039063 0.022339
-0.518066 0.350464 1.004517 -0.019897 -0.049194 0.046997
-0.230713 0.326416 0.916138 -0.022949 -0.057373 0.090210
-0.050781 0.355835 0.898315 -0.000122 -0.153931 0.056641
-0.526001 0.237183 0.968750 -0.037354 -0.029785 0.078369
-0.489868 0.341187 0.983521 -0.028687 -0.092651 -0.020874
0.038208 0.163086 0.826538 -0.037109 -0.217163 -0.128662
-0.448975 0.286011 0.981934 -0.022339 -0.002563 0.078857
-0.959229 0.313843 1.017090 -0.034058 -0.131470 -0.085571
-0.510376 0.223389 0.980225 -0.067749 -0.065063 -0.052490
-0.496216 0.394165 1.039063 -0.058594 -0.077759 -0.037476
-0.146729 0.318481 0.921021 -0.042236 -0.079956 -0.057861
-0.258667 0.239136 0.932495 -0.062378 -0.086060 -0.108521
-0.254517 0.285645 0.963379 -0.036621 -0.052490 -0.026733
-0.431641 0.207886 0.958374 -0.038086 -0.034302 -0.043091
-0.406738 0.263672 0.970337 -0.033691 -0.015015 -0.021240
-0.330566 0.313965 0.964233 -0.015869 -0.053711 -0.031616
-0.344360 0.296997 0.959839 -0.025391 -0.016235 -0.010620
-0.322754 0.249146 0.962036 -0.041138 -0.052368 -0.050659
-0.228516 0.284424 0.946899 -0.040771 -0.032349 -0.026123
-0.373291 0.271240 0.972168 -0.031982 -0.013062 -0.015259
-0.438232 0.270874 0.954468 -0.021362 -0.048340 -0.038696
-0.319824 0.273315 0.948975 -0.019409 -0.010620 -0.018921
-0.341064 0.261719 0.957397 -0.019287 -0.009766 -0.014038
-0.316772 0.280029 0.958740 -0.011719 -0.013794 -0.010254
-0.318726 0.289673 0.962646 -0.013306 -0.010742 -0.010986
-0.309570 0.289917 0.962646 -0.016968 -0.005737 -0.005981
-0.328247 0.277832 0.963745 -0.019531 -0.003540 -0.001953
-0.331177 0.267212 0.962036 -0.014282 -0.003418 0.001221
-0.322266 0.281616 0.954590 -0.008667 -0.009521 0.010742
-0.320679 0.291260 0.960205 -0.012573 -0.008057 0.000366
-0.323853 0.281860 0.965942 -0.014648 -0.009399 -0.004028
-0.314697 0.270020 0.962036 -0.010498 -0.006836 -0.006226
-0.334351 0.298462 0.958740 -0.008057 -0.004639 -0.006226
-0.325684 0.286743 0.959351 -0.013916 -0.008423 -0.009033
-0.325928 0.272949 0.959595 -0.010254 -0.008911 -0.009155
-0.320435 0.286499 0.957153 -0.010132 -0.011597 -0.003052
-0.308105 0.284546 0.960449 -0.015747 -0.009521 -0.012817
-0.324585 0.283569 0.963379 -0.018433 -0.002808 -0.016846
-0.328735 0.291382 0.958862 -0.020752 -0.003296 -0.005493
-0.326904 0.282593 0.958618 -0.023438 -0.007813 -0.002319
