-0.297729 0.376587 0.933716 -0.008911 -0.014404 0.007813
-0.284790 0.375244 0.935059 -0.005615 -0.011353 0.013916
-0.286621 0.376709 0.941406 -0.005371 -0.005249 0.029907
-0.290649 0.378174 0.938232 -0.006348 -0.005493 0.040894
-0.271851 0.379883 0.931274 -0.006836 -0.005127 0.046143
-0.281006 0.359253 0.936890 -0.014648 -0.011841 0.030273
-0.296387 0.377441 0.939819 -0.013794 -0.012451 0.036255
-0.287720 0.372070 0.931519 -0.016235 -0.009033 0.020630
-0.292969 0.367920 0.934570 -0.004395 -0.006958 0.039063
-0.287231 0.388062 0.939819 0.002319 -0.003296 0.071655
-0.289063 0.385864 0.935303 -0.001343 0.000000 0.093384
-0.286011 0.449585 0.948853 -0.024292 -0.005127 0.066895
-0.273315 0.477295 0.964111 -0.068481 0.000854 0.017334
-0.337158 0.344360 0.899902 -0.087646 0.014404 -0.002319
-0.422119 0.047119 0.929688 -0.080444 0.000977 -0.048462
-0.519043 0.130005 0.930908 -0.106567 0.028076 -0.030640
-0.389404 -0.132080 0.894531 -0.097656 -0.005859 -0.056274
-0.250732 0.144653 0.918091 -0.022217 -0.014038 0.060181
-0.238770 0.576172 0.962524 -0.021851 0.006470 0.073730
-0.265259 0.364136 0.899658 -0.257446 0.054199 -0.250854
-0.331055 0.436157 0.940552 0.031006 -0.013428 0.123413
-0.287720 0.433350 0.944458 -0.010498 -0.002686 0.051636
-0.277466 0.401978 0.945068 -0.036011 0.009277 0.026367
-0.282593 0.377075 0.932373 -0.037720 0.005371 -0.016235
-0.294556 0.383301 0.938965 -0.039063 0.004272 -0.051880
-0.310181 0.352173 0.940674 -0.039551 -0.006470 -0.083862
-0.291626 0.363892 0.941162 -0.034302 -0.013794 -0.076782
-0.277588 0.381958 0.941650 -0.038818 -0.011108 -0.081909
-0.295044 0.356567 0.936157 -0.047363 -0.003174 -0.074951
-0.306396 0.352295 0.947632 -0.043579 -0.004272 -0.065552
-0.332520 0.333374 0.951538 -0.031616 -0.020996 -0.014404
-0.452026 0.387207 0.926392 -0.017944 -0.066650 0.022583
-0.207031 0.396484 0.939941 -0.041870 -0.022583 -0.002197
-0.321533 0.315918 0.952515 -0.053467 -0.018555 -0.026245
-0.005737 0.336792 0.910645 0.011108 -0.159058 -0.036133
-0.252197 0.396606 0.920898 -0.032104 -0.062988 -0.042114
-0.529297 0.347900 0.998779 -0.017700 -0.010864 0.025513
-0.480713 0.287354 0.987305 -0.024658 -0.051880 0.004883
-0.271362 0.340820 0.950928 -0.022827 -0.027222 0.052490
-0.101074 0.203491 0.918457 -0.052612 -0.099365 -0.027344
-0.361938 0.384888 0.979614 -0.026855 -0.005859 0.031982
-0.379395 0.362427 0.951782 -0.020508 -0.002319 0.036743
-0.190918 0.307861 0.932129 -0.046631 -0.069824 -0.011230
-0.237549 0.343628 0.939087 -0.025635 -0.024902 0.042969
0.132202 0.289063 0.851807 -0.101196 -0.133667 -0.109253
-0.287964 0.388550 0.969727 -0.019897 -0.001953 0.074341
-0.426880 0.495605 1.000000 -0.063354 -0.047241 -0.015137
-0.055420 0.116211 0.902222 -0.071045 -0.031006 -0.007813
-0.312012 0.398193 0.982056 -0.034790 0.002441 0.067749
-0.294678 0.371216 0.975098 -0.025391 -0.008057 0.070801
-0.257935 0.454346 1.022583 -0.138062 -0.042969 -0.083740
-0.258545 0.225708 0.964600 -0.079468 -0.017212 0.038574
-0.303833 0.166138 0.945313 -0.030518 -0.001343 0.090454
-0.264526 0.659790 0.995605 -0.089844 -0.011963 -0.016968
-0.298584 0.343994 0.976074 -0.054443 0.009888 0.034424
-0.320557 0.489746 0.942017 -0.069092 0.016479 0.013062
-0.125488 0.550293 0.979858 -0.032227 0.016235 0.079224
-0.275513 0.268799 0.955444 -0.031860 0.013916 0.100708
-0.212158 0.443970 0.945435 -0.007813 0.026245 0.091797
-0.343018 0.290894 0.975952 -0.116455 0.080200 -0.051392
-0.205566 0.454346 0.970459 0.017578 -0.008423 0.062134
-0.207275 0.382324 0.955933 -0.008789 0.025879 0.037598
-0.155151 0.367065 0.952759 -0.017944 0.069580 0.061401
-0.124268 0.426147 0.957275 0.035156 -0.010132 0.174805
0.253052 0.604492 0.837158 -0.092651 0.319214 0.123535
-0.572754 0.141602 1.048950 -0.006836 0.078125 0.055542
-0.031250 0.394653 0.911255 0.023193 0.014038 0.021729
-1.074707 0.337524 1.022827 0.021729 0.465088 0.039551
0.005493 0.428223 0.964722 0.047241 0.043945 -0.031982
-0.524414 0.509521 0.973755 0.081665 0.073486 -0.014160
-0.717651 0.392090 1.123169 0.171753 0.246582 0.119385
-0.072021 0.304565 0.885254 -0.007202 -0.032837 -0.120239
-0.518066 0.490967 1.043701 0.082153 0.064941 0.128296
-0.266968 0.319580 0.937866 0.002319 -0.010132 0.017334
-0.271851 0.413940 0.943848 -0.001953 0.016846 0.081177
-0.261963 0.415161 0.930054 -0.055542 0.046387 0.000854
-0.250122 0.057617 0.901611 -0.008301 0.104004 -0.096558
-0.313843 0.248657 1.185303 0.230225 -0.014160 0.011719
-0.200806 0.439209 1.040161 0.320923 0.071899 -0.116821
-0.345825 0.446167 0.838013 0.267456 0.107178 -0.276367
-0.437012 0.382446 0.830444 0.213135 0.015503 -0.254150
-0.311035 0.452393 0.802734 0.210693 -0.141235 -0.162476
-0.309937 0.624756 0.855347 0.105347 -0.121338 -0.226196
-0.349121 0.483154 0.819824 0.017334 -0.074219 -0.235840
-0.526978 0.315186 0.835571 -0.050415 -0.103149 -0.143555
-0.370728 0.429932 0.875610 -0.076416 -0.106934 -0.058838
-0.406494 0.223389 0.900513 -0.109009 -0.102051 0.059570
-0.302124 0.359619 0.932373 -0.046753 -0.116577 0.145630
-0.253784 0.281616 1.018066 -0.020142 -0.064331 0.133423
-0.250122 0.349731 0.977905 0.020386 0.003052 0.094360
-0.309814 0.497681 0.919434 0.006348 0.012939 0.074097
-0.322998 0.315552 0.942749 -0.022583 0.005371 0.048218
-0.300049 0.380493 0.963135 0.015747 -0.005737 -0.010986
-0.323975 0.334106 0.904785 0.052979 0.008911 0.007690
-0.337402 0.466064 0.893555 0.016724 -0.015869 -0.045776
-0.352905 0.307495 0.916748 0.014526 -0.007446 0.080811
-0.340088 0.361206 0.897095 -0.057495 -0.032471 0.012573
-0.360107 0.376953 0.923950 -0.041992 -0.063965 0.064941
-0.125854 0.248779 0.909302 0.007324 -0.053101 0.005371
-0.152466 0.354858 0.922852 -0.013672 -0.057373 -0.009155
-0.283325 0.403198 0.926147 -0.018921 -0.000854 0.029297
-0.316162 0.396362 0.929443 -0.027222 -0.000732 0.068359
-0.304932 0.382080 0.920532 -0.037109 -0.005615 0.066528
-0.318481 0.408691 0.928589 -0.039551 -0.009644 0.070068
-0.330078 0.383911 0.933350 -0.044189 -0.022095 0.020264
-0.108154 0.372803 0.856934 -0.042114 -0.084839 -0.031616
-0.303223 0.406372 0.934082 -0.013794 -0.022827 0.077026
-0.139893 0.359009 0.889526 -0.039673 -0.131958 -0.074341
-0.356567 0.364136 0.929688 -0.038330 0.004883 0.018311
-0.404053 0.372070 0.966553 -0.023438 -0.031494 0.036255
-0.205078 0.462036 0.914063 -0.021729 -0.118408 -0.054321
-0.349365 0.399292 0.958496 -0.019043 -0.025391 0.064453
-0.465454 0.385620 1.020630 -0.026611 -0.034668 0.035034
-0.519897 0.378052 1.001343 -0.036255 -0.030273 -0.019775
0.131470 0.512085 0.803101 -0.035889 -0.159180 -0.077393
0.037842 0.433472 0.847290 -0.018311 -0.162231 -0.052979
0.202759 0.335938 0.855103 -0.048218 -0.116455 -0.028076
-0.393311 0.462158 1.008423 -0.031250 -0.081787 0.043091
0.030029 0.473999 0.844360 0.008301 -0.160156 0.013916
-0.104614 0.219482 0.935181 -0.054077 -0.145142 -0.062256
-0.103394 0.349731 0.892212 -0.035522 -0.099854 -0.052368
-0.261719 0.405396 0.930298 -0.021729 -0.129639 -0.060425
-0.512573 0.411499 0.939697 -0.020386 -0.075928 -0.036255
-0.368286 0.336182 0.940308 -0.039185 -0.049805 -0.052979
-0.252808 0.345581 0.933960 -0.034912 -0.011108 -0.020752
-0.296265 0.362305 0.954590 -0.021606 -0.008423 0.014282
-0.246460 0.377319 0.946411 -0.020996 -0.012451 0.010254
-0.250610 0.375488 0.953003 -0.024780 -0.005005 -0.010620
-0.259888 0.376587 0.951050 -0.024414 -0.003296 -0.004028
-0.258789 0.367554 0.952271 -0.023315 -0.007446 -0.009521
-0.252075 0.353271 0.956421 -0.018311 -0.010010 -0.008057
-0.253174 0.363281 0.955322 -0.009399 -0.009766 0.001587
-0.253052 0.368286 0.954224 -0.007324 -0.009277 0.005371
-0.260986 0.389771 0.952881 -0.002563 -0.008789 0.022461
-0.242920 0.388550 0.948730 -0.014038 -0.008911 0.014404
-0.252441 0.372192 0.952393 -0.019653 -0.003052 -0.002075
-0.258911 0.360229 0.951050 -0.020264 -0.002808 -0.010498
-0.261353 0.368164 0.951660 -0.015991 -0.014404 0.010742
-0.238647 0.379395 0.949097 -0.017822 -0.012085 0.009644
-0.240356 0.374146 0.955444 -0.017822 -0.003174 0.004639
-0.265869 0.368652 0.954468 -0.015747 0.000854 0.003906
-0.255127 0.367920 0.947754 -0.010376 -0.005615 0.007080
-0.249268 0.368774 0.950928 -0.001465 -0.005005 0.031616
-0.245239 0.407959 0.948364 -0.004028 -0.002563 0.046387
-0.254883 0.388794 0.951050 -0.020142 -0.002808 0.013428
-0.261475 0.374634 0.948853 -0.024292 -0.004272 0.000488
-0.254639 0.370361 0.952637 -0.021118 -0.008423 -0.000122
-0.246094 0.375366 0.953491 -0.023438 -0.006714 -0.009155
-0.252686 0.369141 0.955933 -0.023071 -0.002808 -0.007690
-0.258301 0.372192 0.954346 -0.019043 -0.003418 0.002197
