-0.182251 0.561279 0.869507 -0.007568 -0.011108 0.009766
-0.190063 0.562134 0.864136 -0.009766 -0.007324 0.023926
-0.192383 0.545288 0.866211 -0.010132 -0.007690 0.031982
-0.181519 0.569092 0.872192 -0.009766 -0.008057 0.037476
-0.191284 0.561035 0.870605 -0.013062 -0.006958 0.016968
-0.197998 0.553589 0.867920 -0.010864 -0.011353 0.020752
-0.191895 0.558594 0.866821 -0.007202 -0.012207 0.024414
-0.201050 0.540527 0.870117 -0.002686 -0.011963 0.031738
-0.177246 0.587280 0.868652 -0.002075 -0.013916 0.033691
-0.180786 0.578857 0.871216 -0.005737 -0.009033 0.019043
-0.185913 0.565430 0.875732 -0.006836 -0.007324 0.026123
-0.177612 0.580444 0.867920 -0.008423 -0.004150 0.030396
-0.176636 0.591309 0.880493 -0.014771 -0.002441 0.021851
-0.202637 0.541748 0.857056 -0.026367 -0.003174 0.016479
-0.179321 0.569824 0.869141 -0.002441 -0.013184 0.041016
-0.163696 0.588013 0.875366 -0.008545 -0.004883 0.039185
-0.177002 0.582153 0.871460 -0.023560 0.004761 -0.003052
-0.163330 0.642334 0.892212 -0.038574 0.006836 -0.015625
-0.181274 0.557983 0.871338 -0.054077 0.012939 -0.026001
-0.161133 0.528809 0.855103 -0.029175 0.000610 -0.010620
-0.157715 0.609619 0.896973 -0.029419 0.001465 -0.014648
-0.212036 0.470093 0.873169 -0.050049 0.012207 -0.033447
-0.084595 0.707886 0.903809 -0.030518 0.010254 -0.008057
-0.161743 0.591797 0.910767 -0.062256 0.000366 -0.038208
-0.224487 0.549438 0.856689 -0.065186 0.027344 -0.004395
0.015503 0.771851 0.912354 -0.093262 0.048218 -0.045532
0.069824 0.818481 0.875732 -0.062134 0.033813 0.058105
-0.456421 0.384888 0.868896 -0.148926 0.112061 -0.063232
-0.408936 0.286255 0.823975 -0.126831 0.071045 -0.047852
-0.634399 0.201294 0.848633 -0.142944 0.107788 -0.042114
-0.035278 0.910278 0.913696 -0.058594 0.026611 0.052856
-0.286865 0.367554 0.845093 -0.066406 0.034668 0.005249
-0.174438 0.584717 0.873779 -0.040527 0.040039 0.006348
-0.149780 0.569702 0.880493 -0.014771 -0.012451 0.012695
-0.184082 0.557617 0.879517 -0.031494 0.000366 -0.043823
-0.213257 0.529419 0.887573 -0.040771 0.006226 -0.070801
-0.224731 0.533569 0.886963 -0.046021 0.001465 -0.098877
-0.234375 0.500488 0.887573 -0.043823 -0.010132 -0.090820
-0.231079 0.508423 0.887817 -0.025879 -0.017700 -0.040405
-0.217041 0.513794 0.891602 -0.016357 -0.026123 0.005371
-0.203491 0.517334 0.891602 -0.011719 -0.022339 0.022583
-0.307007 0.565430 0.932617 -0.009644 -0.029297 0.031128
0.099609 0.513306 0.860352 -0.046021 -0.028442 -0.024170
-0.386475 0.547607 0.962646 -0.042236 -0.009155 -0.006470
0.294922 0.520508 0.840088 -0.055298 -0.124023 -0.090210
-0.041870 0.426392 0.737671 -0.068359 -0.100952 -0.066650
0.193481 0.499634 0.831299 -0.044556 -0.077026 -0.039917
-0.259766 0.557129 0.933350 -0.011108 -0.026978 0.056030
-0.173096 0.490723 0.763428 -0.083008 -0.228271 -0.126587
-0.354736 0.594971 0.930420 -0.015625 -0.016846 0.015625
-0.021362 0.461548 0.816650 -0.102417 -0.152344 -0.121216
-0.165283 0.523193 0.915894 -0.023560 -0.023682 0.051514
-0.167969 0.473389 0.860596 -0.051270 -0.047729 -0.009155
-0.297485 0.625000 0.957153 -0.036011 -0.050903 0.046631
-0.177124 0.415649 0.900391 -0.038452 -0.006592 0.040649
-0.303467 0.569702 0.871704 -0.093140 -0.065186 -0.038452
-0.272705 0.553345 0.910889 -0.009644 -0.005615 0.091919
0.039795 0.261963 0.831787 -0.079468 -0.062134 -0.046021
-0.139648 0.498413 0.902466 -0.014771 -0.019897 0.072510
-0.123169 0.479248 0.892700 -0.051880 -0.024536 0.003662
-0.201416 0.614746 0.961670 -0.020142 -0.002686 0.066284
-0.289551 0.377441 0.825073 -0.084106 -0.007446 -0.017944
-0.102051 0.605713 0.898926 -0.074585 0.015137 -0.001221
-0.092285 0.529663 0.912109 -0.009644 -0.014893 0.081787
-0.163940 0.193604 0.876343 -0.038818 -0.035645 0.000732
-0.016357 0.659058 0.939819 -0.019043 0.000732 0.068970
-0.110352 0.443604 0.897949 -0.054565 0.010620 -0.004883
-0.060425 0.565430 0.909424 0.025757 -0.028564 0.098145
-0.169800 0.502808 0.908325 0.006470 -0.008179 0.042236
-0.029297 0.619019 0.897095 -0.023560 0.032349 0.035034
-0.329712 0.371704 0.909302 -0.039185 0.036743 0.012207
-0.192139 0.437622 0.884888 -0.033081 0.056274 0.055054
-0.079468 0.636841 0.936646 -0.012573 0.037720 0.080322
-0.587524 0.347656 0.921631 -0.038696 0.061401 0.011841
-0.140869 0.522705 0.906982 0.011719 -0.025391 0.028076
-0.802979 0.349609 1.021729 -0.064087 0.235229 -0.065308
-0.014282 0.381958 0.896484 -0.015747 -0.050537 0.004395
-0.302002 0.489380 0.950195 0.017944 0.105103 0.086182
-0.248291 0.536133 0.922485 -0.010376 0.044556 0.038452
-0.220337 0.537720 0.894653 0.019531 -0.051270 0.125732
-1.073364 0.652954 1.056030 0.077881 0.150391 0.246948
0.347656 0.204956 0.634155 0.011841 0.083618 0.113403
0.168823 0.530762 0.836914 0.047241 0.053345 0.159546
0.127441 0.619995 0.842407 -0.015381 -0.093262 0.020996
-0.713257 0.559326 0.962769 0.104004 0.131104 0.185303
0.187866 0.026489 0.597168 -0.023926 -0.038330 -0.010498
-0.824829 1.103638 1.095581 0.145142 0.044556 0.312744
0.288696 -0.029541 0.776367 0.065430 0.047729 0.150757
-0.260498 0.974731 0.980347 0.050293 -0.036011 0.085449
-0.067383 0.424927 0.890747 -0.000244 -0.006958 -0.008911
-0.143311 0.556641 0.895508 0.001343 0.029907 0.031372
-0.134888 0.587280 0.885010 -0.020142 0.057373 0.055176
-0.113892 0.633179 0.880615 -0.056396 0.091797 0.006836
-0.172729 0.583252 0.885742 -0.104492 0.122437 -0.088745
-0.289917 0.366211 0.868408 -0.099365 0.102783 -0.122314
-0.189087 0.543091 0.974365 0.156006 -0.047119 0.020508
-0.129028 0.579956 0.914551 0.132446 -0.006592 -0.173462
-0.195557 0.590698 0.881592 0.126709 0.002319 -0.215332
-0.145386 0.549316 0.859009 0.111816 -0.004639 -0.261353
-0.225708 0.557129 0.850464 0.117065 -0.013184 -0.234009
-0.322388 0.554810 0.820068 0.083008 -0.031738 -0.221924
-0.372437 0.469360 0.799805 0.083008 -0.087891 -0.107910
-0.312500 0.579590 0.815186 0.068848 -0.138672 0.002075
-0.290039 0.535034 0.848877 0.004883 -0.153442 0.006592
-0.193359 0.545776 0.849609 0.001587 -0.168091 0.021240
-0.157715 0.572266 0.867798 -0.019775 -0.145630 0.090210
-0.180054 0.545044 0.898438 -0.043335 -0.109619 0.100464
-0.163696 0.555908 0.904297 -0.019897 -0.087036 0.069458
-0.178589 0.565796 0.885498 -0.042480 -0.063721 0.051514
-0.070923 0.167480 1.204468 -0.038940 -0.058838 0.070923
-0.169800 0.650391 0.865723 -0.018677 -0.055176 -0.018311
-0.192261 0.612427 0.877197 0.008179 0.001343 0.035522
-0.157349 0.548950 0.878784 -0.017822 0.011475 0.033081
-0.192749 0.552002 0.875977 -0.017456 0.010864 0.015503
-0.192017 0.573853 0.874634 -0.012207 0.001709 0.038330
-0.167114 0.569946 0.873657 -0.026733 -0.002197 0.008057
-0.184692 0.566284 0.877075 -0.038818 0.007690 -0.014038
-0.196045 0.518433 0.874268 -0.034912 0.008789 0.022827
-0.185913 0.547119 0.878540 -0.022217 0.001221 0.025513
-0.191528 0.554199 0.887817 -0.023560 -0.009277 0.026855
0.756836 0.436035 0.770874 -0.093262 -0.188843 -0.213379
-0.091431 0.614624 0.886108 -0.012573 -0.015625 0.039063
-0.609497 0.722168 0.968872 -0.039795 -0.117554 -0.035156
0.185059 0.277954 0.643921 -0.153931 -0.183105 -0.236450
-0.230591 0.596680 0.931885 -0.073120 0.003662 -0.096191
0.088867 0.394287 0.870728 -0.122681 -0.074829 -0.162964
-0.597778 0.481567 0.909424 -0.097290 -0.016113 -0.073364
0.037476 0.636108 0.941772 -0.085083 -0.119629 -0.132813
0.323608 0.464111 0.919800 -0.069946 -0.083374 -0.076660
0.418091 0.433960 0.736328 -0.128906 -0.188965 -0.150269
0.138184 0.533325 0.882202 -0.079590 -0.059082 -0.081421
-0.066650 0.451538 0.820557 -0.076416 -0.074707 -0.099243
-0.113770 0.429688 0.938354 -0.061157 -0.026733 -0.050903
-0.285034 0.476318 0.901123 -0.028931 -0.005127 -0.037964
-0.003296 0.477905 0.874390 -0.031494 -0.079102 -0.052124
-0.183472 0.513794 0.911499 -0.010010 -0.017578 0.026489
-0.152466 0.516724 0.902588 -0.015259 -0.037476 0.025391
-0.160645 0.525513 0.898071 -0.015137 -0.019897 0.009766
-0.188721 0.513428 0.903320 -0.017822 -0.018555 -0.021484
-0.187988 0.512451 0.899780 -0.015259 -0.026367 -0.027832
-0.186401 0.496582 0.899658 -0.008789 -0.033203 -0.021606
-0.160522 0.515137 0.900513 -0.001831 -0.029785 -0.000977
-0.150146 0.508789 0.899414 -0.000122 -0.016846 -0.005737
-0.181396 0.525757 0.905640 -0.002197 -0.011353 0.004639
-0.159424 0.514282 0.898315 -0.011108 -0.015137 0.006104
-0.149414 0.518921 0.907349 -0.017456 -0.003052 -0.017456
-0.192505 0.514160 0.900757 -0.021606 -0.001953 -0.004761
-0.173584 0.510010 0.902344 -0.018311 -0.008423 -0.005493
-0.166626 0.513306 0.899658 -0.015015 -0.005737 -0.003296
-0.166870 0.528198 0.904419 -0.019165 -0.000366 -0.013916
