0.000000 0.000000 0.000000 -0.021851 -0.008545 -0.004028
-0.260742 0.427856 0.923096 -0.025879 -0.008301 -0.010864
-0.252197 0.427124 0.928101 -0.022095 -0.009277 -0.002686
-0.247803 0.422974 0.927856 -0.019775 -0.005005 -0.004639
-0.265137 0.419800 0.927246 -0.015869 -0.006226 -0.008789
-0.268188 0.412476 0.927612 -0.008057 -0.012817 0.007568
-0.244263 0.434692 0.926270 -0.006958 -0.011963 0.022949
-0.257324 0.442139 0.923218 -0.008179 -0.009399 0.024658
-0.238159 0.424805 0.925049 -0.007324 -0.007446 0.024292
-0.240601 0.460205 0.932007 -0.017700 -0.012573 0.014648
-0.228149 0.447876 0.926025 -0.026123 -0.003906 -0.030640
-0.263916 0.429321 0.930908 -0.034790 -0.002686 -0.048462
-0.306519 0.456299 0.926270 -0.032471 -0.016602 -0.053223
-0.256226 0.402954 0.924316 -0.011963 -0.015625 -0.014160
-0.244751 0.411499 0.926147 -0.009888 -0.012207 0.001587
-0.245117 0.460083 0.929565 -0.033936 0.000488 -0.013184
-0.252686 0.460938 0.937866 -0.056030 0.004883 -0.010742
-0.238770 0.282471 0.915283 -0.028687 -0.015381 0.019165
-0.230713 0.434204 0.932251 -0.021118 -0.004639 0.034058
-0.272461 0.424438 0.928833 -0.036499 -0.005005 0.023560
-0.205078 0.639404 0.951050 -0.097290 0.031006 -0.012573
-0.274048 0.202393 0.918579 -0.002686 0.003784 0.084106
-0.261841 0.377075 0.947388 -0.060669 0.019287 0.064453
-0.483398 0.068481 0.922485 -0.029541 -0.015259 0.072632
-0.346436 0.378296 0.948730 -0.072876 0.000977 0.009888
-0.280029 0.534058 0.951294 -0.131470 0.027100 -0.028320
-0.355713 0.045288 0.946411 -0.069458 -0.020142 0.054688
-0.197510 0.450195 0.906372 -0.076172 0.031006 0.087158
-0.153687 0.524902 0.909302 -0.089722 0.029419 0.039063
-0.199097 0.489990 0.932861 0.010742 -0.016357 0.092163
-0.222534 0.458374 0.936035 -0.024780 -0.008789 -0.020874
-0.267700 0.376953 0.932129 -0.025391 -0.007080 -0.021606
-0.276001 0.385010 0.936401 -0.013916 -0.012695 -0.003174
-0.258179 0.408325 0.938721 -0.014038 -0.014893 -0.012695
-0.234253 0.431396 0.932739 -0.026123 -0.005127 -0.024902
-0.247681 0.413086 0.940430 -0.034302 0.001465 -0.018921
-0.294678 0.385620 0.937500 -0.022705 -0.023071 0.007690
-0.274536 0.397461 0.946411 -0.015259 -0.043335 0.014526
-0.275146 0.380005 0.933716 -0.040161 0.004883 -0.009521
-0.497681 0.435181 1.017456 -0.037720 -0.094604 -0.014648
-0.077515 0.309082 0.901123 -0.016724 -0.013306 0.032471
-0.364258 0.350464 0.971436 -0.060669 -0.081299 -0.056152
-0.409058 0.378052 0.946533 -0.026367 0.003662 0.026855
-0.142090 0.235229 0.914185 -0.019653 -0.116211 0.001343
-0.254517 0.344849 0.936401 -0.005615 -0.001221 0.092651
-0.301636 0.455688 0.979248 -0.043945 -0.026367 0.019409
-0.251831 0.359497 0.964722 -0.051392 -0.035400 0.019653
-0.132568 0.165283 0.918579 -0.011719 0.027222 0.072388
-0.095581 0.360352 0.905396 -0.057617 -0.016479 -0.012817
-0.260742 0.325317 0.940918 -0.008301 0.000610 0.085327
-0.257324 0.480591 0.973755 -0.033569 -0.013672 0.048340
-0.247559 0.446289 0.951050 -0.015747 -0.015747 0.045898
-0.171875 0.558838 0.906128 -0.147705 -0.000488 -0.113159
-0.288696 0.500610 0.973999 -0.015259 -0.005371 0.080078
-0.239136 0.407104 0.946289 -0.027344 -0.010132 0.037476
-0.265869 0.419922 0.943726 -0.061523 -0.017944 -0.017944
-0.255859 0.207397 0.926392 -0.010376 -0.000610 0.049072
-0.248779 0.389282 0.956421 -0.007935 0.000000 0.053711
-0.398682 0.667847 0.949585 -0.161011 0.006470 -0.116943
-0.253906 0.234741 0.941162 -0.037842 -0.000610 0.056763
-0.378906 0.162842 0.944580 -0.049561 0.009277 0.038330
-0.190796 0.491943 0.953979 -0.028931 0.006714 0.066162
-0.188232 0.477905 0.951050 -0.051636 0.021362 0.019165
-0.422852 0.290283 0.964722 -0.040283 0.008179 0.054932
-0.224976 0.405273 0.944946 -0.068970 0.029175 0.054199
-0.243286 0.367798 0.945557 0.003662 -0.021484 0.100586
-0.146484 0.517334 0.954102 -0.065552 0.041992 0.005493
-0.240479 0.356323 0.962646 -0.031250 0.011108 0.028442
-0.145630 0.475464 0.956665 -0.016235 0.022827 0.079346
-0.314453 0.114746 0.952271 -0.003052 0.009766 0.096802
-0.118408 0.601929 0.955688 -0.105591 0.122803 0.043091
-0.242310 0.406616 0.929932 -0.062744 0.039307 0.003784
-0.538574 0.237915 1.018677 -0.000488 -0.020142 0.021362
-0.113647 0.489258 0.937378 -0.029663 0.051758 -0.012573
-0.241699 0.396240 0.960327 -0.017578 0.030151 0.021118
-0.040039 0.466431 0.912109 -0.020386 0.075439 0.033203
-0.033569 0.539185 0.911011 -0.043091 0.061157 -0.022461
-0.125244 0.399536 0.885132 0.002441 0.053589 0.018311
-0.065796 0.277222 0.868286 0.040649 0.084229 0.034546
-0.548950 0.453369 1.006836 0.015015 0.005859 0.026367
-0.171021 0.414551 1.013306 0.031494 0.107178 0.114014
0.003540 0.375854 0.854004 -0.004639 -0.002563 -0.029785
-0.594971 0.360596 1.047974 0.047974 0.097046 0.042114
-0.189209 0.360840 0.925781 -0.024536 -0.003662 -0.077515
-0.925659 0.619629 1.154907 0.059692 0.015869 0.046021
-0.436279 0.405273 0.966675 0.001343 -0.027100 -0.027222
-0.224609 0.272217 0.879761 0.067383 0.052368 0.055542
-0.224854 0.445313 1.007202 0.044067 0.028931 0.040283
-0.238281 0.334473 0.911011 0.057739 -0.003540 0.021118
-0.359131 0.691162 1.031982 0.017822 0.017822 -0.013672
-0.201782 0.356812 0.923706 -0.037476 0.003540 -0.111694
-0.241333 0.765991 1.003052 0.028320 0.008301 -0.111938
-0.294922 0.594604 0.947144 0.007690 -0.006836 -0.122314
-0.289307 0.317383 0.938843 -0.009155 -0.019409 -0.057495
-0.248535 0.409790 0.932251 0.011108 -0.018066 0.048584
-0.268433 0.446289 0.931274 0.005249 -0.009155 0.048218
-0.308105 0.408813 0.933472 -0.002197 -0.019043 0.050415
-0.247070 0.428833 0.927368 0.001831 -0.025391 0.038208
-0.210571 0.424438 0.930054 -0.003174 -0.007935 0.035522
-0.136841 0.556641 0.930664 -0.023438 0.031250 0.051758
-0.135498 0.228760 1.160889 -0.024780 0.181152 -0.081299
-0.116211 0.474243 1.009888 0.095581 0.183716 -0.285400
-0.352905 0.477539 0.846191 0.093506 0.182495 -0.257935
-0.383667 0.378784 0.843994 0.058960 0.029541 -0.342407
-0.433594 0.455566 0.830933 0.064331 -0.067871 -0.338257
-0.437622 0.407471 0.807739 0.023315 -0.112793 -0.327271
-0.432007 0.333374 0.841675 -0.046997 -0.175781 -0.306519
-0.408325 0.316162 0.926880 -0.006226 -0.218140 -0.174316
-0.306763 0.365234 0.927490 0.033691 -0.222290 -0.084351
-0.249146 0.408813 0.930298 0.021729 -0.188721 -0.012207
-0.000122 -0.000122 -0.000122 -0.000122 -0.000122 -0.000122
-0.000122 -0.000122 -0.000122 -0.000122 -0.000122 -0.000122
-0.000122 -0.000122 -0.000122 -0.000122 -0.000122 -0.000122
-0.000122 -0.000122 -0.000122 -0.000122 -0.000122 -0.000122
-0.000122 -0.000122 -0.000122 -0.000122 -0.000122 -0.000122
-0.000122 -0.000122 -0.000122 -0.000122 -0.000122 -0.000122
-0.000122 -0.000122 -0.000122 -0.000122 -0.000122 -0.000122
-0.000122 -0.000122 -0.000122 -0.000122 -0.000122 -0.000122
-0.000122 -0.000122 -0.000122 -0.000122 -0.000122 -0.000122
-0.000122 -0.000122 -0.000122 -0.000122 -0.000122 -0.000122
-0.000122 -0.000122 -0.000122 -0.000122 -0.000122 -0.000122
-0.000122 -0.000122 -0.000122 -0.000122 -0.000122 -0.000122
-0.000122 -0.000122 -0.000122 -0.000122 -0.000122 -0.000122
0.000000 0.000000 0.000000 0.011230 -0.024902 0.080078
-0.255371 0.421875 0.928833 0.004761 -0.029419 0.103516
-0.273438 0.471191 0.939941 -0.001221 -0.023926 0.088135
-0.262329 0.411255 0.962280 -0.017090 -0.039795 0.078613
-0.298340 0.439575 0.952759 -0.054077 -0.066040 0.073853
-0.232422 0.429199 0.949463 -0.040405 -0.051880 0.122070
-0.165283 0.223511 0.918701 -0.070068 -0.083252 0.059204
-0.300171 0.379517 0.955811 -0.036621 -0.094360 0.102173
-0.009033 0.324097 0.876221 -0.045044 -0.145996 0.030029
-0.396851 0.534912 1.009644 0.003418 -0.063110 0.072021
-0.457153 0.323364 0.885986 -0.035889 -0.184692 -0.001465
0.024414 0.400513 0.919556 -0.032471 -0.124023 0.018677
-0.345825 0.511597 1.014893 -0.044189 -0.051392 -0.006836
-0.070923 0.234497 0.911255 -0.070190 -0.042358 -0.077881
-0.171265 0.398315 0.969482 -0.060059 -0.074463 -0.040161
-0.090332 0.327759 0.944946 -0.083130 -0.074707 -0.077515
-0.391846 0.348877 0.977783 -0.048218 -0.009888 -0.027466
-0.351318 0.379517 0.961548 -0.029663 -0.030640 0.006104
-0.021362 0.333862 0.935913 -0.048096 -0.072021 -0.039307
-0.283203 0.412476 0.967407 -0.025024 -0.001831 0.022461
0.554443 0.443848 0.861694 -0.046265 -0.197388 -0.082153
-0.259277 0.484375 0.969238 -0.033447 0.006104 0.034546
0.094116 0.403931 0.927490 -0.054199 -0.070557 -0.023193
-0.218506 0.390869 0.955688 -0.054199 -0.022949 -0.015991
-0.110840 0.377197 0.940430 -0.045410 -0.018066 0.004761
-0.237549 0.391479 0.958130 -0.036621 -0.008179 0.019897
-0.233398 0.388184 0.953491 -0.024536 -0.017578 0.019653
