-0.273438 0.410400 0.929688 -0.027954 -0.004272 -0.021362
-0.281494 0.409180 0.932129 -0.025391 -0.005859 -0.016357
-0.287109 0.401489 0.933105 -0.018921 -0.010376 -0.011841
-0.276611 0.403320 0.932373 -0.014771 -0.011841 -0.009033
-0.268555 0.416992 0.929688 -0.015259 -0.008423 -0.006470
-0.274048 0.407715 0.927856 -0.016846 -0.005371 -0.005493
-0.281982 0.409790 0.934937 -0.019165 -0.007202 -0.015015
-0.277710 0.404053 0.928345 -0.020874 -0.011597 -0.010864
-0.273071 0.408081 0.930176 -0.020264 -0.011108 -0.004517
-0.275879 0.405396 0.929688 -0.021729 -0.004517 -0.003906
-0.270874 0.411377 0.927734 -0.024048 -0.003052 -0.000854
-0.276367 0.401978 0.930664 -0.023926 -0.002441 0.003540
-0.279785 0.398560 0.927856 -0.023438 -0.002686 0.005859
-0.277100 0.401123 0.933228 -0.024048 -0.002686 0.011230
-0.262817 0.419434 0.927979 -0.020142 0.000000 0.019043
-0.276245 0.405640 0.932495 -0.019165 0.003540 0.031860
-0.271362 0.409546 0.932495 -0.018921 0.004639 0.047607
-0.275757 0.409058 0.928101 -0.029663 0.004761 0.031860
-0.213135 0.459351 0.934570 -0.039063 0.011475 0.054077
-0.326172 0.276611 0.926025 -0.067505 0.023193 0.034302
-0.261353 0.386230 0.937012 -0.022827 0.006958 0.110718
-0.271851 0.416138 0.934448 -0.024292 0.015015 0.123291
-0.336548 0.613647 0.949707 -0.082764 0.031738 0.094971
-0.345337 0.435425 0.955811 -0.156250 0.036377 0.061035
-0.277588 0.355347 0.935059 -0.025146 0.008301 0.246094
-0.384277 0.401123 0.940430 -0.235229 0.057861 -0.000732
-0.213257 0.599854 0.925903 -0.033691 0.005005 0.219849
-0.189819 0.689819 1.021118 -0.132446 0.029175 -0.022217
-0.243530 0.356079 0.928345 -0.001465 -0.005005 0.227661
-0.187134 0.491699 0.949585 -0.007568 -0.006836 0.156250
-0.002441 0.921509 0.989136 -0.145264 0.065796 0.003418
-0.499634 -0.340820 0.880005 -0.153442 0.023804 -0.034424
-0.277588 0.420044 0.982910 0.023071 -0.019531 0.205200
-0.295776 0.679199 0.944824 -0.109863 0.072876 0.079346
-0.387695 0.200317 0.894043 -0.160400 0.034424 -0.097900
-0.242676 0.475952 0.938721 0.005127 -0.021118 0.033447
-0.262085 0.412109 0.947510 -0.037842 -0.013916 -0.131226
-0.267212 0.378174 0.944824 -0.050659 -0.009521 -0.195557
-0.270508 0.362183 0.946899 -0.049683 -0.002563 -0.178467
-0.294067 0.359253 0.948853 -0.042236 -0.003174 -0.122559
-0.301514 0.359619 0.951050 -0.034302 -0.015503 -0.106934
-0.293579 0.364746 0.949341 -0.023560 -0.032959 -0.135010
-0.321777 0.279907 0.951050 -0.002808 -0.052612 -0.091797
-0.318359 0.366699 0.958740 -0.003296 -0.039551 0.007813
-0.420044 0.293335 0.938232 0.012939 -0.119019 0.017578
-0.184570 0.465454 0.935547 -0.015747 -0.025635 0.027222
-0.208130 0.425903 0.968140 -0.016602 -0.068726 -0.014038
-0.088379 0.395752 0.911865 -0.037476 -0.047607 -0.036987
-0.451782 0.349487 1.011108 -0.033325 -0.026367 -0.038330
-0.276489 0.193726 0.954346 -0.006714 -0.031250 -0.003052
-0.174438 0.289917 0.990723 -0.025879 -0.072754 0.016602
-0.468018 0.285400 0.963745 -0.019409 0.011963 0.065552
-0.208252 0.361694 0.965454 -0.055664 -0.053589 -0.043457
-0.431274 0.411133 0.994629 -0.055786 -0.035400 0.013062
-0.231079 0.271118 0.936157 -0.035278 -0.009033 0.050537
-0.328979 0.399658 0.996338 -0.017456 -0.018799 0.100952
-0.235718 0.240967 0.953735 -0.087402 -0.063599 -0.045410
-0.266724 0.383301 0.981079 -0.018311 -0.010864 0.086548
-0.179932 0.314331 0.952026 -0.024170 -0.007813 0.037964
-0.325317 0.428711 0.965576 0.026611 0.008179 0.181885
-0.318848 0.674683 1.112915 -0.059692 -0.034424 0.019775
-0.335571 0.415283 0.974243 -0.024536 0.003052 0.115234
-0.172729 0.112549 0.915527 -0.066284 -0.033203 0.021118
-0.174927 0.205933 0.947021 -0.143188 -0.011841 -0.077759
-0.226196 0.061890 0.944946 -0.034058 -0.025269 0.104736
-0.195190 0.720825 0.948853 -0.062866 -0.003784 0.088989
-0.375244 0.214233 0.998047 -0.146851 0.042847 0.019653
-0.193604 0.419922 0.970947 -0.001099 -0.015259 0.145264
-0.210083 0.236206 0.967651 -0.011475 -0.000732 0.114868
-0.264282 0.360962 0.971436 -0.120972 0.083984 -0.000488
-0.455444 0.208984 0.993408 -0.083008 0.067993 0.063599
-0.423706 0.438721 0.998413 -0.029541 0.040283 0.166748
-0.378662 0.020020 0.980347 -0.095825 0.068115 0.031250
-0.242798 0.371216 0.972046 0.041382 -0.027344 0.136963
-0.006592 0.390381 0.945068 0.007690 0.024170 0.066528
-0.591064 -0.009888 0.895630 -0.180298 0.279663 -0.122070
-0.160400 0.326416 0.811035 0.048096 0.053101 0.134888
-0.556763 0.404297 0.995361 0.140259 0.124512 0.298828
-0.504150 0.272949 0.865601 0.117676 0.128662 0.307983
-0.165283 0.426636 1.228027 0.075928 0.147949 0.183472
0.101440 0.247192 0.992554 0.041626 0.075806 -0.077515
-0.680908 0.713745 0.974243 0.161377 0.235229 0.173462
-0.014771 0.356567 0.888306 -0.013428 -0.056274 -0.165283
-0.440552 0.382202 0.982178 0.051392 0.098877 0.001099
-0.247559 0.238281 0.887573 0.015015 0.032837 -0.089355
-0.521851 0.861328 1.016846 0.084595 0.035889 0.155029
-0.171753 0.426392 0.934082 -0.031738 0.008301 -0.010498
-0.202759 0.268066 0.908447 -0.063232 0.075073 -0.057739
-0.473511 0.618652 1.021729 0.145508 -0.022583 0.068970
-0.185913 0.426025 1.028442 0.035889 0.013672 -0.218506
-0.320313 0.317017 0.931152 0.057739 0.106201 -0.280273
-0.368164 0.386597 0.842651 0.091797 0.041626 -0.265625
-0.396606 0.388672 0.840210 0.083252 -0.043335 -0.264404
-0.392822 0.369629 0.861816 0.074951 -0.130005 -0.241943
-0.326294 0.334717 0.927368 0.095459 -0.160400 -0.224609
-0.302856 0.356934 0.958008 0.104126 -0.115967 -0.152100
-0.340210 0.409668 0.910156 0.076660 -0.088989 -0.096802
-0.328125 0.372803 0.921997 0.016357 -0.079834 -0.060669
-0.314697 0.343262 0.928223 -0.005615 -0.071411 -0.043823
-0.324097 0.359253 0.933228 0.008789 -0.071899 -0.013916
-0.301270 0.390259 0.915894 0.017456 -0.077515 -0.000732
-0.310425 0.409180 0.909546 0.005859 -0.082886 -0.014648
-0.295532 0.411133 0.924805 -0.011475 -0.089600 0.002686
-0.032227 0.252319 1.048340 -0.017944 -0.095093 -0.039307
-0.250854 0.381958 0.920410 -0.032349 -0.065796 -0.079834
-0.277588 0.445923 0.942139 -0.011963 -0.041016 -0.046143
-0.283203 0.361084 0.929810 -0.015259 -0.031128 -0.002197
-0.318726 0.350952 0.934570 -0.005005 -0.031494 0.049438
-0.318359 0.349365 0.938477 0.010498 -0.048584 0.095703
-0.269409 0.401367 0.933228 0.012329 -0.061646 0.090210
-0.253052 0.438965 0.939453 -0.005859 -0.054199 0.048584
-0.272583 0.439209 0.942749 -0.034546 -0.044922 -0.013916
-0.226440 0.399170 0.930664 -0.059326 -0.044922 -0.067993
-0.754761 0.307007 1.040283 -0.054688 -0.067993 -0.039917
-0.425903 0.387817 0.943848 -0.038574 -0.031494 -0.006836
-0.427246 0.460449 1.008423 -0.035767 -0.128418 0.032959
0.003784 0.380615 0.892456 -0.050293 -0.138550 -0.007690
-0.369141 0.400757 0.979126 -0.035278 -0.048828 0.034790
0.852783 0.247314 0.787842 -0.059326 -0.329346 -0.157837
-0.160156 0.477539 0.903564 -0.010132 -0.066284 -0.024048
-0.820557 0.513184 1.072266 -0.020386 -0.142822 -0.041382
0.288574 0.312866 0.850708 -0.030884 -0.220947 -0.142822
-0.001099 0.471313 0.937744 -0.037842 -0.109131 -0.073730
-1.475952 0.417969 1.038574 -0.024658 -0.131348 -0.079468
-0.691284 0.477905 1.000244 -0.035767 -0.113281 -0.096069
0.049438 0.351318 0.934814 -0.017822 -0.157104 -0.082520
-0.233887 0.262329 0.962524 -0.009766 -0.167725 -0.150024
-0.427612 0.231445 0.978760 0.011597 -0.134033 -0.128540
-0.250610 0.329346 0.961670 0.034302 -0.092773 -0.016357
0.209839 0.342407 0.907959 0.023315 -0.231934 -0.070801
0.058594 0.524048 0.943848 0.085083 -0.154053 0.054199
-0.232300 0.455444 0.977905 0.020752 -0.067383 0.042847
-0.093384 0.349121 0.983887 -0.050415 -0.156128 -0.116211
-0.282715 0.343018 0.961792 -0.020752 -0.057373 -0.068359
-0.378052 0.368042 0.994751 -0.021729 -0.037964 0.008667
-0.276489 0.368164 0.980835 -0.011719 -0.043091 -0.004150
-0.291382 0.312256 0.974854 -0.023926 -0.003174 0.003662
-0.217651 0.357788 0.970703 -0.015259 -0.012939 0.038940
-0.175049 0.369873 0.972534 -0.010742 -0.009033 0.041382
-0.208740 0.336060 0.970337 -0.011719 0.000854 0.028442
-0.218628 0.372192 0.967529 -0.011841 -0.007324 0.013550
-0.188721 0.380859 0.972046 -0.016724 -0.008667 -0.018677
-0.189331 0.381348 0.967896 -0.021973 -0.000610 -0.047241
-0.203491 0.357056 0.971313 -0.025879 0.010010 -0.066528
-0.227417 0.343628 0.972656 -0.014893 0.000000 -0.038818
-0.210205 0.357300 0.966187 -0.004517 -0.006226 -0.009888
-0.201782 0.385620 0.968018 -0.004395 -0.006470 0.010742
-0.197876 0.375488 0.967529 -0.014404 -0.000488 0.006714
-0.204712 0.375366 0.968872 -0.019043 0.000000 0.006836
-0.226685 0.377930 0.976318 -0.016968 -0.006470 0.001587
