-0.294556 0.421387 0.923462 -0.015381 -0.006836 0.012695
-0.281128 0.418213 0.921387 -0.015259 -0.015015 0.008179
-0.265259 0.425171 0.920532 -0.011353 -0.016235 0.009644
-0.277466 0.419800 0.927002 -0.008667 -0.010254 0.007568
-0.276367 0.423462 0.919312 -0.008301 -0.007568 0.012451
-0.277100 0.419189 0.923096 -0.008179 -0.005981 0.007446
-0.283325 0.426025 0.926147 -0.007446 -0.007446 0.005859
-0.280029 0.407349 0.921753 -0.008057 -0.007080 -0.016846
-0.279541 0.417725 0.926758 -0.003662 -0.005493 0.003906
-0.290405 0.420288 0.922119 -0.003540 -0.006592 -0.002808
-0.287842 0.412109 0.921753 -0.000854 -0.012207 0.011108
-0.281982 0.414063 0.921997 0.006104 -0.013916 0.040527
-0.280518 0.409912 0.921997 0.003174 -0.010376 0.066650
-0.265381 0.434448 0.928833 -0.004395 -0.002930 0.081177
-0.299438 0.264771 0.898926 -0.055908 -0.000977 0.041870
-0.301514 0.482788 0.892700 -0.040771 -0.010254 0.099609
-0.232178 0.430908 0.946167 -0.064941 0.009277 0.127319
-0.217407 0.406616 0.856323 -0.139526 0.067627 0.102783
-0.435547 0.355347 0.985352 -0.185913 0.103516 0.104492
-0.284180 0.417480 0.898926 -0.029785 -0.020020 0.212891
-0.114258 0.598877 0.935913 0.071655 -0.051880 0.249146
-0.115234 0.625610 0.902466 -0.083984 0.043701 0.059448
-0.279297 0.256470 0.914429 -0.042480 0.028320 0.074341
-0.275391 0.388672 0.912476 -0.053467 0.005615 0.081909
-0.228760 0.511841 0.932251 -0.026855 0.002808 0.091064
-0.145752 0.536255 0.921997 0.026123 -0.035889 0.098267
-0.202271 0.489014 0.923584 -0.014160 -0.016235 0.001953
-0.257080 0.425293 0.921509 -0.048218 -0.006714 -0.078125
-0.285034 0.418579 0.926147 -0.054565 -0.001221 -0.138672
-0.285889 0.413940 0.930298 -0.056763 -0.008057 -0.123413
-0.295044 0.369873 0.934204 -0.037231 -0.037598 -0.087769
-0.247070 0.464111 0.926880 0.010132 -0.083740 -0.015747
-0.479370 0.439087 1.015869 -0.003906 -0.045654 0.002686
-0.749390 0.490356 0.990356 0.032715 -0.177979 0.051636
-0.201416 0.537720 0.913696 0.003418 -0.031494 0.003296
-0.539551 0.338013 0.903931 -0.061401 -0.129883 -0.035278
-0.283447 0.376709 0.919922 -0.038208 -0.181763 -0.001709
-0.321777 0.526978 0.959106 -0.008057 -0.095337 0.095825
0.205078 0.171265 0.855713 -0.056396 -0.114624 0.079102
0.122437 0.206909 0.917603 -0.052246 -0.110962 0.097778
-0.202881 0.510254 0.906982 -0.033691 -0.057007 0.138062
-0.222656 0.355103 0.913208 -0.018066 -0.019287 0.147339
-0.026245 0.522705 0.919312 -0.094971 -0.058716 0.053833
-0.132813 0.605225 1.020508 -0.051025 -0.024780 0.124634
-0.185669 0.592407 0.967896 -0.077637 -0.017456 0.076660
-0.179688 0.434814 0.934326 0.019531 -0.002197 0.183228
-0.306519 0.407471 0.924194 -0.082642 -0.003296 0.063599
-0.269653 0.266479 0.927002 -0.071289 -0.016113 0.054810
-0.203247 0.358521 0.953491 -0.034790 0.003906 0.096313
-0.242676 0.317261 0.935791 -0.037720 -0.007080 0.081421
-0.329956 0.422241 0.958252 -0.123047 0.063477 0.056030
-0.505493 0.000854 0.944092 -0.048828 0.019897 0.144165
-0.060913 0.578369 0.967896 0.064575 -0.021606 0.265381
-0.340820 0.455933 0.870605 -0.133179 0.188599 0.032593
-0.383301 0.357422 0.952148 -0.003540 0.043213 0.205566
0.017822 0.600586 0.801514 -0.075684 0.200195 0.077393
-0.001343 0.544556 1.001221 0.040894 0.044189 0.147461
-0.727173 0.151733 0.864868 -0.022949 0.213989 0.028931
-1.255005 0.460938 1.201050 0.085327 0.193726 0.036621
-0.119507 0.247314 0.796753 0.098022 0.146362 0.144287
-0.367310 0.403076 1.206665 0.081665 0.086914 0.048218
-0.335693 0.521729 1.013794 0.078613 0.114258 0.077881
-0.553223 0.659302 0.916138 0.094849 0.103271 0.042847
-0.882813 0.566772 1.234253 0.131348 0.137207 0.079712
-0.279175 0.515869 0.881714 0.042725 -0.020874 -0.049683
-0.590942 1.038330 1.303467 0.321655 0.073364 0.337891
-0.075684 0.246338 0.907715 -0.047607 -0.028809 -0.087524
-0.238281 0.556641 0.926147 0.024048 0.017334 0.043335
-0.266602 0.457886 0.913818 0.003296 0.009521 0.075195
-0.261353 0.468506 0.916016 -0.008667 0.001709 0.041992
-0.251709 0.465210 0.917480 -0.021851 -0.009766 -0.001587
-0.240845 0.450195 0.916504 -0.019531 -0.009277 0.001221
-0.231689 0.475220 0.918945 -0.018188 0.000610 0.011353
-0.250244 0.452881 0.921509 -0.027832 0.007080 -0.010376
-0.269043 0.417603 0.920654 -0.021484 0.006470 -0.012451
-0.209473 0.483276 0.917480 -0.008179 0.008057 0.038696
-0.059082 0.621948 0.904785 -0.072876 0.071045 -0.010254
-0.264282 0.510010 0.959106 -0.178833 0.129639 -0.204590
0.015991 0.228516 0.998657 -0.025513 -0.006226 -0.218628
-0.317505 0.527222 0.938110 0.070313 0.063599 -0.275879
-0.331665 0.394165 0.879150 0.072632 0.045166 -0.297485
-0.376465 0.428955 0.846680 0.069580 -0.009766 -0.276245
-0.368530 0.411621 0.858765 0.048828 -0.064941 -0.232056
-0.363525 0.390503 0.894409 0.058350 -0.100586 -0.191895
-0.313477 0.436768 0.887085 0.083374 -0.133423 -0.162476
-0.308105 0.447021 0.895386 0.066284 -0.147583 -0.158936
-0.228271 0.419189 0.947144 0.031860 -0.101807 -0.093994
-0.270996 0.451050 0.902954 0.011719 -0.030396 -0.079224
-0.298096 0.465942 0.874878 -0.023560 -0.009399 -0.065186
-0.345947 0.385132 0.884644 -0.046631 -0.015747 -0.042358
-0.348511 0.398682 0.881348 -0.047974 -0.045532 0.033569
-0.362305 0.376221 0.914429 -0.038330 -0.101807 0.070679
-0.278442 0.378418 0.941650 -0.008423 -0.165283 0.096558
-0.286499 0.710693 0.926758 0.088623 -0.118774 0.008545
-0.178345 0.389771 0.922241 0.029175 -0.077148 -0.007080
-0.277588 0.404541 0.923706 0.026855 -0.055908 0.019409
-0.237549 0.488892 0.922363 0.040771 -0.073486 0.086548
-0.352295 0.460327 0.936157 0.031616 -0.101074 0.110596
-0.163208 0.500610 0.950928 0.004028 -0.172485 0.084473
-0.481689 0.460938 0.977295 0.002197 -0.111206 0.074951
-0.197998 0.451660 0.899414 -0.023071 -0.224487 -0.006348
-0.311890 0.536865 0.963257 -0.020996 -0.113892 0.015503
0.282837 0.469849 0.880493 -0.064819 -0.255127 -0.084229
-0.261597 0.556396 0.997192 -0.052002 -0.230957 -0.089722
0.318481 0.558716 0.921021 -0.029785 -0.354980 -0.154907
-0.831055 0.859619 0.984985 -0.040283 -0.208252 -0.096436
-0.080811 0.281860 0.854614 -0.043335 -0.209595 -0.092651
-0.513550 0.683838 0.974976 -0.071533 -0.190796 -0.074097
-0.323975 0.464722 0.947754 -0.076172 -0.088257 -0.073730
-0.301880 0.461426 0.945190 -0.037598 -0.098877 -0.013184
0.021973 0.355469 0.918579 -0.055054 -0.147705 -0.011230
0.109619 0.353027 0.912842 -0.024170 -0.110474 0.012451
-0.263428 0.506836 0.990112 -0.003174 -0.037476 0.069336
-0.102661 0.425659 0.946899 -0.012817 -0.044312 0.018066
0.107178 0.406738 0.920410 -0.048584 -0.051758 -0.047607
-0.243774 0.435425 0.979858 -0.046997 -0.023438 -0.049805
-0.188965 0.358887 0.942993 -0.030884 -0.008057 -0.028564
-0.221924 0.430908 0.967041 -0.014526 0.000732 0.006348
-0.174927 0.420776 0.952026 -0.022705 -0.021729 0.010132
-0.075928 0.421753 0.944824 -0.027222 -0.015015 -0.001953
-0.182007 0.406250 0.954834 -0.022461 0.013916 -0.010498
-0.193115 0.424438 0.952759 -0.018799 0.002930 -0.023071
-0.177856 0.420044 0.953613 -0.016602 -0.007202 -0.024780
-0.172485 0.403931 0.956665 -0.011475 -0.008423 -0.015015
-0.169312 0.422729 0.955200 -0.008789 -0.008179 -0.007813
-0.168945 0.428589 0.949951 -0.009888 -0.005737 0.007935
-0.181152 0.434692 0.954346 -0.019043 -0.003174 0.000854
-0.167480 0.422852 0.953003 -0.026245 -0.006226 -0.008423
-0.179932 0.420410 0.959106 -0.027710 -0.004150 -0.019775
-0.173462 0.410889 0.958008 -0.025024 -0.005249 -0.011230
-0.169800 0.412476 0.953369 -0.019043 -0.008179 -0.006836
-0.181885 0.417236 0.956787 -0.015503 -0.008179 0.004883
-0.174194 0.418091 0.951782 -0.017578 -0.012451 0.010254
-0.167969 0.426758 0.956055 -0.018066 -0.012451 0.008423
-0.168823 0.436401 0.955811 -0.021973 -0.010986 -0.000610
-0.167969 0.425415 0.958740 -0.028931 -0.007690 -0.023682
-0.169312 0.417603 0.951294 -0.033081 -0.002441 -0.032837
-0.175293 0.403442 0.949707 -0.030273 0.000244 -0.028687
-0.187744 0.408569 0.961548 -0.021606 -0.001709 -0.010376
-0.184692 0.413452 0.958496 -0.015015 -0.009888 -0.004639
-0.174316 0.412354 0.958374 -0.011475 -0.011230 0.002808
-0.166138 0.422729 0.954224 -0.014282 -0.008789 0.006714
-0.187744 0.415283 0.955200 -0.019043 -0.002563 -0.001099
-0.180420 0.419922 0.956543 -0.019409 -0.007813 0.002441
-0.175781 0.412476 0.957764 -0.020264 -0.006714 -0.011475
-0.181152 0.408569 0.963257 -0.015747 -0.006104 0.000122
-0.166138 0.416260 0.956177 -0.017334 -0.006836 0.005493
-0.179077 0.423950 0.955322 -0.016602 -0.003540 0.006226
-0.181885 0.414917 0.953613 -0.018921 -0.005249 0.002563
-0.177856 0.415649 0.950928 -0.016968 -0.002930 -0.013550
