-0.000122 -0.000122 -0.000122 -0.000122 -0.000122 -0.000122
-0.000122 -0.000122 -0.000122 -0.000122 -0.000122 -0.000122
-0.000122 -0.000122 -0.000122 -0.000122 -0.000122 -0.000122
-0.000122 -0.000122 -0.000122 -0.000122 -0.000122 -0.000122
-0.000122 -0.000122 -0.000122 -0.000122 -0.000122 -0.000122
-0.000122 -0.000122 -0.000122 -0.000122 -0.000122 -0.000122
0.000000 0.000000 0.000000 -0.028442 0.012329 0.018677
-0.274902 0.402954 0.934937 -0.008423 -0.003662 0.050659
-0.281616 0.395874 0.929810 -0.009155 -0.002686 0.058594
-0.250610 0.427612 0.941406 -0.016602 0.003662 0.064453
-0.175171 0.583984 0.936523 -0.080688 0.049072 -0.004883
-0.250244 0.324585 0.927246 -0.105591 0.043091 0.005249
-0.216309 0.527100 0.911133 -0.142944 0.063721 -0.020996
-0.109863 0.516724 0.912842 -0.125488 0.051270 0.055420
0.003418 0.560059 0.837524 -0.088135 0.047852 0.072388
-0.182129 0.523438 0.961548 -0.116699 0.051758 0.089233
-0.477051 0.416504 0.964478 -0.132935 0.084717 0.097534
-0.106445 0.536621 0.909058 -0.003662 -0.003296 0.175171
-0.233765 0.258423 0.916992 -0.092285 0.021851 0.020142
-0.214478 0.393677 0.931519 -0.028931 -0.001343 0.030151
-0.238037 0.416626 0.941650 -0.030640 0.003052 -0.002930
-0.277466 0.386963 0.938110 -0.055054 0.018799 -0.074707
-0.309204 0.344604 0.942383 -0.056396 0.015381 -0.077759
-0.298462 0.332520 0.942993 -0.038574 0.005249 -0.031494
-0.301392 0.346680 0.950195 -0.019043 -0.005127 0.039673
-0.319336 0.376831 0.965454 -0.009888 -0.016602 0.077759
-0.430298 0.377075 0.983276 -0.047485 -0.059692 0.031006
-0.205444 0.325195 0.907837 -0.073120 -0.063721 -0.022461
-0.700806 0.469971 1.023560 -0.074097 0.000977 -0.011353
-0.831665 0.362793 0.868164 -0.119751 -0.074707 -0.076782
0.030518 0.072998 0.724365 -0.135254 -0.128418 -0.163818
-0.288818 0.431763 0.951172 -0.006836 -0.014648 0.092163
-0.237183 0.392700 0.925537 -0.077759 -0.109253 -0.036377
-0.285889 0.343262 0.946899 0.001953 0.006226 0.109741
-0.426147 0.459106 1.014038 -0.127197 -0.058472 -0.067627
-0.302246 0.441284 0.946167 -0.013062 0.012695 0.098877
-0.279541 0.124756 0.936890 -0.082153 -0.008301 -0.017944
-0.250977 0.642822 1.046509 -0.024414 -0.009033 0.074829
-0.154785 0.479492 0.942505 0.009033 -0.034912 0.071655
-0.501465 -0.397461 0.943481 -0.153687 0.019775 -0.073242
-0.291992 0.369141 0.956055 -0.048584 0.023315 0.071167
-0.340454 0.087280 0.940918 -0.036865 -0.012085 -0.006470
-0.328247 0.557373 0.957275 -0.080688 0.050537 0.044556
-0.146118 0.314697 0.956299 0.039185 -0.076050 0.066772
-0.319824 0.326050 0.938843 -0.057983 0.074829 0.073364
-0.345093 0.295898 0.934937 -0.106445 0.069702 -0.032349
-0.434082 0.236816 0.980225 -0.006592 -0.002808 0.036011
0.114990 0.505127 0.925171 0.014893 0.096191 0.041260
-0.613037 0.383789 1.246948 0.020630 0.155884 0.051758
-0.070679 0.233643 0.875000 0.022095 0.120117 -0.035278
-0.210571 0.395996 0.980713 0.080322 0.084473 -0.015259
-0.091675 0.393677 0.929810 -0.012695 0.004883 -0.121338
-0.366821 0.379517 0.870605 0.069214 0.118408 -0.027710
-0.385864 0.225830 0.888062 -0.015625 0.046875 -0.068970
-0.169067 0.397095 0.915771 -0.053955 -0.051270 -0.164551
-0.845825 0.639282 1.264160 0.227905 0.199585 0.338135
-0.255493 0.166992 0.886841 -0.014038 -0.023804 -0.057373
-0.676392 1.102539 1.139526 0.266357 0.066528 0.309937
-0.207397 0.010986 0.760864 0.111816 -0.009766 0.169312
-0.237305 0.934570 1.199219 0.138916 -0.012207 0.089600
-0.165161 -0.357666 0.691895 -0.033325 -0.017212 -0.120117
-0.415161 0.929688 1.051636 0.159546 0.001953 0.149902
-0.226318 0.282471 0.940430 0.030518 -0.019287 0.021484
-0.293823 0.415771 0.933960 -0.006470 -0.007935 -0.038086
-0.318604 0.379272 0.931152 -0.006470 -0.006836 0.013794
-0.318848 0.382080 0.925049 -0.003906 -0.009521 0.036865
-0.310181 0.380249 0.927490 0.003296 -0.013184 0.059326
-0.291260 0.394165 0.927856 0.003418 -0.013672 0.048218
-0.261108 0.434204 0.919556 -0.008423 0.001343 0.042603
-0.238770 0.457764 0.921509 -0.046387 0.043945 0.034180
-0.295410 0.218384 1.078979 -0.027588 0.049561 -0.003906
-0.075806 0.522949 1.055542 0.062988 0.079102 -0.123169
-0.277832 0.428223 0.958740 0.049072 0.187988 -0.286865
-0.354736 0.423096 0.870483 0.057861 0.132935 -0.332764
-0.427124 0.408936 0.826538 0.017456 0.060791 -0.310547
-0.443481 0.329956 0.832153 -0.022461 -0.018799 -0.291016
-0.468628 0.347900 0.833618 -0.009521 -0.062988 -0.212646
-0.479858 0.303345 0.843018 -0.030518 -0.103882 -0.137817
-0.453613 0.311646 0.867676 -0.017578 -0.151733 -0.038574
-0.409058 0.308594 0.878784 -0.001465 -0.193481 0.019165
-0.319946 0.379272 0.918457 0.012573 -0.194092 0.021729
-0.266602 0.384399 0.957153 0.012329 -0.167969 0.024658
-0.280029 0.397827 0.953613 0.005981 -0.122559 0.001953
-0.297363 0.411255 0.909058 -0.018677 -0.098389 -0.008545
-0.314697 0.347046 0.918457 -0.037109 -0.097656 -0.000122
-0.330200 0.367554 0.925903 -0.030151 -0.102173 0.029663
-0.330811 0.353149 0.915283 -0.020020 -0.111206 0.036377
-0.000122 -0.000122 -0.000122 -0.000122 -0.000122 -0.000122
-0.000122 -0.000122 -0.000122 -0.000122 -0.000122 -0.000122
-0.000122 -0.000122 -0.000122 -0.000122 -0.000122 -0.000122
-0.000122 -0.000122 -0.000122 -0.000122 -0.000122 -0.000122
-0.000122 -0.000122 -0.000122 -0.000122 -0.000122 -0.000122
-0.000122 -0.000122 -0.000122 -0.000122 -0.000122 -0.000122
-0.000122 -0.000122 -0.000122 -0.000122 -0.000122 -0.000122
-0.000122 -0.000122 -0.000122 -0.000122 -0.000122 -0.000122
-0.000122 -0.000122 -0.000122 -0.000122 -0.000122 -0.000122
0.000000 0.000000 0.000000 0.000122 -0.038330 0.072388
-0.307129 0.442871 0.951904 -0.010254 -0.029663 0.094727
-0.242432 0.377441 0.932495 -0.075317 -0.105835 -0.040405
-0.006470 0.238525 0.871826 -0.119385 -0.061157 -0.085938
-0.000122 -0.000122 -0.000122 -0.000122 -0.000122 -0.000122
0.000000 0.000000 0.000000 -0.061157 -0.058716 0.002197
-0.205200 0.392944 0.985962 -0.081299 -0.091553 -0.049683
0.005005 0.515259 0.765991 -0.122192 -0.198608 -0.087769
-0.302124 0.419800 0.972900 -0.015137 0.007202 0.122559
0.087646 0.297974 0.929077 -0.119141 -0.158081 -0.109985
-0.308105 0.330688 0.942627 -0.046021 0.007202 0.077393
-0.151001 -0.086182 0.977417 -0.142212 -0.097778 -0.113770
-0.187256 0.227295 0.946045 -0.086548 -0.010010 0.017334
0.125610 0.289673 0.895996 -0.115234 -0.135864 -0.122925
-0.379395 0.428467 1.020752 -0.073730 0.004395 0.009521
0.012085 0.291382 0.975220 -0.089722 -0.120728 -0.159058
-0.398438 0.352783 0.990234 -0.040161 0.037109 0.026245
-0.097290 0.283813 0.980713 -0.057251 -0.093506 -0.071533
-0.320679 0.284912 0.979126 -0.040649 -0.044067 -0.028687
-0.315796 0.310547 0.939697 -0.022095 -0.029663 0.014038
-0.303833 0.282593 0.975952 0.007568 -0.002563 0.083130
-0.282471 0.322998 0.981323 0.020142 -0.033569 0.105469
-0.036499 0.264893 0.885864 -0.059204 -0.113037 -0.054688
-0.270386 0.360474 0.968628 0.010132 -0.003296 0.050781
-0.265259 0.359131 0.965210 -0.005005 -0.017334 0.001709
-0.247925 0.323364 0.963745 -0.013306 -0.020264 -0.045532
-0.243408 0.315918 0.969727 -0.008789 -0.012939 -0.055542
-0.257690 0.314087 0.969116 0.002319 -0.012329 -0.011597
-0.259766 0.341064 0.965332 0.002075 -0.018066 -0.001587
-0.246460 0.354126 0.969971 -0.003662 -0.017700 -0.006714
-0.234253 0.351929 0.970581 -0.017700 -0.009644 -0.032471
-0.255005 0.319092 0.966309 -0.023926 -0.004028 -0.052368
-0.254761 0.340454 0.966797 -0.017944 -0.004639 -0.028198
-0.259277 0.332397 0.969727 -0.022217 -0.005859 -0.024536
-0.264526 0.323242 0.966553 -0.020142 -0.004883 -0.014282
-0.243042 0.328979 0.969604 -0.013306 -0.003052 0.003784
-0.268677 0.322144 0.968872 -0.012085 -0.003174 0.006714
-0.270996 0.323730 0.971191 -0.004272 -0.013916 0.008179
-0.246948 0.343018 0.967896 -0.001099 -0.017090 0.012329
-0.242554 0.346313 0.965210 -0.009033 -0.008545 -0.005249
-0.261963 0.336182 0.964966 -0.015259 -0.005859 -0.012207
-0.270142 0.332153 0.965332 -0.015503 -0.012939 -0.016479
-0.251465 0.318115 0.968262 -0.011963 -0.016479 -0.022705
-0.234863 0.324097 0.968018 -0.007813 -0.010376 -0.015747
-0.249512 0.335693 0.967529 -0.003540 -0.002319 0.001099
-0.263672 0.331787 0.968994 -0.006958 -0.003418 -0.005859
-0.256226 0.316162 0.964111 -0.009033 -0.006836 -0.007080
-0.244751 0.325073 0.973022 -0.006592 -0.001831 0.009033
-0.254517 0.328491 0.973022 -0.003296 0.003662 0.018311
-0.272583 0.345093 0.965210 -0.004028 -0.001099 0.010498
-0.279419 0.346924 0.963867 -0.007202 -0.011597 0.007813
-0.236572 0.353394 0.969482 -0.018311 -0.012695 0.007080
-0.247803 0.333252 0.969360 -0.028687 -0.000366 -0.009888
-0.273804 0.322388 0.972534 -0.026123 -0.000732 -0.013062
