-0.358154 0.341064 0.923950 -0.006104 -0.012695 0.017944
-0.347290 0.353027 0.927002 -0.011963 -0.010864 0.011108
-0.365234 0.335693 0.928345 -0.017822 -0.006348 0.009766
-0.352783 0.340332 0.926514 -0.015381 -0.009155 0.002441
-0.343506 0.339722 0.926758 -0.010986 -0.009766 0.009521
-0.343750 0.337891 0.927002 -0.010254 -0.010010 0.005615
-0.344116 0.342163 0.925537 -0.011963 -0.006836 0.009644
-0.354614 0.344971 0.919800 -0.012695 -0.004395 0.009644
-0.352173 0.354248 0.928833 -0.017700 -0.004272 -0.002441
-0.362183 0.343262 0.922852 -0.017212 -0.006470 0.001099
-0.359375 0.333130 0.931396 -0.012695 -0.009155 0.006592
-0.354492 0.339111 0.930786 -0.008423 -0.013428 0.009766
-0.327759 0.336548 0.927856 -0.013306 -0.009277 0.020874
-0.335327 0.338989 0.924561 -0.010864 -0.006714 0.027588
-0.348999 0.355469 0.923950 -0.013062 -0.000488 0.043335
-0.353149 0.352905 0.931885 -0.013794 -0.000366 0.051025
-0.363892 0.354736 0.928833 -0.016602 -0.004272 0.038574
-0.347778 0.410400 0.938232 -0.048828 -0.009033 -0.017090
-0.453857 -0.344971 0.926025 -0.188232 -0.016968 -0.148804
-0.376831 0.076660 0.915039 -0.043213 -0.018799 0.016479
-0.302490 0.386963 0.933472 -0.024414 -0.020874 0.011475
-0.366455 -0.030640 0.897827 -0.173096 -0.005737 -0.130859
-0.418823 -0.033936 0.920410 -0.089355 0.019409 -0.004395
-0.324707 0.653931 0.994141 -0.057617 -0.001465 0.096558
-0.394653 0.266602 0.921997 -0.124023 0.007690 0.007324
-0.343262 -0.145386 0.881104 -0.137817 -0.017334 -0.044189
-0.331543 0.362549 0.932495 -0.016724 -0.009644 0.064087
-0.335449 0.334961 0.936646 -0.025024 0.001587 0.052368
-0.353760 0.356689 0.933716 -0.036133 0.004395 0.029541
-0.456787 0.171631 0.898926 -0.117065 0.000366 -0.070557
-0.349121 0.293457 0.937012 -0.007568 -0.009033 0.068970
-0.329834 0.423828 0.956909 -0.026733 -0.005249 0.075195
-0.289551 0.031006 0.905396 -0.144409 -0.002686 -0.165771
-0.386108 0.379517 0.935425 0.009888 -0.012085 0.021606
-0.341919 0.366821 0.937012 -0.018433 -0.018311 -0.050415
-0.357422 0.325928 0.938721 -0.029419 -0.013916 -0.058350
-0.356934 0.307007 0.940308 -0.031860 -0.017822 -0.039917
-0.343872 0.327881 0.940430 -0.021851 -0.025146 -0.007690
-0.358887 0.313354 0.941895 -0.027832 -0.019165 0.000732
-0.378784 0.315063 0.951050 -0.017822 -0.026367 0.042847
-0.273926 0.237915 0.930786 -0.051758 -0.044067 -0.031006
-0.132690 0.361084 0.896729 -0.030640 -0.059448 -0.027344
-0.387817 0.306641 0.946533 -0.032471 -0.009277 -0.000244
-0.414429 0.303711 0.965820 -0.012939 -0.037231 0.011475
0.024536 0.431885 0.882813 0.001953 -0.091675 -0.016602
-0.282593 0.321533 0.936035 -0.026001 -0.033569 -0.002319
0.153320 0.362305 0.863037 -0.029663 -0.107666 -0.057739
-0.124390 0.296631 0.923218 -0.039917 -0.071289 -0.056641
-0.393921 0.263794 0.956909 -0.027588 -0.000122 0.023193
-0.044556 0.206177 0.907715 -0.034912 -0.102173 -0.055542
-0.189087 0.314697 0.912842 -0.034424 -0.043213 0.010376
-0.365356 0.310791 0.957642 -0.031250 -0.001099 0.049316
-0.421265 0.308838 0.958862 -0.036377 -0.052856 -0.044800
-0.344727 0.304077 0.943237 -0.022095 -0.005371 0.062134
-0.342896 0.297974 0.950317 -0.012207 -0.013916 0.062622
-0.336060 0.331421 0.958740 -0.013794 -0.017700 0.038086
-0.219238 0.249023 0.938721 -0.038452 -0.022217 -0.005615
-0.386353 0.361328 0.992432 -0.030273 0.005127 0.032349
-0.338745 0.377563 0.948853 -0.080933 -0.039063 -0.080444
-0.360840 0.343872 0.971191 0.000977 0.006836 0.096558
-0.233643 0.125122 0.914429 -0.024902 -0.023071 0.008789
-0.327271 0.325073 0.943970 0.001831 -0.013794 0.063354
-0.303833 0.319336 0.950928 -0.021729 -0.014404 0.046875
-0.290527 0.388794 0.984253 -0.062378 -0.012573 0.014771
-0.333862 0.267578 0.945557 -0.037598 0.000977 0.044556
-0.351807 0.195801 0.947266 -0.034424 -0.003418 0.036621
-0.414917 0.276978 0.949341 -0.099243 0.002930 -0.002686
-0.296997 0.393066 0.962769 -0.023071 -0.015869 0.084473
-0.333496 0.361816 0.955566 -0.026611 0.010254 0.059204
-0.378296 0.279175 0.940674 -0.090942 0.027588 0.001099
-0.301514 0.337769 0.958374 0.005737 0.001709 0.104858
-0.166748 -0.108765 0.908936 -0.179810 0.032471 -0.069092
-0.230347 0.536499 0.922729 -0.034668 -0.004883 0.073853
-0.254395 0.436401 0.952026 0.059326 -0.029419 0.117920
-0.863159 -0.230469 0.996216 -0.163208 0.126221 -0.030884
-0.227417 0.317139 0.956787 0.033691 -0.029297 0.078003
-0.162964 0.527222 0.953247 -0.125854 0.143921 0.021362
-0.584106 0.073242 1.006714 -0.054810 0.076660 -0.008545
-0.366821 0.331665 0.984985 0.024170 0.015991 0.038452
-0.397705 0.320190 0.949951 -0.013062 0.071533 0.023682
-0.585205 0.259888 0.977539 -0.020386 0.007935 -0.040527
-0.929077 0.412964 1.016479 0.072388 0.271973 0.138428
0.072998 0.269897 0.737915 0.032959 -0.033936 -0.106934
-0.852905 0.632446 1.075439 0.079712 0.045532 0.135254
-0.002808 0.230591 0.816895 -0.008789 0.004517 -0.070801
-0.529541 0.510742 0.992065 -0.009644 0.053467 0.030518
-0.257080 0.216553 0.872192 -0.037109 0.054688 0.005005
-0.558228 0.538086 1.017944 0.018188 0.095093 0.100464
-0.271851 0.291138 0.946899 -0.002563 0.104736 0.057495
-0.331299 0.395752 0.940430 -0.097656 0.072266 -0.047241
-0.212402 0.351318 1.056274 0.000732 0.058838 -0.093384
-0.262451 0.370239 1.001221 0.006714 0.147827 -0.251831
-0.430664 0.256592 0.870728 0.030884 0.171509 -0.286377
-0.512451 0.256592 0.840332 0.054321 0.070313 -0.235352
-0.507568 0.268188 0.847046 0.063477 -0.039795 -0.280518
-0.465576 0.225830 0.889038 0.093384 -0.126221 -0.289795
-0.383545 0.274658 0.939331 0.105591 -0.134033 -0.263062
-0.418579 0.273315 0.929810 0.056152 -0.060303 -0.152222
-0.389526 0.262329 0.901367 0.041870 -0.036377 -0.072510
-0.400146 0.292603 0.916016 0.031372 -0.022339 -0.017578
-0.415039 0.290527 0.918945 0.014893 -0.020142 0.012695
-0.440308 0.269531 0.918823 0.022461 -0.040771 0.047119
-0.450562 0.270508 0.900024 0.032959 -0.068604 0.056396
-0.375366 0.293457 0.939697 0.024536 -0.095093 0.090454
-0.386353 0.303711 0.948608 0.007813 -0.087524 0.116699
-0.349121 0.305298 0.937500 -0.002930 -0.103882 0.082153
-0.405884 0.504395 0.921753 0.025879 -0.033203 -0.009399
-0.360107 0.366333 0.927734 -0.024048 0.002319 -0.017334
-0.375488 0.253052 0.929077 -0.054443 0.003174 -0.045044
-0.433350 0.256226 0.930054 -0.032349 -0.013184 -0.044189
-0.400879 0.270142 0.928833 0.000000 -0.039917 0.000366
-0.381226 0.317139 0.928955 0.014526 -0.049805 0.020996
-0.372314 0.331909 0.929077 0.010132 -0.043823 0.026733
-0.369507 0.310425 0.931396 0.004272 -0.048340 0.025635
-0.318115 0.330322 0.918457 -0.008423 -0.064575 0.001709
-0.355957 0.291504 0.920654 -0.013428 -0.052246 0.010864
-0.448364 0.315552 0.989258 -0.000488 -0.045898 0.073120
-0.715332 0.306519 1.050415 0.006226 -0.118652 0.001831
-0.757202 0.210693 1.083130 -0.021362 -0.022583 0.063354
-0.233765 0.329224 0.904175 -0.044678 -0.111206 -0.057373
-0.700317 0.302246 1.052612 -0.040161 -0.060669 0.011475
-0.617432 0.403687 1.055420 -0.022705 -0.078003 0.025879
-0.892578 0.309814 1.011597 -0.026001 -0.052002 0.028076
-0.290649 0.174072 0.939819 -0.065430 -0.090576 -0.054077
0.101563 0.287842 0.873901 -0.075562 -0.141113 -0.128052
0.208618 0.260742 0.774048 -0.088989 -0.207153 -0.238037
0.419312 0.352173 0.843384 -0.051758 -0.201416 -0.184204
-0.479248 0.088135 0.976929 -0.048218 -0.087402 -0.106934
-0.108521 0.238525 0.877441 -0.031372 -0.069580 -0.060425
-0.429932 0.267578 0.981567 -0.035645 -0.025635 0.005493
0.020630 0.258911 0.841675 -0.059570 -0.124878 -0.059937
-0.501587 0.328369 1.032837 -0.049194 -0.015137 0.004395
-0.375488 0.322388 0.958862 -0.037720 -0.001831 0.025879
-0.334351 0.250977 0.946777 -0.032349 -0.092896 -0.057495
-0.348267 0.285400 0.963867 -0.047119 -0.014404 -0.028931
-0.278076 0.299194 0.942993 -0.043701 -0.022949 -0.024292
-0.338135 0.264160 0.962402 -0.049805 -0.003052 -0.040894
-0.326172 0.253418 0.958740 -0.039795 -0.002686 -0.039551
-0.330444 0.248657 0.961670 -0.024292 -0.000732 -0.027100
-0.326904 0.267212 0.961182 -0.015625 -0.003418 -0.012695
-0.319458 0.268188 0.961426 -0.013550 0.000732 -0.010254
-0.332520 0.273682 0.960205 -0.011108 0.005127 0.021851
-0.334839 0.281006 0.959961 -0.013062 0.001099 0.020142
-0.329102 0.269897 0.960083 -0.013672 -0.004150 0.013428
-0.311035 0.288452 0.964844 -0.017700 -0.002441 0.008057
-0.335693 0.273682 0.961426 -0.021851 0.000488 0.008179
-0.323975 0.268066 0.963623 -0.021362 -0.001343 0.004639
-0.340088 0.264404 0.962158 -0.016235 -0.001343 0.008301
-0.332275 0.280640 0.954224 -0.013672 -0.005981 0.017822
-0.321777 0.278198 0.958374 -0.016113 -0.004395 0.005249
