-0.283447 0.368042 0.943726 -0.009277 -0.009277 0.001587
-0.307251 0.356812 0.944946 -0.015503 -0.006714 -0.006348
-0.293213 0.372314 0.945435 -0.015625 -0.008789 -0.011353
-0.301025 0.361206 0.951782 -0.024780 -0.009155 -0.028809
-0.292114 0.345337 0.948364 -0.023315 -0.010742 -0.023682
-0.286499 0.335571 0.950195 -0.017456 -0.006836 -0.017090
-0.298462 0.342285 0.949585 -0.009033 -0.004883 0.001953
-0.297485 0.345581 0.948242 -0.002441 -0.003906 0.027588
-0.291138 0.352661 0.948730 -0.000488 -0.001343 0.047729
-0.289185 0.372559 0.951172 -0.008545 0.005005 0.049316
-0.245117 0.425659 0.941895 -0.043945 0.021973 0.013184
-0.376099 -0.000122 0.951538 -0.161255 0.079590 -0.068726
-0.257690 0.385620 0.953491 -0.009155 -0.003174 0.077026
-0.292847 0.413330 0.938843 -0.069824 0.041504 -0.000610
-0.271606 0.390625 0.948120 0.012329 0.002686 0.069580
-0.603638 -0.076904 0.977173 -0.170288 0.138916 0.002075
-0.097046 0.268188 0.934570 -0.087158 0.060059 0.138916
-0.493164 -0.137085 1.010010 -0.123901 0.069092 0.112305
-0.005615 0.579468 0.885620 -0.084717 0.053955 0.112549
-0.238892 0.091187 0.941406 -0.043335 0.006836 0.114868
0.024658 0.709595 0.899048 -0.128418 0.084229 0.061768
0.084351 0.906372 0.884399 -0.066284 0.062378 0.135986
-0.053589 0.245361 0.934814 -0.032104 -0.005371 0.137573
-0.568115 -0.136963 0.948120 -0.167847 0.066772 -0.011841
-0.207275 0.306396 0.941162 -0.029297 -0.010498 0.098511
-0.308960 0.392700 0.949097 -0.045166 0.007568 0.025757
-0.579956 -0.060425 0.947876 -0.099243 0.027954 0.015625
-0.257690 0.330444 0.946411 0.013550 -0.029053 0.107422
-0.275024 0.401367 0.949585 -0.007324 -0.011230 0.046265
-0.269287 0.488525 0.936035 -0.069702 0.017822 -0.017456
-0.366333 0.358521 0.942505 -0.005249 -0.013916 0.018799
-0.288452 0.351685 0.942749 -0.010254 -0.017334 -0.005859
-0.283203 0.355347 0.946655 -0.019653 -0.004028 -0.017578
-0.314087 0.334351 0.945435 -0.024536 0.006104 -0.023682
-0.325073 0.332275 0.946533 -0.021851 0.001221 -0.039185
-0.324341 0.324097 0.950928 -0.022827 -0.010010 -0.046753
-0.310669 0.331787 0.946777 -0.026489 -0.014038 -0.043457
-0.305054 0.327881 0.948242 -0.036133 -0.012085 -0.027222
-0.283569 0.319336 0.947754 -0.042236 -0.014282 -0.005371
-0.294434 0.339722 0.957031 -0.050049 -0.008179 -0.005127
-0.454224 0.389526 1.057007 -0.067627 -0.019409 -0.005493
0.006958 0.395508 0.860474 -0.087158 -0.065674 -0.051270
-0.186157 0.390381 1.036499 -0.114502 -0.149536 -0.137817
0.678955 0.245239 0.755249 -0.149536 -0.191284 -0.186401
0.053101 0.193604 0.845337 -0.122559 -0.087891 -0.178223
-0.928955 0.369873 1.203735 -0.095581 -0.018555 -0.143433
-0.584229 0.360596 1.018799 -0.120239 -0.130981 -0.243530
-0.895630 0.348267 1.062988 -0.084106 0.008545 -0.111084
1.181763 0.050171 0.706055 -0.140869 -0.272827 -0.293213
-0.468750 0.230469 1.051758 -0.064941 0.006104 -0.091553
-0.526367 0.078369 0.959351 -0.086670 -0.109009 -0.238892
-0.776611 0.427979 1.063721 -0.104248 -0.116455 -0.110474
0.166382 0.334106 0.831909 -0.091675 -0.100342 -0.070557
0.478516 0.356323 0.873657 -0.106445 -0.188599 -0.100098
-0.173828 -0.063843 1.005127 -0.125122 -0.042969 -0.108398
-0.277466 0.209595 0.970703 -0.071899 -0.065796 -0.009155
-0.016479 0.087646 0.921021 -0.061890 -0.075073 -0.004517
-0.319214 0.200806 0.987305 -0.028076 -0.009644 0.066528
-0.251343 0.223511 0.981323 -0.010254 -0.010620 0.061523
-0.258911 0.239258 0.989380 -0.003784 0.008911 0.022827
-0.224854 0.209473 0.981323 0.006226 0.030518 -0.009277
-0.136719 0.351196 0.965454 -0.006958 0.068359 -0.052368
-0.153809 0.240234 1.160156 -0.050415 0.131470 -0.201538
-0.255859 0.213989 1.090088 0.099976 0.325195 -0.137207
-0.340698 0.290894 0.893677 0.220581 0.379028 -0.013062
-0.452271 0.299683 0.875122 0.164307 0.321167 0.005371
-0.456543 0.241943 0.893066 0.116821 0.221436 0.024780
-0.490112 0.310303 0.894897 0.127686 0.147705 0.103271
-0.462891 0.219849 0.897339 0.065674 0.030151 0.044678
-0.387085 0.259399 0.940186 0.091675 -0.023193 0.116455
-0.361328 0.302124 0.958008 0.064087 -0.057129 0.084961
-0.309326 0.300537 0.966309 0.066650 -0.064575 0.086914
-0.323975 0.292725 0.965576 0.074341 -0.052734 0.062866
-0.342407 0.317871 0.937866 0.097656 -0.037109 0.045532
-0.373291 0.328003 0.920898 0.077271 -0.054077 0.018188
-0.415161 0.296631 0.918457 0.036987 -0.087402 0.008057
-0.394897 0.274048 0.908081 0.036743 -0.129761 0.032227
-0.380127 0.265381 0.937256 0.045898 -0.167847 0.057129
-0.322510 0.288330 0.960205 0.062988 -0.195923 0.091553
-0.307129 0.320923 0.953491 0.090942 -0.190063 0.137207
0.132202 0.148315 1.129883 0.079102 -0.181641 0.065308
-0.180786 0.424072 0.942261 0.062622 -0.090942 0.030518
-0.259033 0.400635 0.959351 0.020386 -0.023682 0.026855
-0.285645 0.366333 0.951904 -0.002075 -0.000610 0.063721
-0.331665 0.340576 0.954956 -0.018677 0.002319 0.039673
-0.297974 0.306641 0.954956 -0.021851 -0.007568 0.033081
-0.286621 0.292480 0.958252 -0.010742 -0.012939 0.046631
-0.273071 0.312622 0.962402 -0.005493 -0.021362 0.034302
-0.260986 0.418091 0.967163 -0.045532 -0.022949 -0.036621
-0.310913 0.391357 0.956543 0.002197 -0.013184 0.025146
-0.309692 0.355835 0.948975 -0.012207 -0.003784 0.029175
-0.283447 0.339233 0.955811 -0.015747 -0.002930 0.024658
-0.291504 0.342407 0.949341 -0.023560 -0.003174 0.010864
-0.276367 0.366699 0.969604 -0.038208 -0.002075 0.003540
-0.240967 0.294312 0.932251 -0.158936 0.011353 -0.116943
-0.312622 0.302124 0.953125 -0.013306 -0.005371 0.056152
-0.212036 0.718750 0.939819 -0.082031 0.006104 -0.056641
-0.289673 0.383179 0.951538 -0.001709 -0.004639 0.036987
-0.310547 0.391113 0.958252 -0.025635 -0.003784 0.012695
-0.223022 0.759888 1.024902 -0.067261 0.003540 -0.019165
-0.281982 0.441406 0.975830 -0.031250 0.007813 0.039673
-0.104614 0.115967 0.927856 -0.003174 -0.025024 0.065308
-0.264282 0.407227 0.968506 0.011719 -0.008911 0.056763
-0.392090 0.042847 0.969849 -0.312256 0.025146 -0.302490
-0.379761 0.296509 0.961182 -0.052612 0.005371 0.007568
-0.271606 0.365479 0.959717 -0.002197 -0.006592 0.048340
-0.294678 0.308350 0.963867 -0.021484 0.006226 0.037598
-0.288086 0.496826 1.030884 -0.034912 0.012085 0.041260
-0.572998 -0.182861 0.994751 -0.302734 0.048218 -0.246948
-0.297241 0.755493 0.967041 -0.037720 0.003540 0.096802
-0.320801 0.567627 0.982788 -0.044312 -0.004639 0.077637
-0.321045 0.240845 0.970337 -0.043091 0.022705 0.121582
-0.322754 -0.489258 0.944824 -0.172241 0.018066 -0.024048
-0.197876 0.037842 0.956421 -0.109619 -0.017944 0.061890
-0.170898 0.875732 0.962891 -0.072144 0.009155 0.060303
-0.413940 0.182739 0.981934 -0.170776 0.022217 -0.023682
-0.231567 0.098511 0.955933 -0.000244 -0.002808 0.148560
-0.141235 0.842773 0.966187 -0.054810 0.046143 0.085571
-0.258423 0.664429 0.939087 -0.170898 0.067993 0.007813
-0.321045 0.533936 0.932739 -0.191650 0.022949 0.046509
-0.532104 -0.108276 1.012939 -0.200562 0.005615 -0.032593
-0.384888 0.065796 1.024414 -0.109131 0.024536 0.049927
0.069458 0.884888 0.902344 -0.061401 0.005005 0.110352
-0.267944 0.460571 0.982910 -0.026611 0.010864 0.194336
-0.516968 -0.372681 0.962646 -0.303345 0.057007 -0.114380
-0.046509 0.344360 0.981567 -0.043945 -0.032837 0.095337
-0.148682 0.109131 0.987671 -0.002808 -0.017212 0.115112
-0.327148 0.305786 0.981934 -0.062988 0.029419 0.112061
-0.333618 0.214722 0.993164 -0.062134 0.017334 0.089722
-0.444824 0.128540 1.005859 -0.110474 0.029785 0.079468
-0.416626 -0.381958 0.990723 -0.216797 -0.006958 -0.020386
-0.236084 0.132690 0.991699 -0.119507 0.003296 0.036743
-0.395508 0.250610 1.024536 -0.129883 0.035645 -0.011230
-0.346191 0.424683 1.004639 -0.047974 -0.001587 0.058838
-0.287231 0.159424 0.984375 -0.063232 -0.000854 0.027100
-0.246460 0.454346 1.004272 -0.008545 0.001343 0.134033
-0.523804 0.027588 1.032959 -0.203003 0.021973 -0.099854
-0.321777 0.366699 0.979370 0.039673 -0.014404 0.133301
-0.299927 0.297363 0.983154 -0.011108 0.000488 0.014526
-0.326172 0.212158 0.989868 -0.035278 0.006348 -0.049194
-0.336060 0.170776 0.991943 -0.027832 -0.003784 -0.042725
-0.319946 0.207520 0.986328 -0.014404 -0.009399 -0.011597
-0.307373 0.199951 0.983765 -0.022095 -0.006958 -0.025513
-0.316528 0.200195 0.985352 -0.022583 -0.003662 -0.017822
-0.326904 0.193970 0.987061 -0.027100 -0.004150 -0.042236
-0.327881 0.189697 0.989746 -0.019043 -0.009399 -0.030884
-0.313354 0.212158 0.987427 -0.021118 -0.010376 -0.036377
-0.320801 0.199585 0.987915 -0.028198 -0.004761 -0.040283
-0.323364 0.194824 0.985107 -0.030273 -0.004395 -0.043213
-0.333740 0.192627 0.988770 -0.026733 -0.006714 -0.034790
