-0.212036 0.480591 0.911255 -0.013794 -0.010010 -0.003906
-0.216431 0.482544 0.910034 -0.015869 -0.011475 -0.010010
-0.216919 0.483032 0.909424 -0.016235 -0.010620 -0.003296
-0.212402 0.479492 0.912476 -0.014404 -0.009155 0.002319
-0.219727 0.473999 0.910645 -0.012817 -0.008911 0.003906
-0.215820 0.483765 0.911377 -0.010132 -0.009644 0.004883
-0.221069 0.477661 0.912964 -0.007080 -0.011475 0.004639
-0.218628 0.480591 0.909180 -0.004028 -0.015137 0.019287
-0.207031 0.492554 0.913330 -0.004395 -0.012451 0.023438
-0.206421 0.493530 0.908569 -0.009033 -0.007080 0.012817
-0.215576 0.486938 0.911133 -0.012817 -0.006836 0.003174
-0.225708 0.472656 0.915649 -0.008057 -0.012695 0.031372
-0.214233 0.476318 0.909790 -0.000977 -0.017334 0.042847
-0.194336 0.500610 0.908691 -0.006714 -0.008179 0.044678
-0.181763 0.525879 0.910767 -0.033691 0.014648 0.014648
-0.241211 0.455322 0.907349 -0.046753 0.028687 0.002563
-0.206665 0.505127 0.910400 -0.002563 -0.002686 0.047363
-0.211426 0.498901 0.910767 -0.015991 0.011353 0.056396
-0.468506 0.463501 0.910645 -0.106323 0.064819 -0.055176
-0.426758 0.370850 0.900879 -0.053467 -0.007080 0.027710
-0.064819 0.572998 0.881348 -0.108032 0.103760 -0.004883
-0.412476 0.511108 0.956055 -0.095093 0.046509 -0.049194
-0.554321 0.232910 0.949585 -0.114746 0.081299 -0.027466
-0.228638 0.380981 0.906250 0.007813 -0.013794 0.184326
-0.324341 0.377319 0.942139 -0.130981 0.083008 0.033691
-0.502075 -0.056885 0.943359 -0.039429 0.023926 0.130859
-0.091187 0.508057 0.912231 -0.123169 0.095825 0.076660
-0.071655 1.100586 0.938354 -0.283325 0.101074 -0.121826
-0.512939 0.283447 0.864990 -0.097046 0.054810 0.028809
-0.245483 0.486694 0.913452 -0.024170 -0.004761 0.051514
-0.198242 0.509766 0.928589 -0.052856 0.010254 0.013672
-0.455566 0.101685 0.898682 -0.066040 -0.000122 -0.010986
-0.154053 0.562012 0.942017 -0.072876 0.028198 0.040283
-0.115356 0.475586 0.909424 -0.146851 0.082764 -0.061279
-0.349609 0.181641 0.915283 0.021484 -0.035400 0.113892
-0.193359 0.496948 0.928833 -0.011597 -0.009033 0.059937
-0.214966 0.437622 0.922363 -0.027100 0.003662 0.041626
-0.242920 0.441528 0.923706 -0.026855 0.004639 0.038696
-0.245728 0.464844 0.920166 -0.028687 -0.002319 -0.003052
-0.240601 0.447021 0.928711 -0.026733 -0.006470 -0.014038
-0.233276 0.458130 0.928955 -0.027710 -0.009766 -0.022583
-0.237549 0.438477 0.924194 -0.032715 -0.008667 -0.070679
-0.227661 0.446167 0.923584 -0.034668 -0.006714 -0.045532
-0.231567 0.397095 0.934326 -0.024292 -0.008179 -0.000732
-0.225708 0.425415 0.929199 -0.021118 -0.008057 0.055298
-0.320190 0.495850 0.990967 -0.047485 -0.058472 0.055420
-0.213745 0.413086 1.028564 -0.149048 -0.181396 -0.066650
-0.394043 0.475464 0.945557 -0.057007 0.015381 -0.018066
-0.295410 0.347900 0.928833 -0.039429 0.001709 -0.033081
-0.249512 0.364014 0.946167 -0.029297 -0.037720 -0.028198
-0.342651 0.414795 0.990479 -0.030273 -0.098389 -0.002686
-0.736938 0.315186 0.943359 -0.070557 -0.116943 -0.101685
-0.314941 0.430298 0.949585 -0.072876 -0.038086 -0.102905
-0.424927 0.337402 1.028931 -0.067383 -0.063843 -0.140015
-0.379639 0.420288 0.930786 -0.036011 0.010010 -0.105347
-0.395508 0.434448 0.993530 -0.056763 -0.076538 -0.062988
-0.013672 0.292114 0.857178 -0.089355 -0.070801 -0.083740
-0.223511 0.396606 0.979126 -0.067017 -0.052002 -0.041992
-0.142700 0.261841 0.897461 -0.060547 -0.028442 -0.054688
-0.330322 0.347168 0.913086 -0.056885 -0.162964 -0.076172
0.256226 0.261230 0.893799 -0.045898 -0.012695 -0.029419
-0.302979 0.383179 0.916016 -0.069458 -0.072876 -0.013916
-0.046753 0.563599 0.963379 -0.039063 -0.034668 0.036743
-0.414673 0.397827 0.990112 -0.027710 -0.085449 0.041504
-0.187256 0.408203 0.911011 -0.035889 -0.018799 0.065918
-0.042480 0.394287 0.928467 -0.044800 -0.039307 -0.004028
-0.137939 0.390625 0.943237 -0.052246 -0.043579 -0.019409
-0.251953 0.386230 0.958252 -0.036255 -0.007935 0.012207
-0.128784 0.368286 0.935669 -0.023560 -0.030396 0.013062
-0.210815 0.391479 0.953003 -0.011475 0.005615 0.025757
-0.218628 0.327148 0.959839 0.013062 0.009766 0.054932
-0.198120 0.361938 0.956177 0.052368 0.043213 0.052490
-0.037842 0.252441 0.956543 0.073486 0.179565 -0.078613
-0.179199 0.169922 1.097900 0.192017 0.200684 0.029663
-0.138794 0.513794 0.940552 0.256592 0.215454 0.108154
-0.258911 0.513306 0.856689 0.199585 0.197876 0.066772
-0.337158 0.414551 0.877197 0.207153 0.127563 0.083496
-0.358398 0.441528 0.873169 0.207642 0.048584 0.026367
-0.313721 0.481079 0.875122 0.162720 -0.012695 0.063232
-0.220825 0.470459 0.909790 0.131226 -0.020386 0.085815
-0.214844 0.515747 0.923950 0.086060 -0.009277 0.030273
-0.203003 0.470337 0.919678 0.070801 0.004150 0.030396
-0.263550 0.446045 0.924316 0.065918 -0.001343 0.020752
-0.264160 0.466553 0.919067 0.094971 -0.019531 0.079346
-0.270386 0.511475 0.883301 0.049194 -0.049683 0.041626
-0.284668 0.496094 0.884399 0.023071 -0.088379 0.003174
-0.246582 0.499268 0.894287 0.000366 -0.102783 0.008423
-0.251221 0.459106 0.897095 -0.028076 -0.122070 0.010010
-0.190063 0.470581 0.920898 -0.036133 -0.139282 0.016357
-0.204468 0.464844 0.931519 -0.015381 -0.123291 0.030029
-0.208130 0.481201 0.913574 -0.034302 -0.106689 0.016479
-0.113892 0.438599 0.957275 0.029175 -0.045166 0.034424
-0.115845 0.489990 0.905151 -0.017334 -0.008423 -0.015259
-0.194824 0.500000 0.914307 -0.041016 0.009521 -0.055908
-0.238403 0.466187 0.913208 -0.024170 -0.003418 -0.030884
-0.232666 0.459106 0.917847 -0.011841 -0.018921 0.023804
-0.219849 0.444336 0.913940 0.001099 -0.022705 0.069214
-0.216675 0.484131 0.918091 0.002808 -0.017944 0.077271
-0.191650 0.502075 0.911621 -0.010376 -0.013672 0.057983
-0.195313 0.489380 0.915527 -0.036255 0.002197 0.008911
-0.201782 0.474365 0.909668 -0.032227 0.001953 0.005005
-0.209839 0.493286 0.916016 -0.039429 0.000610 -0.007813
-0.228271 0.504517 0.896118 -0.132080 0.040283 -0.090698
-0.186890 0.714111 0.979858 -0.085938 0.009399 -0.002441
-0.457642 0.010864 0.857788 -0.062866 0.000732 0.011597
-0.161499 0.603149 0.926514 -0.065308 0.016968 0.020020
-0.088745 0.780151 0.868774 -0.281982 0.104248 -0.203003
-0.337280 0.371826 0.905273 0.014648 -0.019409 0.133423
0.034302 0.898438 1.033447 -0.129028 0.063843 -0.002075
-0.421143 -0.015381 0.884277 -0.113892 0.025391 -0.009766
-0.106934 0.586548 0.901855 -0.089478 0.030029 0.039429
-0.095215 0.364868 0.906738 -0.011597 -0.006348 0.118042
-0.881958 -0.399048 0.826050 -0.157471 -0.012817 -0.081177
-0.280273 0.349365 0.933838 -0.014404 -0.018555 0.171265
-0.347900 -0.109375 0.904907 -0.016724 -0.022827 0.129150
-0.312134 0.415283 0.896240 -0.355469 0.072144 -0.283447
-0.436279 -0.049194 0.884155 -0.010376 -0.030762 0.146973
-0.185547 0.524048 0.946777 -0.020386 -0.017944 0.125122
-0.040527 1.125977 0.986206 -0.357788 0.095581 -0.255737
-0.308105 0.446411 0.952393 0.006836 -0.007080 0.125122
-0.206055 0.511475 0.942383 -0.043091 0.008179 0.035522
0.153442 1.176270 0.973389 -0.311279 0.131470 -0.270386
-0.190308 0.345825 0.930176 -0.059692 0.026245 0.080811
-0.173706 0.451538 1.024780 -0.116333 0.022217 -0.006226
-0.108521 0.360840 0.931641 -0.014038 -0.004272 0.175049
-0.194824 0.390991 0.954834 -0.081299 0.029785 0.007080
-0.350342 0.277100 0.939087 -0.240234 0.107300 -0.174561
-0.178101 0.541504 0.964966 -0.003906 -0.013672 0.122681
-0.209351 0.445068 0.946045 -0.033569 0.000000 0.087402
-0.269287 0.664063 1.022949 -0.240112 0.033203 -0.155029
-0.484741 -0.129272 0.913330 -0.017944 -0.018555 0.119507
-0.069580 0.737061 1.063599 -0.182129 0.054077 -0.043091
-0.159912 0.301758 0.901611 -0.082642 -0.001221 0.108887
-0.195435 -0.061401 0.933472 -0.076416 0.032959 0.085327
-0.007690 0.444580 0.935303 -0.110840 0.025635 0.045776
-0.418945 0.059937 0.993042 -0.143066 0.043213 -0.028931
-0.035889 0.447144 0.960815 0.002563 -0.011597 0.148315
-0.203979 0.389526 0.965332 -0.038330 0.010498 0.118530
-0.269043 0.265503 1.011719 -0.319214 0.112061 -0.208496
-0.133301 0.460327 0.961548 -0.009766 -0.018555 0.099854
-0.383301 0.026611 0.946655 -0.039795 0.009033 0.040649
-0.214600 0.347656 0.967163 -0.004761 0.000122 0.088379
-0.236450 0.371826 0.969727 -0.025513 0.010864 0.055786
-0.240356 0.291382 0.910767 -0.191284 0.049194 -0.140381
-0.275146 0.368896 0.974243 0.003906 -0.014526 0.090332
-0.169678 0.548828 1.003174 -0.086182 0.018677 -0.000732
-0.194214 0.425415 0.956909 -0.075439 0.032471 0.008301
-0.154419 0.348022 0.962524 0.008057 -0.016113 0.032471
-0.214111 0.348145 0.967163 -0.012085 -0.006958 0.000244
-0.235107 0.336914 0.968872 -0.013550 -0.002686 0.009888
