-0.291382 0.338379 0.960815 -0.007690 -0.006592 -0.001709
-0.290039 0.332275 0.955933 -0.011475 -0.005127 -0.000488
-0.298462 0.333496 0.963257 -0.014282 -0.005981 0.003296
-0.300537 0.326294 0.964233 -0.012085 -0.009399 -0.000122
-0.297119 0.325317 0.961426 -0.013428 -0.014282 -0.019287
-0.284912 0.319458 0.958130 -0.012939 -0.015991 -0.027588
-0.290649 0.320190 0.956787 -0.013672 -0.014160 -0.028564
-0.284058 0.321777 0.954102 -0.015015 -0.011108 -0.018555
-0.263306 0.343872 0.956787 -0.023438 -0.003052 -0.018066
-0.274170 0.334839 0.958496 -0.036011 0.013428 -0.014893
-0.301758 0.307007 0.961792 -0.041870 0.019531 -0.011230
-0.317627 0.289551 0.962524 -0.028931 0.009521 0.002197
-0.306396 0.300293 0.965942 -0.014526 -0.000244 0.018555
-0.290649 0.322388 0.961792 -0.004028 -0.003418 0.048706
-0.284180 0.334595 0.954712 -0.010620 0.006226 0.054932
-0.278687 0.380005 0.971924 -0.041748 0.019287 0.028809
-0.287354 0.389893 0.971069 -0.017090 0.027588 0.066284
-0.226929 0.161377 0.940552 -0.109375 0.038086 -0.012573
-0.203857 0.559692 0.957153 0.013672 0.000854 0.136719
-0.322144 0.306274 1.003906 -0.130127 0.058105 -0.019043
-0.190674 0.377319 0.957520 0.026367 -0.017090 0.131348
-0.592773 -0.499268 0.962036 -0.231934 0.089111 -0.061890
0.006470 0.731689 0.879761 -0.047852 0.026733 0.208374
-1.402100 -0.159912 1.154785 -0.170044 0.183472 0.112183
-0.132324 0.197266 0.913086 -0.072510 0.039795 0.154419
-0.709229 0.021851 1.099121 -0.192871 0.086426 0.015747
-0.233521 0.113159 0.935425 -0.099609 0.065308 0.149658
-0.482300 0.043213 0.993408 -0.167358 0.026733 0.082031
-0.296509 0.401489 0.942139 -0.062866 0.043701 0.144775
-0.334717 0.253540 0.963135 -0.072388 0.045532 0.093994
-0.424072 0.277100 0.965332 -0.094604 0.081543 0.026001
-0.305054 0.235474 0.985107 -0.094849 0.031494 0.009888
-0.266968 0.357056 0.960693 0.019043 -0.022217 0.100830
-0.286499 0.372925 0.958374 -0.012695 -0.009888 0.003540
-0.309570 0.301636 0.961792 -0.040405 0.000366 -0.060913
-0.321777 0.259033 0.957397 -0.035400 -0.002319 -0.052124
-0.316040 0.258789 0.961182 -0.005981 -0.006470 0.029541
-0.311523 0.302368 0.963013 0.005981 -0.008911 0.056519
-0.323242 0.295532 0.958130 0.002686 -0.013794 0.052734
-0.329712 0.336548 0.959717 0.003662 -0.017334 0.025513
-0.312622 0.333618 0.956909 -0.008545 -0.015259 -0.006348
-0.308716 0.313110 0.964844 -0.023193 -0.011230 -0.030640
-0.307861 0.290649 0.965332 -0.026855 -0.013184 -0.031860
-0.325562 0.291504 0.964844 -0.021240 -0.017822 -0.030762
-0.325317 0.282471 0.963135 -0.013916 -0.022217 -0.008789
-0.309326 0.294678 0.960083 -0.013306 -0.028809 -0.012085
-0.328613 0.328857 0.962646 -0.012939 -0.027832 -0.018433
-0.333374 0.309204 0.944092 -0.030396 -0.049072 -0.032593
-0.333496 0.308716 0.980103 -0.012329 -0.043457 -0.006348
-0.463135 -0.151855 0.984985 -0.090454 -0.041260 -0.144165
-0.388306 0.261841 1.013672 -0.032837 -0.013916 -0.007813
-0.321289 0.321899 0.973755 -0.033813 -0.027344 -0.046143
0.503052 0.287720 0.875977 -0.037231 -0.227905 -0.136963
-0.251709 0.218262 0.945190 -0.061523 -0.024170 -0.099976
-0.181885 0.322266 0.956543 -0.057007 -0.128662 -0.066284
-0.429443 0.224365 1.011963 -0.047852 -0.052856 -0.085327
-0.812988 0.323242 1.205933 -0.033081 -0.039795 -0.020996
-0.347412 0.282837 0.981812 -0.041260 -0.026367 -0.054443
-0.108276 0.287109 0.960693 -0.034790 -0.092163 -0.067261
-0.587158 0.125610 1.115601 -0.055908 -0.025269 -0.107056
0.001709 0.134644 0.908813 -0.057983 -0.127319 -0.104858
-0.380737 0.198364 1.012695 -0.026733 -0.063354 -0.024658
-0.594482 0.281006 1.042969 -0.021118 -0.065430 0.002563
-0.554565 0.242920 0.975708 -0.041870 -0.117554 -0.017700
-0.541870 0.315674 0.985352 -0.026489 -0.061401 0.026978
0.389038 0.379883 0.817505 -0.038696 -0.238647 -0.055786
-0.235840 0.402222 1.017456 0.010254 -0.095337 0.054077
-0.609985 0.438110 1.040039 -0.029785 -0.077637 0.025146
-0.110718 0.324585 0.948608 -0.002075 -0.124634 0.009766
-0.254517 0.272827 0.979858 -0.028564 -0.035767 0.015015
-0.231323 0.299438 0.975830 -0.037598 -0.111206 -0.019043
-0.570801 0.252197 1.052368 -0.026733 -0.045654 0.006470
-0.335693 0.251099 0.997925 -0.041504 -0.014893 0.014282
-0.273193 0.224854 0.981567 -0.029175 -0.033325 -0.016602
-0.237183 0.248535 0.987549 -0.001465 -0.007202 -0.003540
-0.199585 0.247314 0.996094 0.006226 0.014282 -0.000488
-0.224609 0.286621 0.991699 0.008667 0.066040 -0.034912
-0.129639 0.346069 1.156006 -0.026001 0.146362 -0.119385
-0.242065 0.211426 1.087524 0.088745 0.271606 -0.037354
-0.244995 0.317993 0.877563 0.110229 0.282349 -0.002441
-0.342041 0.274414 0.915894 0.097290 0.250977 0.006836
-0.403442 0.261230 0.923218 0.128418 0.207520 -0.008057
-0.425049 0.224121 0.896484 0.160278 0.131714 0.035889
-0.394897 0.252197 0.900879 0.182983 0.062134 0.099609
-0.372192 0.319702 0.932007 0.182495 0.008545 0.152100
-0.296875 0.314209 0.973999 0.151733 -0.038696 0.103149
-0.271606 0.340576 0.988647 0.134644 -0.027954 0.037720
-0.300049 0.312378 0.950562 0.131714 -0.016479 0.007813
-0.341187 0.362671 0.921021 0.108154 -0.038452 0.018677
-0.341797 0.372314 0.942993 0.090332 -0.087280 0.040405
-0.337891 0.331421 0.926636 0.046753 -0.133667 0.021973
-0.320190 0.343506 0.952271 0.018311 -0.165161 0.053223
-0.296875 0.356445 0.979004 -0.001709 -0.162964 0.070068
-0.211914 0.299927 1.249023 -0.004883 -0.147827 0.078735
-0.167603 0.405396 0.950195 0.028198 -0.065063 0.068726
-0.219971 0.453003 0.957031 -0.000977 -0.006226 0.051636
-0.267944 0.370605 0.958130 -0.036377 0.019897 0.022095
-0.298462 0.314453 0.952271 -0.053711 0.014038 0.011353
-0.281982 0.411011 0.961304 -0.067871 0.004272 0.016968
-0.251099 0.360352 0.964722 -0.010864 -0.008545 0.079224
-0.318481 0.336670 0.963257 -0.068481 -0.003052 0.016602
-0.263550 0.396118 0.965576 -0.025146 -0.005371 0.029053
-0.205078 0.305908 0.947021 -0.149536 0.010254 -0.055786
-0.276733 0.398682 0.960205 -0.119873 0.020752 -0.013306
-0.213745 0.283325 0.955811 -0.039795 -0.010498 0.037842
-0.290771 0.324341 0.864746 -0.255371 -0.007935 -0.185913
-0.273560 0.432007 0.971558 0.014160 -0.003784 0.126953
-0.331421 0.368286 0.977173 -0.265747 -0.001465 -0.181885
-0.373657 0.418335 0.974487 -0.067993 0.001465 0.044434
-0.196289 0.314331 0.996094 -0.208130 0.002197 -0.106812
-0.283691 0.370117 0.902466 -0.160156 -0.001221 -0.061035
-0.319702 0.244507 0.946411 -0.104492 -0.017578 -0.001953
-0.277954 0.392944 0.980713 -0.030884 -0.013550 0.103638
-0.607300 0.874268 1.069702 -0.189331 0.006714 -0.102295
-0.289795 0.544434 0.992676 -0.018555 -0.007080 0.093994
-0.276611 0.277344 0.968994 -0.008179 -0.006958 0.083618
-0.276001 0.394775 0.998047 -0.014160 -0.004883 0.066162
-0.252197 -0.736694 0.936401 -0.437256 0.017700 -0.354858
-0.334961 0.447021 0.983521 0.060547 -0.014771 0.182495
-0.378418 0.882690 0.991211 -0.083740 -0.028198 -0.056152
-0.065063 -0.363037 0.888184 -0.228882 -0.006592 -0.123413
-0.255981 0.328125 0.988525 0.019043 -0.010986 0.105713
-0.278442 -0.236694 0.926270 -0.253418 0.004395 -0.190186
-0.261353 0.557495 1.023682 -0.096191 0.002197 -0.018311
-0.468384 0.207764 1.007690 -0.150146 0.024658 -0.036621
-0.220947 -0.152954 0.967896 -0.183716 -0.009644 -0.047119
-0.209961 0.692139 0.917114 -0.162720 0.001465 -0.033936
-0.205811 0.668945 0.949341 -0.074341 0.014038 0.050049
-0.334351 0.619141 1.018433 -0.112305 0.021484 0.001343
-0.155029 0.445068 0.999756 -0.049072 0.006836 0.088501
-0.373779 0.330322 1.009399 -0.115112 0.023071 0.062988
-0.549683 -0.190918 1.037109 -0.231201 -0.001587 -0.034668
-0.222656 0.366699 0.996216 -0.105469 0.005371 0.048462
-0.599976 0.413940 1.116943 -0.290039 0.040405 -0.153564
-0.390869 -0.289551 0.998047 -0.204468 -0.022949 -0.021973
-0.187622 0.332886 1.021973 -0.024658 -0.020142 0.114380
-0.423462 0.088135 1.023193 -0.168335 0.014038 -0.057373
-0.388062 0.316284 1.005981 -0.136719 -0.005249 -0.063721
-0.256958 0.214233 0.997070 -0.005981 -0.011353 0.046265
-0.280640 0.222290 0.997803 -0.016602 -0.003784 0.014893
-0.271240 0.428345 0.990723 -0.064697 0.008423 -0.034180
-0.329834 0.228882 0.994995 -0.014160 -0.007690 -0.013794
-0.274048 0.195068 0.998047 -0.010254 -0.012695 0.014648
-0.276367 0.176147 1.001221 -0.010742 -0.005615 0.035522
-0.275391 0.178955 1.001587 -0.009399 0.002075 0.071777
-0.290771 0.223999 1.001221 -0.022949 0.007690 0.042603
-0.280396 0.096802 0.994995 -0.035156 -0.004883 0.027466
-0.275146 0.303711 0.998901 -0.039673 -0.006714 0.007324
-0.281860 0.096191 0.995117 -0.030396 -0.008057 -0.007568
-0.277832 0.227417 0.993530 -0.006714 -0.011475 -0.015381
