-0.263550 0.484009 0.898682 -0.024536 -0.023438 -0.035278
-0.251587 0.483521 0.899414 -0.024170 -0.025391 -0.031982
-0.247803 0.480713 0.898560 -0.029297 -0.021729 -0.052856
-0.250000 0.484741 0.902710 -0.031982 -0.018799 -0.068115
-0.247070 0.463501 0.900879 -0.026001 -0.016479 -0.044556
-0.247559 0.461792 0.905151 -0.019287 -0.012085 -0.027466
-0.240967 0.472046 0.901489 -0.013916 -0.003174 -0.021240
-0.269897 0.467041 0.898560 -0.009521 -0.004639 -0.000977
-0.257446 0.475342 0.897583 -0.005249 -0.006714 0.016846
-0.261353 0.471313 0.901123 -0.002075 -0.005615 0.041748
-0.262329 0.482910 0.898315 0.001587 -0.008301 0.059814
-0.241699 0.472046 0.900269 0.005005 -0.002319 0.090942
-0.271240 0.454712 0.906372 0.012329 0.002319 0.164795
-0.150146 0.690918 0.894287 -0.101196 0.090698 0.059570
-0.209473 0.598022 0.903442 -0.056274 0.033813 0.121094
-0.439819 0.202637 0.934448 -0.118042 0.064453 0.011230
-0.186523 0.498413 0.904907 -0.005859 -0.028687 0.137573
-0.199951 0.514771 0.908081 -0.033203 0.014526 0.055542
-0.338257 0.428711 0.906494 -0.077881 0.054321 0.060669
0.043213 0.776367 0.873169 -0.153564 0.148438 0.021240
-0.956055 -0.052979 0.954956 -0.064331 0.027954 0.076416
0.253174 0.954468 0.851196 -0.133789 0.150269 0.040405
0.099731 0.771973 0.860718 -0.093872 0.114868 0.037964
0.050415 0.497925 0.881958 -0.009155 0.014893 0.174683
-0.000122 0.647705 0.915405 -0.095581 0.120728 0.094604
0.054199 0.645874 0.845337 -0.104736 0.120117 0.104126
-0.183350 0.670410 0.901245 -0.100952 0.062012 0.082275
-0.019775 0.802856 0.928955 -0.090088 0.072998 0.107666
-0.307373 0.554565 0.918335 -0.105835 0.070679 0.039063
0.024170 0.773315 0.903198 -0.117310 0.100830 0.148438
-0.413452 0.524536 0.942505 -0.129272 0.079712 0.069824
-0.208008 0.523682 0.896362 -0.085449 0.020142 0.061523
-0.177979 0.536133 0.901245 -0.008667 -0.034912 0.034058
-0.172974 0.409912 0.906860 -0.015259 -0.011841 0.028931
-0.244141 0.464966 0.915527 -0.040039 0.031128 0.058350
-0.538574 0.263794 0.938721 -0.013916 -0.006958 0.135986
-0.200439 0.501953 0.904419 0.002319 -0.017822 0.149536
-0.245483 0.481812 0.902832 -0.012573 -0.000977 0.035034
-0.248901 0.476318 0.906738 -0.020386 0.002197 -0.026733
-0.246582 0.456665 0.903320 -0.016479 0.002808 -0.017456
-0.239258 0.471924 0.905273 -0.018921 0.012329 -0.017090
-0.250366 0.464478 0.902588 -0.015503 0.016357 -0.003906
-0.256226 0.451294 0.906738 -0.012695 0.013062 0.057251
-0.242432 0.460938 0.913940 -0.013306 0.009766 0.088135
-0.278442 0.540894 0.963867 -0.049316 -0.005249 0.060669
0.082764 0.208130 0.868530 -0.068970 0.030640 -0.046997
-0.058472 0.301880 0.824341 -0.065674 0.030518 -0.083862
-0.286255 0.488892 0.989380 -0.112305 -0.088867 -0.091431
-0.617554 0.576660 1.013916 -0.093262 -0.037720 -0.039429
-0.229004 0.249634 0.767822 -0.061279 -0.074097 -0.067627
-0.088013 0.084351 0.941040 -0.070557 0.042236 -0.106812
-0.076660 0.404419 0.924683 -0.091431 -0.034912 -0.137451
-0.619751 0.458740 0.967163 -0.089111 -0.133423 -0.114624
0.197632 0.515991 0.956909 -0.089722 -0.050537 -0.088379
-0.665649 0.752808 1.128296 -0.127686 -0.117554 -0.089844
0.316162 0.144531 0.733765 -0.063965 -0.006226 -0.047363
-0.280396 0.380493 0.958130 -0.041626 -0.001221 0.049072
0.019775 0.266724 0.765991 -0.067871 -0.072266 -0.045166
-0.376099 0.533203 1.042480 -0.075684 -0.042480 -0.012085
-0.429932 0.431152 0.989258 -0.083862 -0.043213 -0.037231
-0.763184 0.583008 1.025879 -0.094360 -0.110352 -0.064209
-0.087524 0.477295 0.829834 -0.054810 -0.019043 0.015015
-0.065063 0.335449 0.855713 -0.054443 -0.070190 -0.028442
-0.392700 0.432373 1.001709 -0.086670 -0.041626 -0.001221
-0.477905 0.399780 0.969849 -0.011841 0.004639 0.189819
-0.348145 0.447021 0.960205 -0.013550 0.000488 0.181030
-0.274414 0.425293 0.944214 -0.068359 -0.069214 0.040039
-0.333862 0.355591 0.940063 -0.021362 0.010132 0.041504
-0.266846 0.369263 0.944824 -0.014893 -0.005737 -0.022217
-0.210449 0.344971 0.940552 0.020020 -0.000488 -0.081177
-0.119629 0.396240 0.936401 0.043457 0.034790 -0.116089
-0.131714 0.436768 0.930298 0.062622 0.260376 -0.145142
-0.198608 0.140137 1.154785 0.307983 0.263306 -0.042480
-0.208496 0.565308 0.888916 0.281372 0.288818 -0.073242
-0.393066 0.415161 0.875488 0.304565 0.219116 0.019043
-0.434937 0.506836 0.806519 0.245117 0.116211 0.105957
-0.486816 0.519043 0.792969 0.127808 -0.011963 0.104492
-0.403076 0.447388 0.856323 0.071533 -0.081787 0.127686
-0.264648 0.465576 0.890625 0.081055 -0.117310 0.162231
-0.255981 0.504272 0.912109 0.077026 -0.115723 0.082397
-0.242676 0.477417 0.935547 0.068115 -0.102173 0.073730
-0.251587 0.529053 0.894653 0.023926 -0.099609 0.015259
-0.292480 0.490356 0.868896 -0.000244 -0.131470 -0.025513
-0.312256 0.507446 0.858032 -0.010254 -0.174561 -0.038696
-0.281250 0.457275 0.886719 -0.021240 -0.195313 0.023560
-0.267456 0.466797 0.934448 -0.017700 -0.188965 0.107178
-0.167358 0.447144 1.074463 0.037476 -0.137939 0.179321
-0.053711 0.566406 0.899536 0.002930 -0.065674 0.060181
-0.151489 0.590454 0.903320 -0.019653 0.010986 0.016846
-0.237549 0.487549 0.906128 -0.026978 0.019043 0.020752
-0.271851 0.454590 0.905396 -0.014526 -0.007935 0.036377
-0.246338 0.478638 0.907593 -0.003296 -0.029175 0.092041
-0.208740 0.505005 0.901001 -0.010498 -0.025269 0.080933
-0.211914 0.460571 0.905151 -0.007080 -0.022461 0.071533
-0.192993 0.517944 0.910278 -0.013550 -0.010864 0.042847
-0.219727 0.491821 0.903809 -0.018311 -0.004883 0.007813
-0.213501 0.497314 0.909912 -0.018799 -0.002686 -0.000732
-0.220215 0.504761 0.904541 -0.023193 -0.006104 0.012207
-0.196289 0.497925 0.900024 -0.033569 -0.004028 -0.004883
-0.148804 0.581665 0.919067 -0.057739 0.011597 -0.039917
-0.241699 0.349121 0.900146 -0.043091 -0.000732 -0.026367
-0.134766 0.625610 0.916382 -0.112793 0.044189 -0.072144
-0.146362 0.535889 0.897461 -0.016479 0.007568 0.040527
-0.263184 0.420898 0.897339 -0.029297 -0.004639 -0.008545
-0.165283 0.669067 0.867432 -0.117432 0.024170 -0.079834
-0.215332 0.134644 0.866455 -0.103760 0.050049 -0.028564
-0.091675 0.736328 0.947388 -0.078491 0.031982 0.038452
-0.435669 0.204346 0.954224 -0.133667 0.035645 -0.075317
-0.173096 0.324463 0.904663 0.010498 -0.020264 0.082153
-0.455566 0.106567 0.946411 -0.179321 0.040161 -0.203125
-0.294067 0.347656 0.850708 -0.125122 0.005615 -0.098511
-0.310303 0.587280 0.922485 -0.090698 0.028564 -0.042114
-0.349121 0.330078 0.859619 -0.097778 -0.005249 -0.028564
-0.321167 0.515503 0.889526 -0.150269 0.044189 -0.082153
-0.319092 0.559204 0.950684 -0.144165 0.029175 -0.035156
-0.164673 0.709839 0.903076 -0.175537 0.053345 -0.091919
-0.526489 -0.137451 0.864258 -0.034058 -0.019287 0.051270
-0.166138 0.393921 0.931763 0.002808 -0.014893 0.107056
-0.240234 0.599487 0.955200 -0.213623 0.054565 -0.214966
-0.355591 0.338379 0.902588 -0.081665 0.005981 0.009399
-0.230103 0.528076 0.958374 -0.023438 -0.004150 0.130981
-0.142700 0.470703 0.943970 -0.224609 0.071777 -0.109253
-0.196899 0.520752 0.937988 -0.034180 -0.006348 0.119873
-0.015137 0.787476 0.947754 -0.195313 0.092896 -0.135010
-0.334473 -0.314819 0.885742 0.011475 -0.033813 0.129028
-0.142822 0.452026 0.947388 -0.003662 0.000854 0.096680
-0.934814 -0.101685 1.016113 -0.283691 0.045044 -0.250977
0.043823 0.890137 0.924805 -0.177856 0.090942 -0.019165
-0.260864 0.106201 0.951294 -0.117676 0.002563 -0.000977
-0.111572 0.323730 0.916992 0.023193 -0.033325 0.178345
-0.202026 0.915649 1.064087 -0.277100 0.077026 -0.177368
-0.933350 0.145386 0.980835 -0.153198 0.021851 -0.042603
-0.406128 0.382446 0.959717 -0.068115 0.017944 0.068115
-0.205322 0.733154 0.901611 -0.271973 0.061279 -0.168213
-0.262207 0.383911 0.948853 -0.008301 -0.015381 0.107544
-0.242798 0.398682 0.951416 -0.017090 -0.000977 0.056152
-0.242676 0.486694 0.907104 -0.171387 0.039063 -0.124756
-0.251709 0.431763 0.956055 -0.035522 0.004028 0.018433
-0.296265 0.215332 0.956177 -0.007935 -0.011597 0.062500
-0.246948 0.344727 0.953735 -0.010620 -0.006470 0.066040
-0.249756 0.372803 0.953125 -0.012573 -0.005005 0.011597
-0.264282 0.372070 0.949097 -0.017700 -0.000977 0.005859
-0.275879 0.367676 0.953613 -0.015869 -0.008179 0.007324
-0.263184 0.367676 0.947876 -0.016968 -0.010620 -0.002686
-0.270142 0.344360 0.949219 -0.005127 -0.012207 0.017822
-0.263794 0.370605 0.949951 -0.000732 -0.011108 0.028198
-0.271240 0.364624 0.948120 0.001709 -0.012085 0.026855
-0.261597 0.387695 0.948364 -0.005859 -0.011597 0.009644
-0.258545 0.377930 0.951538 -0.016479 -0.007690 -0.017090
-0.262085 0.366577 0.948975 -0.020996 -0.004395 -0.017456
