0.386353 0.208618 0.980103 -0.027100 -0.004883 -0.008545
0.385132 0.177368 0.980469 -0.012817 -0.000244 -0.014771
0.377808 0.187744 0.984009 0.007935 0.001465 -0.011353
0.375122 0.239380 0.986206 0.005249 0.001953 0.005127
0.376831 0.235352 0.983276 -0.010132 0.003174 -0.002075
0.365723 0.226074 0.982544 -0.016846 -0.000244 -0.017212
0.379395 0.213623 0.983521 -0.018311 -0.005005 -0.023926
0.356567 0.218018 0.980103 -0.019897 -0.013306 0.000000
0.370850 0.217896 0.982788 -0.019409 -0.018677 0.013184
0.381592 0.208862 0.987183 -0.019531 -0.016724 0.024780
0.389282 0.221924 0.982544 -0.021484 -0.010010 0.017456
0.381470 0.209106 0.982056 -0.022461 -0.011353 0.022827
0.369751 0.212891 0.981201 -0.020142 -0.014282 0.027832
0.378784 0.209473 0.982422 -0.017456 -0.015991 0.024170
0.383667 0.204102 0.982910 -0.014038 -0.014526 0.020386
0.369507 0.210693 0.982056 -0.012085 -0.017212 0.029175
0.350464 0.240967 0.985962 -0.018677 -0.027222 0.068481
0.364624 0.216919 0.978638 -0.029175 -0.037964 0.124146
0.388184 0.188843 0.978149 -0.021729 -0.037598 0.124268
0.388184 0.196289 0.978027 -0.003418 -0.034912 0.127930
0.408203 0.149170 0.977417 0.038086 -0.026733 0.098145
0.075317 0.361938 0.918213 0.212158 0.101929 0.023926
0.437134 0.199219 0.963745 0.098389 0.026733 0.125488
0.822998 -0.332153 0.956543 0.083496 0.012695 0.129761
0.922607 0.084229 1.123535 0.203979 0.148071 0.032959
0.535278 0.119995 0.996582 0.026123 -0.023315 0.253540
-0.338501 1.158936 1.075317 0.119751 0.074341 0.123535
0.030518 0.564697 0.979980 -0.013794 -0.027710 0.227295
0.524292 0.080200 0.978882 0.053467 0.026489 0.094604
0.368164 0.239746 0.978882 0.035400 0.013428 0.065674
0.408569 0.234863 0.974365 0.026367 0.020264 0.026733
0.359375 0.249878 0.978882 0.012817 0.015137 0.035889
0.398193 0.231812 0.978516 0.001221 0.021729 0.007935
0.430786 0.264526 0.996216 -0.014526 0.040161 -0.034668
0.403076 0.340820 1.036011 -0.078003 0.054932 -0.006348
0.560913 0.162109 0.972778 -0.117798 0.104004 -0.081177
0.843262 0.927856 0.868408 -0.129761 0.130005 -0.219116
0.163330 0.264771 0.969238 -0.006714 0.088013 -0.042480
0.552856 0.321899 0.869263 -0.049438 0.112305 -0.148926
0.128906 0.444336 0.907837 -0.087769 0.110107 -0.193237
0.378296 -0.035156 0.919922 -0.098022 0.131348 -0.143066
0.794922 0.906128 1.061890 -0.064209 0.136963 -0.166504
0.347534 0.321533 1.085449 -0.087402 0.132568 -0.169312
0.392700 0.349731 1.004883 0.002686 0.027832 0.016113
0.321045 0.702026 0.997192 -0.189697 0.059326 -0.160767
0.355103 0.258545 0.997437 0.003662 -0.003906 0.008057
0.327393 0.240234 0.992676 -0.019653 -0.011353 0.005127
0.281372 0.214966 1.001953 -0.018433 -0.033813 0.019897
0.260376 0.196411 1.005249 -0.006714 -0.079834 0.017090
0.162109 0.000488 0.958252 0.076172 -0.165527 0.028198
0.467773 0.005737 1.342651 0.177002 -0.331909 0.037109
0.537109 0.084351 0.943237 0.261719 -0.358398 -0.047241
0.477783 0.270508 0.803589 0.229126 -0.219116 -0.047607
0.357788 0.387085 0.918945 0.157959 -0.174561 -0.041382
0.434570 0.414917 0.852173 0.076294 -0.133301 -0.061890
0.414429 0.438110 0.881104 -0.051025 -0.080444 -0.016846
0.404541 0.363525 0.914551 -0.140747 -0.037842 0.009033
0.411377 0.271851 0.927002 -0.189697 -0.003174 0.018311
0.404419 0.232178 0.977661 -0.194824 0.034302 0.014038
0.384277 0.218262 0.995850 -0.184082 0.036865 0.015991
0.381836 0.237915 0.964111 -0.174927 0.044922 0.042725
0.413330 0.250488 0.965332 -0.166382 0.069824 0.068481
0.349854 0.243652 0.985962 -0.177490 0.065186 0.094116
0.343628 0.139771 0.976807 -0.114258 -0.015503 0.033447
0.380859 0.112549 0.986816 -0.049072 -0.022583 0.061035
0.422363 0.122803 0.981689 0.005493 -0.005981 0.036865
0.461670 0.160645 0.988525 0.044556 0.036377 0.009277
0.333984 0.257324 0.980103 0.021973 0.012329 0.052612
0.359619 0.266479 0.981689 -0.009155 -0.003296 0.079346
0.406982 0.215088 0.987427 -0.023071 0.000366 0.054932
0.408447 0.202637 0.968994 0.016479 0.055908 -0.013550
0.486694 0.105225 0.999512 0.006592 0.032837 0.034058
0.414429 0.180176 0.989624 -0.003906 -0.005615 0.081543
0.045898 0.547852 0.965698 0.073486 0.094116 -0.041138
0.437744 0.163086 1.009521 0.016113 0.028320 0.072266
1.216919 -0.299438 0.977539 0.141479 0.207886 -0.095581
-0.245361 0.433838 0.940796 0.048706 0.055420 0.065063
-0.054810 0.625000 1.018799 0.131714 0.225098 -0.078857
0.820679 0.060547 1.094116 0.100708 0.203125 0.000610
0.669189 -0.044678 1.027100 0.012451 0.041870 0.163940
0.422363 -0.048950 0.932739 0.099487 0.076782 0.120483
1.393433 -0.169434 0.872681 0.296021 0.477905 -0.232910
0.912842 -0.189087 0.987305 0.091309 0.134277 0.108276
0.813477 -0.062500 0.998291 0.121948 0.193481 0.096436
0.814331 -0.077148 0.914063 0.165039 0.317993 -0.008301
-0.425171 1.162842 1.038940 0.000122 0.051147 0.242188
1.411377 -0.172729 0.964966 0.281494 0.376831 -0.096436
0.688232 0.016724 1.006714 0.075928 0.191162 0.081055
0.098633 0.266357 1.002319 -0.012573 0.002319 0.128418
-1.194458 1.008789 1.026855 0.059204 0.109131 0.021118
0.327515 0.274536 0.996094 -0.015747 -0.014893 0.111084
0.346802 0.219727 1.008545 0.024170 0.041504 -0.048828
0.068604 0.369385 0.994751 0.016724 0.020996 0.000000
0.284180 0.298828 0.995850 -0.018677 -0.004395 0.023193
0.272461 0.269165 0.999390 -0.023071 -0.003906 0.003418
0.269775 0.262451 0.998535 -0.016846 -0.005737 -0.000122
0.275879 0.262817 1.002075 -0.005249 -0.003296 -0.002197
0.272339 0.278687 1.001465 -0.005249 -0.000488 0.004517
0.279907 0.276978 0.998413 -0.006348 0.001587 -0.015503
0.273071 0.266357 1.002197 -0.002197 0.002319 -0.021240
0.260742 0.282104 1.000610 -0.002808 0.000366 -0.001465
0.253174 0.286377 0.998169 -0.008423 -0.003052 0.021973
0.266602 0.295410 0.997803 -0.015747 -0.008789 0.019287
0.266235 0.281250 1.000244 -0.021118 -0.009644 0.027100
0.272705 0.275269 0.997803 -0.018188 -0.007324 -0.004517
0.277222 0.269165 1.000488 -0.015015 -0.005249 -0.010010
0.270996 0.276611 0.999878 -0.012695 0.001465 -0.030273
0.264404 0.270020 1.003662 -0.009277 0.000122 -0.034424
0.259155 0.291382 1.005615 -0.011230 -0.003418 -0.015015
0.269653 0.278320 0.999390 -0.017334 -0.006592 0.010254
0.276123 0.270752 1.002930 -0.015503 -0.004272 0.000244
0.263916 0.287598 0.996582 -0.015747 -0.006348 0.023926
0.271118 0.279541 0.996582 -0.015869 -0.009399 0.021606
0.271118 0.279297 0.998901 -0.019043 -0.008057 0.016113
0.271118 0.272217 0.996948 -0.019409 -0.009644 -0.004272
0.291992 0.265137 0.999023 -0.012817 -0.004639 -0.021973
0.269531 0.279175 1.004517 -0.007080 -0.001221 -0.023315
0.257813 0.289917 0.999390 -0.012817 -0.005249 -0.006592
0.270508 0.287476 1.002808 -0.021240 -0.008545 0.010132
0.273682 0.276978 1.000244 -0.020630 -0.006958 -0.000732
0.274292 0.267822 1.001587 -0.015503 -0.003662 -0.001465
0.272095 0.276855 0.999390 -0.008789 -0.001221 0.002563
0.266357 0.289673 0.996704 -0.011963 -0.004028 0.004517
0.274536 0.276001 1.000366 -0.012573 -0.001465 -0.005127
0.268188 0.278442 1.000244 -0.011597 -0.001953 -0.008057
0.264282 0.281128 0.995239 -0.013306 -0.001221 -0.021240
0.269287 0.276978 1.003784 -0.011108 -0.001953 -0.026733
0.255371 0.286133 0.999390 -0.010010 -0.004395 -0.010986
0.260010 0.294067 0.999023 -0.016968 -0.007813 0.004883
0.262329 0.280151 1.002563 -0.023926 -0.010742 0.002441
0.272949 0.270142 0.998657 -0.020020 -0.008423 -0.000732
0.274658 0.270386 1.004639 -0.013672 -0.005493 -0.012939
0.259399 0.289063 1.004395 -0.014038 -0.005127 -0.005981
0.265015 0.294922 1.001465 -0.022461 -0.009521 0.020142
0.273560 0.262817 1.002197 -0.016602 -0.004883 -0.003906
0.270264 0.270752 1.000854 -0.008423 0.000122 -0.011597
0.261108 0.287964 1.001099 -0.009033 0.003418 -0.027832
0.256958 0.283447 0.999268 -0.012695 0.000000 -0.018677
0.267334 0.281006 1.002441 -0.015259 -0.006226 -0.014893
0.262329 0.278198 1.000732 -0.013672 -0.005371 -0.003296
0.270874 0.274536 1.005005 -0.009521 -0.003418 0.003906
0.248901 0.297974 1.000122 -0.013672 0.000122 -0.004272
0.257813 0.281738 1.003906 -0.019287 -0.004883 -0.004150
0.261597 0.279663 0.999878 -0.018311 -0.007568 0.007446
0.270142 0.271973 0.998047 -0.015991 -0.006958 -0.002808
0.259155 0.284668 1.001953 -0.013306 -0.006104 -0.011475
0.257324 0.286255 1.002075 -0.015015 -0.006104 -0.000977
0.262085 0.292603 1.000122 -0.022583 -0.007446 0.010864
0.268066 0.268799 1.006348 -0.021851 -0.005981 -0.003052
0.263062 0.274780 1.002197 -0.016235 -0.004150 -0.005981
