-0.296021 0.285034 0.962646 -0.016846 -0.009277 -0.004028
-0.304565 0.283691 0.964966 -0.014038 -0.005493 0.014282
-0.304932 0.282959 0.965820 -0.011475 -0.002808 0.020508
-0.307373 0.283325 0.960938 -0.010986 -0.004150 0.019531
-0.308228 0.283447 0.968384 -0.008179 -0.004517 0.033691
-0.310059 0.290527 0.966431 -0.004028 -0.004028 0.035522
-0.300781 0.301636 0.969116 -0.004517 -0.003052 0.034912
-0.297852 0.313843 0.971924 -0.013184 0.005371 0.043091
-0.563843 0.672241 1.052124 -0.167603 0.085693 -0.043701
-0.206909 0.397217 0.975098 0.020874 -0.027588 0.077271
-0.424072 0.375732 0.985596 -0.079956 0.053345 0.033203
-0.277832 0.355469 0.965698 0.024048 -0.013428 0.100464
-0.278320 0.341553 0.959473 -0.001831 -0.000366 0.037354
-0.469360 0.703735 0.964111 -0.146362 0.089111 0.000000
-0.154541 0.175659 0.964111 -0.040405 0.009399 0.109009
-0.273438 0.317505 0.906738 -0.151367 0.049927 0.030762
-0.347900 0.599243 0.972778 0.066284 0.012085 0.237305
-0.308350 -0.031860 0.875977 -0.334106 0.108765 -0.106934
-0.283447 0.317627 0.987305 -0.053467 0.047729 0.197266
-0.244263 0.552124 0.890869 -0.151489 0.074707 0.116577
-0.364624 0.224731 0.905151 -0.219360 0.107300 0.074463
0.024170 0.293213 0.858887 -0.194824 0.052490 0.037964
-0.411377 0.653442 1.077271 -0.141479 0.089233 0.091309
-0.341797 0.191528 0.971558 -0.055908 0.041870 0.105103
-0.354492 0.288818 0.968384 -0.035034 0.025024 0.085205
-0.343994 0.180054 0.966064 -0.040771 0.001343 0.025635
-0.342041 0.249512 0.970215 -0.010254 -0.012573 0.050537
-0.323364 0.245728 0.963989 -0.007690 -0.018555 0.043579
-0.320068 0.257935 0.962646 -0.004517 -0.019165 0.083496
-0.327026 0.255981 0.972778 -0.021851 -0.020264 0.042114
-0.354248 0.273193 0.978271 -0.036621 -0.046997 -0.016357
-0.295898 0.202881 0.963989 -0.032349 -0.064453 -0.047241
-0.343262 0.237305 0.983276 -0.008911 -0.060181 0.004761
-0.023193 0.301270 0.895508 -0.016479 -0.137817 -0.007935
-0.316284 0.299805 0.973511 -0.020020 -0.076660 -0.005981
0.499512 0.297119 0.865967 -0.051636 -0.215088 -0.135986
-0.185913 0.327148 0.952148 -0.066406 -0.089722 -0.151245
-0.169922 0.126221 0.916626 -0.058838 -0.153564 -0.211182
-0.824829 0.138916 1.155640 -0.056274 -0.039795 -0.129761
-0.510376 0.252808 1.068604 -0.041748 -0.055542 -0.100952
-0.062500 0.273926 0.919556 -0.026001 -0.086914 -0.067505
0.983398 0.426270 0.832886 0.011230 -0.268433 -0.075928
-0.374146 0.220947 0.996948 -0.017334 -0.020996 -0.069336
-0.309082 0.063721 0.986694 -0.000244 -0.192749 -0.124756
-0.624756 0.342285 1.075195 0.003052 -0.059082 -0.004395
-0.461060 0.270508 1.055420 0.023438 -0.048340 0.048828
0.006714 0.129150 0.920532 0.001831 -0.125122 -0.028442
-0.552490 0.282471 1.063110 -0.004272 -0.036377 0.021362
-0.213867 0.012939 0.977539 -0.075806 -0.096436 -0.151001
-0.475342 0.208618 1.020508 -0.017212 -0.061401 -0.029785
-0.345215 0.339478 0.980591 0.020020 -0.102661 0.029541
-0.233521 0.379150 0.964844 0.016479 -0.120728 0.013794
-0.180176 0.265503 0.972656 0.006226 -0.074341 0.004028
-0.313110 0.378174 1.028442 0.046143 -0.120361 0.023926
-0.191040 0.374023 0.974976 -0.002930 -0.126099 -0.061646
-0.300659 0.288086 1.000122 -0.014648 -0.037109 0.029541
-0.262817 0.228516 0.992432 -0.011353 -0.044922 0.013184
-0.255615 0.224731 0.994751 -0.007080 -0.031982 0.029175
-0.267334 0.255615 1.014160 -0.003906 -0.038818 0.025513
-0.187378 0.257080 0.976440 -0.015991 -0.053345 -0.043701
-0.274414 0.235962 1.000000 -0.017334 -0.032104 -0.026611
-0.322510 0.173828 1.006226 -0.002686 -0.053101 -0.021240
-0.223389 0.223145 1.000488 -0.006226 -0.017700 -0.010010
-0.184082 0.238037 0.999390 0.000244 0.008301 0.005615
-0.015381 0.238037 0.974976 0.002808 0.075073 0.003906
0.046753 0.200073 1.217285 0.082642 0.215332 0.019043
-0.148193 0.281372 1.068115 0.028564 0.412964 -0.141602
-0.380005 0.324097 0.861938 0.040161 0.434082 -0.051636
-0.480469 0.214722 0.912842 0.000610 0.339233 -0.027100
-0.462646 0.146851 0.912231 0.029419 0.262451 0.002930
-0.484741 0.177368 0.897461 0.090576 0.161377 0.134155
-0.398682 0.245605 0.917114 0.083618 0.078003 0.178345
-0.320679 0.258789 0.951904 0.082031 0.022583 0.159546
-0.286377 0.295654 0.977295 0.080566 0.028320 0.083252
-0.299561 0.317139 0.981934 0.091797 0.046997 0.048096
-0.327637 0.264160 0.979492 0.072632 0.024658 0.040771
-0.369751 0.260010 0.944336 0.071289 0.004761 0.029175
-0.362427 0.292969 0.932495 0.054443 -0.034546 0.016602
-0.348022 0.261719 0.972900 0.065796 -0.045654 0.045410
-0.316772 0.294312 0.970093 0.085327 -0.059204 0.031616
-0.334839 0.343384 0.932617 0.074707 -0.077148 0.023438
-0.327515 0.333130 0.963623 0.039185 -0.096436 0.005859
-0.315796 0.289673 0.954102 0.000244 -0.096924 0.005615
-0.325562 0.301514 0.958252 -0.011841 -0.101440 0.032837
-0.310791 0.313110 0.968750 -0.020020 -0.103394 0.054810
-0.325928 0.407837 0.990479 0.021606 -0.036255 0.023682
-0.242920 0.344849 0.968018 -0.017334 -0.015747 0.030884
-0.285400 0.306030 0.961792 -0.044922 0.004150 0.007813
-0.315796 0.274414 0.964355 -0.047363 0.001709 -0.006226
-0.321167 0.250732 0.962891 -0.026245 -0.013306 0.006958
-0.304565 0.302124 0.967407 -0.015503 -0.021484 0.027710
-0.289551 0.325195 0.964600 -0.010498 -0.017700 0.036133
-0.271729 0.326050 0.966919 -0.026367 -0.010376 0.012207
-0.305420 0.282715 0.965942 -0.033936 -0.005005 0.001953
-0.302490 0.295532 0.966431 -0.025146 -0.006958 0.017578
-0.296997 0.378296 0.973145 -0.041260 -0.005249 0.002075
-0.326172 0.247192 0.963501 -0.059570 -0.006836 -0.021973
-0.290039 0.264893 0.961548 -0.029541 -0.016113 0.005981
-0.294678 0.309937 0.963379 -0.016968 -0.010132 0.023682
-0.289795 0.302734 0.966919 -0.022095 -0.005859 0.032471
-0.283569 0.359497 0.979004 -0.045288 -0.001587 0.011719
-0.440674 -0.331055 0.929810 -0.216675 0.007080 -0.153687
-0.251587 0.535034 1.023926 -0.117798 -0.003784 -0.053955
-0.148315 -0.284790 0.870361 -0.219849 -0.044678 -0.196289
-0.299072 0.279297 0.969849 -0.029297 -0.009888 0.040649
-0.073730 -0.308472 0.932739 -0.236572 -0.034790 -0.220459
-0.303345 0.286743 0.976440 -0.083862 -0.024292 -0.024170
-0.290771 0.323730 0.996094 -0.041016 -0.005615 0.021973
-0.403442 0.176147 0.953125 -0.160156 -0.004639 -0.087891
-0.380615 0.772339 1.034058 -0.064087 -0.014160 0.046021
-0.235474 0.239746 0.991333 -0.102173 -0.023193 -0.031372
-0.325684 0.336060 0.975952 -0.017212 -0.002930 0.087891
-0.248047 -1.066772 0.972412 -0.437500 -0.046021 -0.357056
-0.251587 0.323730 0.982422 -0.058472 -0.027100 0.032959
-0.097534 -0.351685 0.898071 -0.402344 -0.077271 -0.340576
-0.404297 0.402710 0.990356 0.036255 -0.007324 0.122437
-0.282837 0.357178 1.008179 -0.011353 -0.011841 0.082397
0.219482 -0.330566 0.830566 -0.430542 -0.045654 -0.284058
-0.307129 0.416382 1.051392 -0.019653 -0.023804 0.102905
-0.184448 -0.250000 0.948975 -0.144775 -0.023071 -0.001221
-0.382813 0.316284 0.951538 -0.233276 -0.025024 -0.070801
-0.359497 0.566284 1.029907 0.045410 -0.018555 0.131226
-0.394775 0.832886 1.009399 -0.115479 -0.007813 0.000854
-0.525391 1.196167 0.991211 -0.069702 0.002930 0.085327
-0.453369 0.799805 1.035889 -0.048584 -0.023315 0.101807
-0.294189 0.612305 1.012085 -0.011475 -0.026367 0.150269
-0.294678 -0.251587 0.977661 -0.144287 -0.028687 -0.006226
-0.284058 0.417603 1.003052 -0.039185 -0.007935 0.038452
-0.045166 -0.452515 0.961914 -0.129272 -0.023682 -0.012085
-0.230957 0.066772 0.915649 -0.223633 -0.044922 -0.077026
-0.296509 0.313843 1.008301 0.067505 -0.020264 0.164063
-0.307373 0.522705 0.989868 -0.207642 -0.020874 -0.066895
-0.360229 0.375610 1.041992 -0.091553 -0.006592 0.064087
-0.290283 0.113647 1.004272 0.002686 -0.015503 0.113770
-0.363770 0.624634 1.025635 -0.112549 -0.005859 -0.001221
-0.390015 0.328369 1.010864 -0.053223 0.003174 0.030396
-0.249512 -0.217896 1.012817 -0.081909 -0.014404 0.058594
-0.279419 0.077515 1.006348 -0.023193 -0.014404 0.081177
-0.273193 0.153931 1.003906 -0.026489 -0.009888 0.014526
-0.289429 0.129272 1.007690 -0.025269 -0.005493 -0.005127
-0.292114 0.119263 1.010132 -0.013550 -0.007690 -0.000610
-0.285156 0.141846 1.008423 -0.002197 -0.008179 0.011230
-0.281494 0.150391 1.009155 -0.003906 -0.003784 0.005005
-0.286743 0.142578 1.008301 -0.008423 -0.002686 0.000122
-0.293823 0.143311 1.005737 -0.006226 -0.003662 0.011353
-0.282593 0.158203 1.012207 -0.007568 -0.003662 0.020630
-0.301636 0.147339 1.005615 -0.009521 -0.003662 0.017578
-0.287354 0.154297 1.002319 -0.011597 -0.007813 0.010132
-0.287964 0.151245 1.008545 -0.014648 -0.007202 0.003174
-0.281494 0.131226 1.003784 -0.016113 -0.005737 0.005371
