-0.418335 -0.194336 0.951538 -0.043091 -0.033081 -0.068481
-0.397827 -0.199463 0.952148 -0.045898 -0.039063 -0.068481
-0.388184 -0.206299 0.960449 -0.047852 -0.037720 -0.063354
-0.367188 -0.229858 0.954468 -0.043457 -0.036743 -0.056396
-0.362671 -0.265381 0.957764 -0.016113 -0.023926 -0.075684
-0.343872 -0.245361 0.957642 0.018799 -0.009521 -0.069824
-0.341553 -0.206299 0.948608 0.035767 0.016357 -0.038940
-0.373657 -0.176392 0.947021 0.031616 0.039307 -0.000977
-0.405396 -0.162720 0.954590 0.010498 0.037109 0.012207
-0.385132 -0.204834 0.949585 -0.008057 0.026855 0.011719
-0.401001 -0.228882 0.949585 -0.000488 0.029053 0.045410
-0.398682 -0.188965 0.944336 0.002930 0.029785 0.084717
-0.392212 -0.182983 0.947388 -0.006958 0.032104 0.104736
-0.396973 -0.193359 0.950928 -0.019043 0.023438 0.110840
-0.518066 -0.044556 0.952026 -0.037964 0.004272 0.103394
-0.373901 -0.114868 0.941895 -0.014771 -0.002075 0.124512
-0.387573 -0.271851 0.991089 -0.213623 -0.100952 0.070190
-0.501343 -0.078003 0.966675 -0.051270 -0.000366 0.159912
-0.198975 -0.286987 0.929810 -0.101074 -0.047485 0.171631
0.047363 -0.520996 0.869263 -0.311401 -0.164429 0.108643
-0.094971 -0.266724 0.910767 -0.172241 -0.090088 0.211304
-0.262329 -0.556152 1.121094 -0.335449 -0.092773 0.231079
-0.980225 -0.216553 0.930176 -0.235840 -0.102417 0.234009
-0.629517 -0.203003 0.966064 -0.064697 0.001099 0.239380
-0.464478 -0.197998 0.945435 -0.148438 -0.063477 0.120605
-0.458008 -0.061401 0.938721 -0.025269 -0.003052 0.109253
-0.395386 -0.225098 0.944458 -0.053833 -0.028076 0.041748
-0.393921 -0.254272 0.953857 -0.046753 -0.026001 -0.014282
-0.380249 -0.293579 0.952881 -0.013428 -0.009521 -0.011597
-0.389648 -0.262451 0.954468 0.021240 -0.001343 0.010010
-0.491211 -0.301147 1.007813 0.043457 -0.042603 -0.020264
-0.431641 -0.282227 0.959229 0.046875 -0.065918 -0.041504
-0.591919 -0.066772 0.848022 0.206909 -0.203369 -0.145630
-0.520142 -0.148438 0.997070 -0.012207 -0.063843 -0.080933
-0.334717 -0.259766 0.931030 0.003906 -0.075684 -0.183105
0.041260 0.149536 0.914795 0.195435 -0.149780 -0.269043
-0.316406 -0.588501 1.002197 -0.045166 -0.049316 -0.091675
-0.169678 -0.185181 1.013428 0.120483 -0.098389 -0.079834
-0.193604 0.384644 0.812622 0.149292 -0.087158 -0.023193
-0.092163 0.507690 0.938721 0.177490 -0.106812 -0.051514
-0.157104 0.085938 0.979614 0.077881 -0.077637 -0.134644
-0.404175 -0.255127 1.032715 0.086304 -0.088013 -0.145630
-0.287720 -0.233643 0.903931 0.058838 -0.050659 -0.064331
-0.579224 -0.826172 0.971191 0.086670 -0.057373 -0.143066
-0.349731 0.025391 0.942505 0.069458 -0.034546 -0.061890
-0.269165 -0.187134 0.962646 0.007446 -0.023804 -0.085083
-0.354858 -0.384888 1.034912 0.045410 -0.046143 -0.114746
-0.466919 -0.134033 0.995605 0.043335 -0.048584 -0.100220
-0.484497 -0.375977 1.033813 0.035522 -0.029053 -0.026855
-0.523438 -0.470825 1.045288 0.008789 -0.035889 0.001343
-0.316528 -0.215820 0.993530 0.021729 -0.026123 0.036865
-0.214722 -0.035156 0.924561 0.061157 -0.049194 -0.002319
-0.352539 -0.225220 0.998047 0.016846 -0.002930 0.052979
-0.289551 -0.105347 0.968262 0.035889 -0.015503 -0.009766
-0.317139 -0.117798 0.979248 -0.021484 -0.008301 -0.032349
-0.237915 -0.147827 0.983521 -0.061157 0.003296 -0.033325
-0.024292 -0.150024 1.031494 -0.121948 0.158936 0.038696
-0.179077 -0.019653 1.216553 -0.246338 0.385620 -0.017090
-0.531738 -0.188843 0.816162 -0.330200 0.385132 -0.022705
-0.473145 -0.317749 0.849121 -0.311768 0.246460 0.037231
-0.454102 -0.332642 0.885132 -0.241211 0.205811 0.053345
-0.463745 -0.405884 0.846558 -0.142334 0.119507 0.060425
-0.359375 -0.317261 0.923096 -0.026367 0.102295 0.059082
-0.411621 -0.223022 0.914551 0.023682 0.112305 0.042236
-0.385620 -0.188965 0.958374 0.021362 0.096191 0.010376
-0.449219 -0.227661 0.952026 0.010254 0.044800 0.030029
-0.407715 -0.213989 0.948975 0.010376 -0.002197 -0.001099
-0.388184 -0.251587 0.928101 0.014893 -0.004028 -0.025269
-0.414185 -0.279297 0.904053 0.039429 -0.007446 -0.034790
-0.420654 -0.262695 0.938477 0.088379 -0.018677 -0.013306
-0.410767 -0.232178 0.942139 0.108398 -0.043945 0.006958
-0.391235 -0.234009 0.950806 0.103760 -0.068237 0.030640
-0.379517 -0.233643 0.952148 0.112671 -0.083008 0.057739
-0.251465 -0.040771 1.045654 0.096802 -0.032471 0.041748
-0.349487 -0.106079 0.952271 0.022827 -0.008423 0.018188
-0.372437 -0.204468 0.951050 -0.013794 0.002319 0.044800
-0.393433 -0.208862 0.955566 -0.009766 0.000610 0.052002
-0.338257 -0.199097 0.947998 -0.000122 0.000488 0.063354
-0.402100 -0.180054 0.952148 -0.001099 -0.008911 0.059448
-0.401978 -0.157715 0.956055 -0.018433 -0.025879 0.032471
-0.427856 -0.181519 0.973511 -0.029907 -0.041870 0.027832
-0.369019 -0.208374 0.949829 -0.029175 -0.043457 0.039307
-0.091553 -0.387817 0.872314 -0.068237 -0.174194 -0.069702
-0.446655 -0.177246 0.975952 -0.007690 -0.015015 0.075195
-0.261597 -0.315186 0.918335 -0.041626 -0.067871 0.052734
-0.428101 -0.209229 0.932251 -0.057983 -0.071411 0.045288
-0.025879 -0.389771 0.960571 -0.140625 -0.229126 -0.114258
-0.002319 -0.334595 0.910522 -0.017822 -0.073242 0.069580
-0.285400 -0.256226 0.982300 -0.044678 -0.099243 -0.000732
-0.343628 -0.333740 0.955688 -0.115234 -0.120728 0.029907
-0.362549 -0.188965 0.914063 -0.057617 -0.116089 0.045044
-0.019287 -0.200317 0.906860 -0.099121 -0.216797 -0.050415
-1.672485 0.305786 1.011108 -0.113403 -0.182251 -0.038086
-0.099731 -0.208862 0.955200 -0.036987 -0.087891 0.081787
0.281738 -0.526611 0.976318 -0.161011 -0.253418 -0.102539
0.169922 -0.533447 0.910767 -0.053467 -0.084106 0.133911
-0.909546 -0.618530 1.053833 -0.214355 -0.249756 -0.112061
-0.111816 -0.322266 0.941650 -0.093750 -0.228638 -0.034668
0.400024 -0.765137 0.912476 -0.117065 -0.238403 0.040405
0.238892 -0.253296 0.903809 -0.091553 -0.186646 0.085083
-1.090454 0.352905 1.043091 0.005859 -0.011841 0.178101
-0.382568 -0.131104 0.952271 -0.115112 -0.161255 0.050293
-0.389526 -0.263428 0.972412 -0.193359 -0.231934 -0.037109
-0.267822 -0.210571 0.949097 -0.051514 -0.080444 0.135132
0.352295 -0.654053 1.008911 -0.172363 -0.326782 -0.091675
-0.297729 -0.127197 0.944458 -0.041504 -0.111816 0.128662
-0.826172 -0.256592 1.045288 -0.121704 -0.171143 0.048584
-0.641602 0.004883 1.004395 -0.065063 -0.097290 0.103394
-0.900635 0.006836 0.999023 -0.095459 -0.120117 0.017334
-0.301025 -0.224976 1.013916 -0.083740 -0.137695 -0.015747
-1.229614 0.217285 0.986206 -0.060303 -0.080078 -0.016235
-0.179688 -0.132690 0.980103 -0.012451 -0.070068 0.069092
-0.154663 -0.280762 0.988159 -0.040649 -0.069946 0.069824
-0.393433 -0.176025 0.990601 -0.056396 -0.062622 -0.007080
-0.331543 -0.147827 0.991455 0.000610 0.003662 0.007446
-0.255493 -0.250366 0.994263 -0.024658 -0.013062 -0.019409
-0.236450 -0.277344 1.002075 -0.019043 -0.013672 -0.016479
-0.238159 -0.257568 0.992432 -0.007813 -0.009888 -0.016602
-0.248535 -0.244873 0.995728 -0.008423 -0.009644 -0.016235
-0.248047 -0.267090 0.991699 -0.014160 -0.003662 -0.027954
-0.242676 -0.265869 0.991211 -0.006348 -0.002563 -0.020020
-0.234619 -0.240845 0.997681 -0.007690 -0.001953 -0.003296
-0.241455 -0.240356 0.994141 -0.020264 -0.002563 0.013794
-0.242554 -0.265015 0.995239 -0.025269 -0.002075 0.021729
-0.245117 -0.268066 0.998901 -0.020020 -0.003052 0.004517
-0.247192 -0.265137 0.996582 -0.010376 -0.006104 -0.011108
-0.235718 -0.246338 0.992310 -0.006470 -0.003906 -0.006348
-0.250488 -0.232666 0.996826 -0.015259 -0.003052 0.004272
-0.247437 -0.248779 0.996094 -0.024414 -0.005493 0.006958
-0.250732 -0.251709 0.991089 -0.027710 -0.008179 0.004761
-0.250122 -0.228149 0.991089 -0.035278 -0.009277 0.006104
-0.221558 -0.248779 0.993042 -0.048462 -0.006592 0.010010
0.008911 -0.358765 0.980591 -0.032104 0.071655 0.065918
-0.332520 -0.094971 1.121948 -0.024902 0.129272 0.106445
-0.333984 -0.113892 1.033569 -0.155273 0.089355 -0.053955
-0.289307 -0.204102 0.971924 -0.227051 0.054321 -0.118408
-0.384033 -0.272949 0.982422 -0.247070 0.013672 -0.138794
-0.302002 -0.365723 0.934570 -0.256470 -0.038208 -0.127197
-0.241577 -0.407959 0.933350 -0.189209 -0.042480 -0.093872
-0.231567 -0.421997 0.937378 -0.110718 -0.023804 -0.056152
-0.212158 -0.397949 0.954102 -0.036987 -0.010742 -0.018433
-0.222778 -0.338135 0.972656 0.000610 -0.004639 0.001343
-0.250977 -0.270508 0.989746 0.000122 0.000854 0.002930
-0.255005 -0.295410 0.971802 -0.014404 -0.005005 -0.002319
-0.253540 -0.322632 0.964600 -0.014160 -0.011353 0.009766
-0.241333 -0.350952 0.958496 0.002197 -0.014282 0.020630
-0.240356 -0.332764 0.970703 0.026978 -0.005371 0.026001
-0.237671 -0.306641 0.979614 0.041504 0.004150 0.023438
-0.256226 -0.277100 0.982788 0.037476 0.005493 0.020996
-0.240845 -0.283081 0.978760 0.023071 0.005249 0.007935
