-0.273682 0.409790 0.929321 -0.014893 -0.010742 0.001831
-0.272339 0.412231 0.925171 -0.008179 -0.008789 0.011597
-0.272705 0.423950 0.926147 -0.008789 -0.008545 0.010620
-0.271851 0.424805 0.924683 -0.010010 -0.008057 0.007690
-0.267334 0.421509 0.926758 -0.015869 -0.006592 -0.002930
-0.269287 0.419312 0.928467 -0.018311 -0.003662 -0.003906
-0.273315 0.422241 0.927856 -0.017822 -0.003540 -0.009766
-0.289917 0.411255 0.930298 -0.015137 -0.009888 -0.014160
-0.302734 0.382813 0.922119 -0.003662 -0.025024 -0.002197
-0.269287 0.412231 0.926025 -0.005981 -0.023804 -0.003296
-0.244629 0.450317 0.924927 0.006714 -0.020630 -0.005493
-0.262207 0.404541 0.927734 0.010376 -0.015625 0.010742
-0.268555 0.404053 0.920776 0.010376 -0.009521 0.018555
-0.273804 0.442871 0.923950 0.012573 -0.011230 0.028320
-0.274048 0.434570 0.923462 0.015869 -0.017334 0.041138
-0.271973 0.425293 0.929199 0.015381 -0.015747 0.053589
-0.282959 0.410522 0.922363 0.017944 -0.017334 0.095459
-0.172363 0.510010 0.914917 -0.015381 0.019897 0.076294
-0.352173 0.292236 0.927246 0.021240 -0.034058 0.110962
-0.224121 0.451538 0.922363 0.020020 -0.021362 0.089722
-0.225708 0.477051 0.928101 -0.016602 -0.004272 0.020386
-0.202393 0.571655 0.947388 -0.091309 0.049927 -0.041748
-0.366943 0.215210 0.905518 -0.049927 0.015503 0.037354
-0.314941 0.421021 0.905640 0.005859 -0.021851 0.119995
-0.111938 0.634033 0.940918 -0.026978 0.024414 0.058228
-0.808594 -0.156372 1.003784 -0.129395 0.080811 -0.083984
-0.143799 0.560303 0.913818 -0.006592 0.026855 0.127563
-0.536011 0.152588 0.930054 -0.045044 -0.005615 0.070557
0.030029 0.692261 0.941895 -0.040527 0.041504 0.136475
-0.150024 0.426636 0.919312 -0.054565 0.033936 0.112793
-0.401245 0.184082 0.885498 -0.044800 0.030762 0.144165
-0.678223 -0.061768 0.922607 0.082397 -0.063110 0.281250
-0.455933 0.544678 1.002075 -0.151489 0.120117 0.045410
-0.531128 0.385254 1.034302 -0.098145 0.065796 0.079468
-0.177002 0.528687 0.921875 -0.026489 0.032104 0.131470
-0.393555 0.190186 0.931519 0.009888 0.002441 0.111938
-0.442871 0.117676 0.916748 -0.023682 -0.019043 0.083862
-0.437134 0.209839 0.915283 -0.082520 0.024170 0.023071
-0.288452 0.305420 0.895874 -0.040527 0.028564 0.044800
-0.192871 0.538818 0.925415 0.005005 -0.012329 0.095581
-0.179443 0.518677 0.928223 -0.051270 0.031128 -0.013062
-0.363281 0.275024 0.927856 -0.025513 0.001099 0.004150
-0.278931 0.408569 0.930176 -0.021973 -0.005127 -0.006348
-0.267456 0.427246 0.927734 -0.033813 -0.001831 -0.052734
-0.270386 0.422974 0.928223 -0.039429 0.002319 -0.072632
-0.289185 0.415039 0.927856 -0.031250 0.004272 -0.017334
-0.277588 0.426636 0.926514 -0.020630 -0.000732 0.038086
-0.266846 0.386108 0.936646 -0.024536 0.000732 0.033081
-0.285034 0.430298 0.917480 -0.060669 -0.042603 -0.027954
-0.243164 0.408813 0.923218 -0.080811 -0.103149 -0.085571
-0.827759 0.477295 1.016113 -0.075562 -0.103027 -0.036499
-0.087158 0.286621 0.890015 -0.050049 0.007813 -0.038086
-0.369873 0.495483 0.972656 -0.065063 -0.036499 -0.059326
-0.291504 0.368652 0.908569 -0.084839 -0.096924 -0.132568
-0.824829 0.574707 1.073608 -0.086060 -0.140015 -0.130615
-0.391724 0.340820 0.871582 -0.059448 -0.144287 -0.140137
-0.662354 0.402954 1.031128 -0.078247 -0.050293 -0.107788
-0.149536 0.355103 0.901001 -0.052368 -0.021362 -0.051514
-0.416748 0.173096 0.838989 -0.064941 -0.177246 -0.150146
0.339478 0.423706 0.825439 -0.107666 0.015259 -0.144531
0.057251 0.279907 0.996826 -0.075928 -0.034302 -0.095337
-0.177124 0.201904 0.947632 -0.084717 -0.031494 -0.092163
-0.363647 0.340210 0.993042 -0.081299 -0.030640 -0.083008
-0.907715 0.475464 1.099609 -0.076660 -0.152832 -0.074341
-0.416870 0.413574 0.994873 -0.056274 -0.051147 -0.029785
-0.400635 0.343140 0.976318 -0.057495 -0.057983 -0.047119
-0.365845 0.297729 0.958618 -0.048340 -0.003784 -0.036865
-0.236328 0.326050 0.946411 -0.037842 -0.026001 -0.044556
-0.285400 0.332520 0.957031 -0.015015 -0.006958 -0.008179
-0.253662 0.354126 0.960205 -0.013794 -0.009277 -0.005493
-0.228760 0.327515 0.959717 -0.007568 0.012695 0.016235
-0.135498 0.454590 0.953247 -0.034546 0.072021 -0.000977
-0.158936 0.373779 0.933594 -0.079224 0.204102 -0.141479
-0.244751 0.078857 1.123535 0.108643 0.263672 -0.138916
-0.287720 0.450073 0.897461 0.172607 0.276978 -0.061035
-0.385986 0.366577 0.846436 0.102661 0.217896 -0.076660
-0.413452 0.328735 0.888062 0.100098 0.135986 0.009399
-0.433105 0.326904 0.871460 0.113770 0.066772 0.076904
-0.406494 0.280518 0.884277 0.177124 0.004028 0.212402
-0.373413 0.395630 0.918945 0.192749 -0.028809 0.330811
-0.261841 0.451294 0.968384 0.137695 -0.044556 0.248535
-0.230713 0.448242 0.960938 0.078857 -0.020874 0.100586
-0.258789 0.405640 0.920532 0.078003 0.008179 0.046021
-0.312134 0.397949 0.878296 0.091309 0.014648 0.055664
-0.339844 0.404907 0.902710 0.115234 -0.021973 0.056519
-0.348511 0.459717 0.890015 0.048096 -0.056030 0.029053
-0.334839 0.428223 0.897705 0.004517 -0.080200 0.004395
-0.323975 0.404541 0.915283 0.007080 -0.107788 0.043701
-0.274780 0.443848 0.905518 0.031250 -0.129395 0.069946
-0.305542 0.449463 0.909302 0.010010 -0.128540 -0.008057
-0.296997 0.432617 0.919434 -0.016113 -0.131714 -0.008911
-0.299561 0.433228 0.924561 -0.035034 -0.140747 -0.007935
-0.072754 0.196167 1.240601 0.031128 -0.097290 0.024902
-0.174927 0.437988 0.911987 0.015991 -0.074097 0.050903
-0.227417 0.545044 0.923218 0.000488 -0.029785 -0.002808
-0.242676 0.456055 0.922729 -0.015137 -0.005981 0.012573
-0.263794 0.426392 0.922974 -0.021729 0.000854 0.018799
-0.279419 0.428955 0.924316 -0.020020 -0.004517 0.015381
-0.296997 0.402832 0.924805 -0.012573 -0.021118 0.020020
-0.281250 0.404907 0.923584 0.000000 -0.036987 0.039673
-0.243774 0.440063 0.919800 0.005615 -0.033447 0.052002
-0.223022 0.456421 0.922363 -0.010132 -0.015747 0.009155
-0.243652 0.439087 0.923950 -0.014526 -0.001587 0.010742
-0.273560 0.452881 0.925903 -0.048218 0.006958 -0.028198
-0.262207 0.436890 0.926147 -0.017944 -0.009521 0.000366
-0.250244 0.438354 0.937866 -0.039551 -0.007446 -0.022705
-0.270386 0.184692 0.855469 -0.078369 0.001831 -0.051880
-0.266479 0.453735 0.932983 -0.001465 -0.009644 0.072998
-0.345581 0.490479 0.947021 -0.141724 0.025024 -0.079834
-0.390869 0.135498 0.882935 -0.066772 -0.006958 -0.006958
-0.249390 0.601440 0.979248 -0.036377 -0.008423 0.070190
-0.211670 0.469482 0.932129 -0.099731 0.018188 -0.010986
-0.484375 -0.184448 0.885864 -0.018921 -0.014038 0.103638
-0.348389 0.239380 0.893921 -0.110840 0.021362 0.039795
-0.116089 0.878418 0.982300 -0.116211 0.019653 0.080688
-0.266968 0.518555 0.918335 -0.116699 0.000732 0.000977
-0.420410 0.263672 0.867188 -0.138916 0.012451 -0.044800
-0.152100 0.669434 0.982544 -0.120728 0.039551 -0.007080
-0.442505 -0.051025 0.910767 -0.041748 -0.009766 0.074585
-0.029663 0.973755 1.020142 -0.150146 0.040649 -0.011719
-0.124023 0.394775 0.950317 -0.027832 0.013916 0.143921
-0.142456 0.261841 0.935547 -0.091431 0.006592 0.069702
-0.171387 0.075439 0.862061 -0.119751 -0.017090 0.032593
-0.288940 0.207153 0.927124 -0.006958 -0.033813 0.153931
-0.236816 0.595581 1.071899 -0.149658 0.023193 -0.078491
-0.194580 0.278076 0.933716 -0.126465 0.027954 -0.007202
-0.398804 0.132080 0.962646 -0.101440 -0.008179 0.043457
-0.254639 0.497070 0.971313 -0.044312 0.000854 0.096191
-0.555786 0.093994 0.980347 -0.180542 0.023926 -0.097290
-0.280762 0.703491 0.950439 -0.133545 0.030029 0.004028
-0.439697 0.540771 0.973633 -0.225342 0.016724 -0.111694
-0.297363 0.176514 0.965210 -0.037964 0.018188 0.123291
-0.278687 0.373047 0.959595 -0.018799 0.003540 0.130981
-0.320801 0.090210 0.942505 -0.024780 -0.001831 0.077881
-0.624634 0.200562 1.008911 -0.201416 0.023804 -0.111694
-0.337280 0.455322 0.945190 -0.124268 0.028809 0.003174
-0.182495 0.024170 0.953491 0.019409 -0.026733 0.167603
-0.407349 0.102783 0.970947 -0.047974 -0.016602 0.069458
-0.211304 0.339844 0.945557 -0.139282 0.030273 -0.027954
-0.355103 0.152466 0.950684 -0.026855 0.006836 0.108032
-0.349365 0.283813 0.950806 -0.026367 -0.000977 0.041870
-0.272705 0.358154 0.960205 -0.020752 -0.006226 -0.009521
-0.278442 0.318604 0.963135 -0.024658 0.001099 -0.006592
-0.286377 0.326050 0.963989 -0.016602 -0.002197 0.021118
-0.288574 0.327881 0.963257 -0.014648 -0.006592 0.027954
-0.278809 0.323608 0.961670 -0.011841 -0.006592 0.019287
-0.273560 0.340332 0.961548 -0.017456 -0.004395 -0.015503
-0.279297 0.328125 0.967896 -0.016968 -0.004272 -0.010376
-0.275879 0.327026 0.957397 -0.018066 -0.003174 -0.015137
-0.279907 0.328003 0.961426 -0.015747 -0.003296 -0.002075
