-0.323242 0.342285 0.943970 -0.029175 -0.010620 -0.010498
-0.330933 0.318237 0.942261 -0.032593 -0.007202 -0.022827
-0.327026 0.317139 0.944092 -0.028931 -0.004395 -0.013184
-0.322632 0.322876 0.945068 -0.029541 -0.001831 -0.017822
-0.336060 0.319092 0.941650 -0.030884 0.001465 -0.025513
-0.334839 0.305176 0.937500 -0.025879 -0.000488 -0.010498
-0.330444 0.312988 0.943604 -0.019653 -0.001099 0.004395
-0.328735 0.322754 0.946289 -0.017334 0.000366 0.015747
-0.332153 0.319702 0.942627 -0.016724 0.003784 0.030762
-0.328125 0.446167 0.973145 -0.040283 0.009277 0.036743
-0.439697 0.397949 0.932739 -0.049194 0.026245 0.058105
-0.330200 0.441528 0.950195 -0.040527 0.020630 0.040405
-0.453491 0.180542 0.945923 -0.051514 0.017334 0.001343
-0.317749 0.451050 0.960083 -0.025024 -0.000366 0.035522
-0.391602 -0.058838 0.930298 -0.109253 0.025391 -0.026489
-0.431152 -0.123657 0.929077 -0.166260 0.056396 0.004517
-0.468628 0.225708 0.958374 -0.105469 0.058838 0.075684
-0.657227 -0.465210 0.958984 -0.144409 0.057007 0.033325
0.066162 1.004150 0.859131 -0.040405 0.044312 0.138916
-0.640259 -0.030396 0.913208 -0.215820 0.135498 0.046387
-0.217041 0.328613 0.932129 -0.022461 0.003418 0.193970
-0.115479 -0.114014 0.863281 -0.310059 0.059326 -0.110352
0.051025 0.407227 0.841309 -0.093506 0.062622 0.173706
-0.151611 0.065918 0.891357 -0.177979 0.056763 0.014038
-0.311646 -0.150269 0.971436 -0.150269 0.054321 0.063232
-0.311035 0.441528 0.943604 0.047729 -0.005981 0.197144
-0.360474 0.371094 0.945435 -0.011108 -0.000854 0.035278
-0.371826 0.293823 0.947144 -0.032837 -0.007080 -0.015137
-0.355469 0.263916 0.949951 -0.027588 -0.020752 -0.012817
-0.350708 0.301270 0.947632 -0.021118 -0.023315 0.031006
-0.349243 0.320801 0.956787 -0.035889 -0.026978 -0.011719
-0.356079 0.259766 0.955566 -0.047852 -0.027832 -0.064331
-0.394043 0.277222 0.980469 -0.031006 -0.041870 -0.028442
-0.328857 0.330444 0.963013 -0.032104 -0.072266 -0.013794
-0.756714 0.278320 1.119141 -0.049194 -0.067261 -0.034790
-0.080078 0.216553 0.758179 -0.094482 -0.173950 -0.095947
-0.603882 0.181885 1.034912 -0.088257 -0.037476 -0.089722
-0.396606 0.130859 0.976074 -0.116455 -0.113037 -0.144897
-0.328857 0.218872 0.971069 -0.076782 -0.111816 -0.094971
-1.080200 0.199829 1.055908 -0.062866 -0.099243 -0.063843
-0.545776 0.177734 1.004028 -0.079102 -0.024902 -0.024414
-1.118408 0.279907 1.045532 -0.094482 -0.130737 -0.112671
-0.160522 0.348511 0.900269 -0.093384 -0.040894 -0.089600
0.130249 0.111084 0.798584 -0.137817 -0.231323 -0.266113
0.058350 0.253540 0.827515 -0.100586 -0.098022 -0.138550
-0.049194 0.159180 0.922607 -0.087036 -0.126099 -0.060913
-0.401367 0.224976 1.006470 -0.077515 0.001587 -0.000610
-0.045898 0.276978 0.898438 -0.086914 -0.162598 -0.176025
0.180786 0.385986 0.901855 -0.046021 -0.098633 -0.013428
0.318726 0.350708 0.849365 -0.063477 -0.177734 -0.095093
-0.547363 0.188110 1.014526 -0.061401 -0.090698 -0.088989
0.210327 0.196167 0.854614 -0.097412 -0.059814 -0.102295
0.610107 0.021118 0.870361 -0.083252 -0.191284 -0.133789
0.147705 0.051880 0.911621 -0.077637 -0.103394 -0.099609
-0.343506 0.150391 0.989136 -0.031006 0.004761 0.001221
-0.270874 0.190063 0.992920 -0.011475 -0.004272 -0.042358
-0.238892 0.188232 0.989258 -0.009644 0.029175 -0.039429
-0.079346 0.225098 0.948853 0.004517 0.079712 -0.002686
-0.007202 0.003296 1.076782 -0.008423 0.180054 -0.005371
-0.312866 0.241577 1.077148 0.118164 0.344849 0.059937
-0.413330 0.222412 0.871704 0.116821 0.334229 0.072388
-0.449829 0.166138 0.926025 0.100342 0.228638 0.088013
-0.474854 0.185913 0.889771 0.190430 0.187866 0.158081
-0.449951 0.248779 0.884766 0.167480 0.103516 0.148804
-0.375732 0.259521 0.923584 0.141968 0.049194 0.144531
-0.369507 0.265381 0.967163 0.096191 0.021729 0.114136
-0.342529 0.259277 0.973022 0.088745 0.016846 0.104370
-0.322266 0.246094 0.978271 0.093140 0.025513 0.090820
-0.333130 0.276855 0.981689 0.121216 0.044189 0.087524
-0.334106 0.268066 0.965576 0.145264 0.066528 0.050659
-0.403442 0.327637 0.922729 0.152344 0.051514 0.070801
-0.402222 0.313477 0.925415 0.078125 -0.004639 0.066284
-0.398560 0.302734 0.928833 0.058716 -0.021729 0.066284
-0.361084 0.284546 0.937866 0.035889 -0.048096 0.031494
-0.354858 0.316650 0.953613 0.050903 -0.050537 0.033325
-0.363159 0.296631 0.936890 0.078125 -0.060059 0.048828
-0.388672 0.364868 0.902832 0.059082 -0.090210 0.024658
-0.370972 0.354614 0.923828 0.003418 -0.116089 -0.005127
-0.381836 0.293335 0.930420 -0.011841 -0.128052 0.000732
-0.361694 0.298096 0.944946 -0.030029 -0.147095 -0.007202
-0.431030 0.432129 0.977905 0.042725 -0.052856 -0.010864
-0.262695 0.347412 0.952759 -0.003784 -0.033569 -0.019897
-0.310669 0.318115 0.949829 -0.030029 -0.001221 -0.031616
-0.345825 0.294189 0.948242 -0.038086 0.005615 -0.015747
-0.351563 0.284546 0.952881 -0.025879 -0.001465 0.004639
-0.343628 0.284546 0.952637 -0.017944 -0.011841 0.011597
-0.326050 0.374878 0.966309 -0.029175 -0.014526 0.022583
-0.329712 0.393555 0.959961 -0.016235 -0.008667 0.035522
-0.312500 0.517090 0.936890 -0.125732 0.016602 -0.034058
-0.368042 0.594604 1.009155 -0.051636 -0.007080 0.026245
-0.391602 0.481445 0.953369 0.016602 0.006958 0.075806
-0.367798 0.218628 0.969482 -0.079834 0.001343 -0.024170
-0.429810 0.657349 1.018433 -0.125000 0.009033 -0.036377
-0.313110 0.406006 0.958618 0.025635 -0.014038 0.100342
-0.354614 0.534912 1.005981 -0.072021 -0.000122 0.006958
-0.312378 0.175537 0.936279 -0.029053 -0.000610 0.061279
-0.422607 1.102661 0.910645 -0.114502 -0.007324 -0.005005
-0.437378 0.512939 0.959473 0.058716 -0.003052 0.134399
-0.339722 0.665161 0.978149 -0.107178 -0.000610 0.012329
-0.349976 0.852783 0.967896 -0.041260 0.004517 0.058105
-0.364624 0.472412 0.966797 0.014038 -0.002319 0.129639
-0.254761 0.632935 0.945435 -0.193481 -0.017334 -0.080200
-0.179688 0.148071 0.951904 -0.024292 -0.012817 0.107544
-0.282593 0.408813 0.941162 -0.149536 -0.011841 -0.020996
-0.301636 0.205933 0.950073 -0.027100 -0.011230 0.106445
-0.217285 0.568848 0.954346 -0.084839 0.004150 0.028442
-0.365356 0.394897 0.969971 -0.004517 0.008301 0.113892
-0.337158 0.433594 0.970337 -0.182373 -0.019897 -0.076660
-0.420288 0.718750 1.014648 -0.057739 -0.015869 0.061401
-0.566772 -0.826538 0.908936 -0.262817 -0.001465 -0.096191
-0.321167 0.317993 0.981323 -0.003296 -0.001831 0.195679
-0.168335 0.395508 0.889282 -0.169800 -0.038086 -0.058105
-0.321777 0.310547 0.958130 0.006836 -0.009399 0.169678
-0.262573 -0.004517 0.945557 -0.256958 0.005493 -0.145996
-0.283936 -0.012817 0.991455 -0.090210 -0.002197 0.062378
-0.214233 -0.366577 0.951660 -0.089966 -0.010376 0.023071
-0.288208 0.306519 0.978516 -0.004150 -0.000244 0.128052
-0.450073 -0.272217 0.930664 -0.366821 0.001587 -0.274658
-0.267212 0.654297 1.000000 -0.060181 0.005005 0.092407
-0.199829 0.244019 0.979004 -0.015747 -0.007324 0.128784
-0.529663 0.097290 0.969116 -0.277344 0.005981 -0.099976
-0.308960 0.140869 0.996460 -0.096802 -0.024658 0.034058
-0.309326 -0.007935 0.994263 -0.090088 -0.005371 0.046021
-0.586304 -0.404907 1.006226 -0.245850 0.004395 -0.080078
-0.033813 -0.551392 0.932739 -0.184937 -0.029907 -0.023560
-0.214966 0.008057 0.983398 -0.069458 -0.020874 0.079468
-0.323730 0.315796 0.989502 -0.085083 0.002441 0.021851
-0.312744 0.016357 0.971924 -0.103760 -0.006836 -0.002563
-0.326416 0.256714 0.988647 -0.003052 0.000366 0.125000
-0.340454 0.441284 1.030151 -0.066040 0.005981 0.043457
-0.386108 0.294312 0.989502 -0.028564 0.007446 0.088379
-0.453857 0.224243 0.997437 -0.114990 -0.001343 -0.006470
-0.315674 0.227539 0.985107 -0.005249 -0.008057 0.076538
-0.291626 0.007446 0.974609 -0.083862 -0.010376 -0.002197
-0.326904 0.181519 0.979736 -0.034668 0.000122 0.035645
-0.330688 0.146973 0.991455 -0.023071 0.000000 0.028076
-0.329224 0.182373 0.986816 -0.014282 -0.002563 0.063110
-0.337524 0.317017 1.004883 -0.036987 -0.004028 0.026001
-0.280029 0.064941 0.977783 -0.036499 -0.005615 0.022827
-0.333496 0.214355 0.987671 -0.009521 0.000854 0.034668
-0.333618 0.182617 0.988281 -0.017212 -0.001343 0.020386
-0.335449 0.175903 0.987427 -0.021484 -0.004028 0.005981
-0.333008 0.168213 0.987793 -0.020142 -0.007568 -0.010498
-0.323608 0.175781 0.985718 -0.018188 -0.011230 -0.027344
-0.332031 0.176636 0.987061 -0.021362 -0.010132 -0.044678
-0.322998 0.177002 0.982910 -0.022583 -0.011353 -0.053711
-0.338257 0.170288 0.988647 -0.019897 -0.011475 -0.041626
-0.327271 0.162354 0.984619 -0.018433 -0.016113 -0.038940
-0.326050 0.175415 0.983887 -0.012939 -0.014893 -0.015625
-0.315918 0.186279 0.987061 -0.015869 -0.010376 -0.009155
