-0.196777 0.452148 0.938477 -0.006470 -0.007324 0.018555
-0.193115 0.460327 0.931885 -0.011230 -0.007935 0.010254
-0.197998 0.454956 0.936768 -0.014648 -0.009766 0.000000
-0.189819 0.453369 0.935181 -0.015259 -0.010498 0.002075
-0.191528 0.449097 0.943726 -0.016724 -0.007690 -0.005371
-0.197998 0.446899 0.932983 -0.013184 -0.008301 0.001465
-0.200928 0.438721 0.930908 -0.006958 -0.008301 0.022827
-0.195068 0.454468 0.937378 -0.002075 -0.010132 0.045166
-0.187378 0.468872 0.931885 -0.008545 -0.008667 0.037354
-0.184204 0.451782 0.935303 -0.016357 -0.002930 0.037231
-0.177368 0.454956 0.936523 -0.012817 0.007324 0.083130
-0.207153 0.455444 0.934692 -0.022339 0.032837 0.075684
-0.021606 0.614868 0.916138 -0.054688 0.045410 0.013428
-0.006226 0.517578 0.930176 0.027710 -0.055176 0.123047
0.210693 0.862671 0.902222 -0.073120 0.088745 0.026001
-0.014771 0.510132 0.937134 -0.117920 0.091797 0.026245
-0.084839 0.618042 0.937744 0.055054 -0.034790 0.233032
0.270508 0.630005 0.783203 -0.154907 0.108276 -0.018555
0.026123 0.448242 0.947998 -0.032837 0.000000 0.124878
-0.302368 0.315063 0.927490 -0.060791 0.078369 0.086426
-0.164795 0.460205 0.908447 -0.083740 0.044067 0.060669
-0.239014 0.241211 0.927124 0.019897 -0.074829 0.180542
0.028687 0.893188 1.103394 -0.037354 0.130249 0.064209
-0.029297 0.489014 0.914307 -0.033325 0.028198 0.097534
-0.725220 -0.066772 0.941650 -0.158569 0.149658 -0.010376
-0.865479 0.106445 0.966919 -0.106934 0.154785 0.024536
-0.104736 0.493286 0.880249 -0.055542 0.067261 0.073486
-0.615356 0.276489 0.973389 -0.077148 0.092896 0.034546
-0.284668 0.404053 0.930786 -0.037109 0.038330 0.080566
-0.058716 0.649048 0.932129 -0.062744 0.061523 0.034180
-0.196167 0.439819 0.930542 -0.088379 0.046753 0.013062
-0.020996 0.615601 0.930054 -0.031616 0.014526 0.073853
-0.519287 0.013062 0.916992 -0.110352 0.033447 -0.030884
-0.200195 0.448242 0.935059 -0.014282 -0.013916 0.045654
-0.193726 0.450439 0.937622 -0.033447 0.004761 0.013062
-0.174194 0.466553 0.908447 -0.084106 0.042114 -0.073120
-0.169434 0.460693 0.941528 -0.007690 -0.013306 0.042480
-0.192505 0.461182 0.937622 -0.014282 -0.006226 0.009277
-0.212891 0.450195 0.937500 -0.027100 0.002075 -0.039185
-0.197998 0.436523 0.940063 -0.037598 0.006592 -0.064819
-0.210205 0.416016 0.943848 -0.040771 0.013306 -0.063477
-0.242798 0.406128 0.943726 -0.033081 0.010376 -0.021240
-0.226318 0.395752 0.941650 -0.025024 -0.001343 0.002686
-0.216309 0.397705 0.939087 -0.027710 -0.016357 0.006104
-0.227051 0.447876 0.939331 -0.020386 -0.017578 0.030518
-0.227783 0.468506 0.942017 -0.021729 -0.016113 0.046631
-0.201416 0.515137 0.967773 -0.053101 -0.054077 0.002319
-0.175659 0.392456 0.930054 -0.055298 -0.009155 -0.054565
0.141846 0.223999 0.843140 -0.104492 -0.101563 -0.145752
-0.919434 0.947510 1.142700 -0.074341 -0.101318 -0.060425
-0.551758 0.533936 0.957764 -0.028564 -0.023438 -0.031982
-0.269409 0.423706 0.951538 -0.082886 -0.103027 -0.065308
0.006348 0.037476 0.866089 -0.106323 -0.092773 -0.135864
-0.158936 0.271240 0.963867 -0.074951 -0.024048 -0.102417
-0.462769 0.392944 1.082153 -0.069092 -0.088013 -0.077881
0.411255 0.242920 0.874878 -0.046143 -0.149536 -0.100952
-0.001953 0.460693 0.932617 -0.038452 -0.131714 0.020630
0.389893 0.267212 0.882202 -0.102295 -0.202759 -0.073242
0.277588 0.105103 0.919556 -0.084351 -0.166016 -0.035522
-0.599365 0.659058 0.958862 -0.052368 -0.142944 0.079468
-0.758423 0.513916 1.072998 -0.018433 -0.048584 0.081299
-0.468506 0.436768 0.972412 -0.005859 -0.020874 0.135498
-0.692261 0.630127 1.006592 -0.027222 -0.104126 0.102783
0.251465 0.374390 0.890747 -0.031372 -0.064819 0.047852
-0.101196 0.511353 0.929443 -0.065430 -0.123901 0.021851
-0.245850 0.358887 0.954712 -0.050659 -0.062988 0.009277
-0.187744 0.260010 0.964478 -0.048584 0.006592 0.016968
-0.247925 0.394409 1.006592 -0.028809 -0.015747 0.102905
0.268311 0.460815 0.948853 -0.026123 -0.096069 0.071777
-0.155396 0.391113 0.968872 -0.045776 -0.031006 0.081787
-0.179810 0.452637 0.971191 -0.026489 0.015503 0.065552
-0.157837 0.359009 0.979492 -0.024292 0.001221 -0.002808
-0.129883 0.373413 0.971680 -0.002441 0.001587 -0.004883
-0.133301 0.349976 0.977295 0.017822 0.016113 0.023926
-0.056641 0.370361 0.971802 0.027222 0.030884 0.039063
0.056885 0.428833 0.952393 0.024780 0.138306 -0.087524
-0.003296 0.294922 1.213989 0.128174 0.258545 -0.154785
-0.006348 0.497681 0.968872 0.182251 0.367920 -0.259521
-0.294312 0.450195 0.812500 0.120605 0.391113 -0.328247
-0.419434 0.359985 0.842041 0.125244 0.285278 -0.262939
-0.450684 0.387695 0.847900 0.128418 0.165161 -0.172241
-0.445190 0.384644 0.880127 0.107178 0.001221 -0.041992
-0.268921 0.424561 0.910767 0.107910 -0.095703 0.043091
-0.219604 0.419800 0.936646 0.094971 -0.117065 0.052246
-0.151245 0.436523 0.961426 0.093872 -0.122437 0.069092
-0.148560 0.451538 0.973633 0.096313 -0.077393 0.088257
-0.170288 0.463501 0.945313 0.049194 -0.047363 0.029907
-0.207520 0.486084 0.941895 0.035889 -0.048584 0.027832
-0.256714 0.458496 0.924805 -0.011230 -0.060669 -0.023071
-0.323608 0.439575 0.890625 -0.018799 -0.114868 -0.030029
-0.292236 0.463623 0.893555 -0.019165 -0.167847 0.021362
-0.236694 0.424683 0.942749 -0.041748 -0.200928 0.066284
-0.179810 0.395630 0.985107 -0.046997 -0.209961 0.105957
-0.041870 0.607300 0.947388 0.046753 -0.136353 0.070801
-0.038086 0.510132 0.949585 -0.000732 -0.033691 0.070190
-0.140869 0.464233 0.944458 -0.044922 0.027466 0.019409
-0.214233 0.419434 0.942383 -0.051147 0.034058 0.009155
-0.240723 0.406128 0.944214 -0.035767 -0.001343 -0.004761
-0.226318 0.408081 0.943604 -0.011230 -0.040894 0.037476
-0.170044 0.442017 0.943237 0.004395 -0.062500 0.057983
-0.146362 0.449829 0.942017 0.001953 -0.051392 0.061890
-0.124634 0.462280 0.938721 -0.008057 -0.032104 0.041260
-0.151611 0.451050 0.945557 -0.014404 -0.011108 0.047485
-0.174927 0.446167 0.944336 -0.015991 -0.007813 0.038452
-0.176270 0.442749 0.943115 -0.018799 -0.014282 0.016724
-0.169678 0.445190 0.946289 -0.025146 -0.015747 -0.002930
-0.147217 0.456543 0.950195 -0.035645 -0.007324 -0.010376
-0.179199 0.417847 0.948608 -0.053345 0.011597 -0.017578
-0.181030 0.458008 0.947632 -0.041748 0.013794 -0.018433
-0.179565 0.469482 0.948242 -0.040527 0.011841 -0.012329
-0.342041 0.288208 0.928589 -0.088623 0.024048 -0.050537
-0.099854 0.572266 0.979126 -0.033569 -0.006104 0.035278
-0.295044 0.056396 0.912964 -0.178711 0.048828 -0.087646
-0.176514 0.317749 0.947021 -0.034058 0.001709 0.069092
-0.596924 -0.136841 0.910645 -0.148560 0.053223 -0.069580
-0.136108 0.455933 0.961426 -0.005249 -0.013062 0.060669
-0.381226 0.040161 0.922729 -0.227661 0.106323 -0.198242
0.122559 0.875488 0.998413 -0.033325 0.003296 0.048340
-0.132690 0.523926 0.925537 -0.108154 0.054321 -0.002441
-0.139526 0.521484 0.960327 0.008545 -0.001953 0.156860
-0.304077 0.240356 0.911621 -0.216553 0.082397 -0.087402
-0.059814 0.541748 0.982178 -0.016113 -0.011230 0.114502
0.267334 1.069580 0.996216 -0.135376 0.078735 -0.061401
-0.222656 0.459351 0.984741 -0.009644 0.001831 0.144775
-0.887573 -0.515747 0.902832 -0.286499 0.127197 -0.183350
-0.061890 0.424683 0.930664 -0.170532 0.084229 -0.097900
-0.715332 -0.443237 0.945313 -0.182007 0.074097 -0.067383
-0.059692 0.827393 1.020630 -0.077393 0.037720 0.032349
-0.376099 0.086304 0.950317 -0.142822 0.061157 -0.006592
-0.073364 0.581421 0.981812 -0.030762 0.009277 0.074829
-0.082520 0.371948 0.893799 -0.250977 0.067139 -0.116211
-0.137573 0.508545 0.981445 0.008179 -0.016602 0.177246
-0.129761 0.536987 0.976685 -0.211914 0.108643 -0.102905
-0.536621 -0.109619 0.942383 -0.104004 0.016357 0.041260
-0.129639 0.405640 0.999756 -0.009521 -0.004639 0.126831
-0.463989 0.361572 1.017578 -0.193115 0.117188 -0.069702
-0.249512 0.137939 0.980469 -0.049194 -0.006714 0.164551
0.427734 1.311768 0.881958 -0.134521 0.053467 0.053467
0.054810 0.525391 0.985596 0.034546 -0.046875 0.192505
-0.155151 0.420776 0.979736 -0.026367 0.001709 0.052368
-0.466064 0.085693 0.988892 -0.184448 0.097656 -0.068115
-0.797852 -0.381470 0.970703 -0.214966 0.090698 -0.050903
-0.088501 0.535889 1.002563 -0.035034 0.009399 0.070801
-0.005127 0.548828 0.988770 -0.032593 0.009644 0.070801
-0.238037 -0.035034 0.932861 -0.162720 0.025513 -0.039551
0.127197 0.771362 1.001587 -0.026001 0.004883 0.097534
-0.050903 0.472412 0.984863 -0.054932 0.014038 0.057129
-0.078125 0.392944 0.972534 -0.015259 -0.022095 0.036987
-0.179077 0.372559 0.976318 -0.033203 0.005005 -0.040283
-0.235718 0.303345 0.981689 -0.036133 0.009521 -0.043823
