-0.281372 0.372681 0.933228 -0.016602 -0.011353 -0.021118
-0.280884 0.378784 0.935547 -0.017822 -0.006348 -0.007935
-0.296875 0.372314 0.936646 -0.020142 -0.004028 -0.003296
-0.304810 0.364868 0.938721 -0.015991 -0.009888 -0.005737
-0.289551 0.369507 0.937988 -0.009766 -0.015503 -0.003174
-0.278687 0.378784 0.940796 -0.009521 -0.011719 -0.003662
-0.290283 0.384888 0.939697 -0.012085 -0.007935 -0.001465
-0.291138 0.367188 0.945557 -0.012695 -0.006470 0.005005
-0.291748 0.373291 0.935059 -0.009399 -0.005737 0.022095
-0.257446 0.411133 0.928833 -0.011353 -0.004639 0.022949
-0.294312 0.372925 0.934937 -0.014160 -0.001587 0.018433
-0.293945 0.375122 0.940552 -0.012329 -0.003784 0.026611
-0.248779 0.421997 0.940552 -0.020752 0.002441 0.024902
-0.428833 0.211548 0.938965 -0.116333 0.039551 -0.043823
-0.246094 0.401001 0.945801 0.005249 -0.012573 0.097168
-0.278809 0.405762 0.939941 -0.018921 0.003296 0.041626
-0.219727 0.453491 0.924316 -0.075562 0.043579 -0.005371
-0.354858 0.077515 0.928711 -0.127686 0.051514 0.003174
-0.184814 0.798218 0.957642 -0.055420 0.070679 0.161499
-0.424683 0.177490 0.966797 -0.102173 0.073730 0.118286
-0.321533 0.414917 0.994263 -0.100464 0.097534 0.123047
-0.250732 0.465698 0.935303 0.001831 0.011353 0.208862
-0.275879 0.498291 0.909912 -0.165894 0.113892 0.063354
-0.103638 0.191528 0.862793 -0.074219 0.045776 0.166748
0.142334 0.804077 0.993408 -0.093628 0.059814 0.184937
-0.415771 0.102173 0.912964 -0.101440 0.049805 0.081665
-0.344849 0.369995 0.947510 -0.100830 0.043701 0.028198
-0.280640 0.420044 0.935669 -0.021606 0.004272 0.024048
-0.305786 0.361450 0.944580 -0.042969 0.014160 -0.024902
-0.325928 0.335693 0.943237 -0.037231 0.005737 -0.020508
-0.338745 0.332886 0.950684 -0.023438 -0.012939 -0.011353
-0.300415 0.349854 0.944214 -0.017822 -0.023071 0.001709
-0.296753 0.373901 0.947021 -0.018188 -0.018311 0.009644
-0.322632 0.347656 0.946289 -0.029419 -0.023071 0.002441
-0.293091 0.358154 0.943359 -0.030762 -0.043823 0.028198
-0.343384 0.320923 0.965088 -0.032227 -0.036621 0.012817
0.005493 0.283691 0.942871 -0.077637 -0.138184 -0.047119
-0.054565 0.277954 0.910278 -0.057739 -0.057007 -0.052856
-1.060425 0.491943 1.201538 -0.066406 -0.089722 -0.064331
-0.476807 0.362915 0.967529 -0.044678 -0.010132 -0.009033
-0.225952 0.336914 0.944580 -0.064209 -0.176758 -0.084351
-0.073242 0.516724 0.940186 -0.001221 -0.060181 0.022217
-0.551514 0.299927 1.010620 -0.064209 -0.113770 -0.091309
0.601440 0.376953 0.853149 -0.040894 -0.202637 -0.120239
-0.475342 0.299561 1.020752 -0.056396 -0.067139 -0.054932
-0.389893 0.192261 0.976685 -0.051636 0.001465 -0.009155
-0.447144 0.403198 0.987549 -0.042725 -0.132080 -0.027588
-0.302368 0.327393 0.989868 -0.035767 -0.044312 0.002197
-0.524780 0.191040 1.079346 -0.014893 -0.041748 0.014526
-0.651245 0.403198 0.994385 -0.022095 -0.057129 0.022217
-0.222778 0.379272 0.931885 -0.049072 -0.079102 -0.020996
-0.455933 0.337769 0.954224 0.021973 -0.103882 0.071899
-0.319214 0.270996 0.948975 0.049805 -0.057129 0.137573
-0.724243 0.372192 0.985352 0.070068 -0.152222 0.103516
-0.102051 0.202148 0.946411 0.032349 -0.094482 0.037354
-0.368530 0.461426 0.999023 0.040039 -0.070190 0.109009
-0.110107 0.390869 0.953735 0.005127 -0.046997 0.065186
-0.218872 0.381104 0.969727 -0.028564 0.009644 -0.012451
-0.214722 0.312622 0.970337 -0.035645 0.025757 -0.036377
-0.218628 0.299805 0.973633 -0.007935 0.046753 -0.018677
-0.251831 0.357178 0.983643 0.013794 0.094360 -0.080811
-0.016968 0.046631 1.142700 0.083252 0.152466 -0.097046
-0.174438 0.473022 1.001709 0.235840 0.293091 -0.060181
-0.287354 0.464233 0.856812 0.162964 0.307373 -0.174316
-0.366211 0.349731 0.890503 0.126953 0.265869 -0.152954
-0.477905 0.356812 0.868286 0.087280 0.157959 -0.148560
-0.452148 0.285645 0.873047 0.102051 0.040039 -0.098267
-0.361206 0.337524 0.908081 0.139771 -0.004883 0.024170
-0.306519 0.413452 0.932983 0.128540 -0.034912 0.070801
-0.265869 0.438110 0.966675 0.106934 -0.048828 0.085815
-0.216309 0.367676 0.986450 0.086304 -0.019775 0.045410
-0.275269 0.420410 0.953369 0.107544 0.025391 0.049927
-0.343384 0.412598 0.915161 0.057983 0.014282 0.022217
-0.343628 0.401611 0.913940 0.005371 -0.026855 -0.005493
-0.347778 0.390503 0.899048 -0.007568 -0.057617 -0.003418
-0.329468 0.409546 0.908813 -0.012207 -0.095825 -0.006714
-0.295776 0.391479 0.916260 -0.024170 -0.122925 -0.003784
-0.289917 0.424805 0.930420 -0.035156 -0.132202 0.009766
-0.268799 0.415527 0.947510 -0.033691 -0.132568 0.033325
-0.031250 0.196167 1.324341 -0.033325 -0.118164 0.049927
-0.181641 0.367065 0.933350 -0.020508 -0.043701 0.024170
-0.266235 0.444092 0.933838 -0.019165 -0.000977 0.032593
-0.275757 0.403931 0.935425 -0.023315 0.005371 0.028076
-0.279053 0.383301 0.937622 -0.023926 0.000366 0.034058
-0.279663 0.366577 0.938110 -0.018433 -0.006958 0.049438
-0.265137 0.389282 0.940063 -0.006470 -0.012085 0.064575
-0.254150 0.421265 0.937134 -0.010254 -0.011353 0.064575
-0.255859 0.423950 0.935181 -0.026855 -0.000610 0.033569
-0.257935 0.408325 0.939453 -0.037354 0.006226 0.006836
-0.290161 0.397339 0.934814 -0.045532 0.007813 -0.003418
-0.266479 0.373779 0.937256 -0.028931 -0.000488 -0.000610
-0.267700 0.381226 0.942261 -0.018677 -0.005249 0.020386
-0.285400 0.413452 0.938599 -0.019653 0.001953 0.045044
-0.263184 0.405518 0.941772 -0.025146 -0.001343 0.034302
-0.261108 0.414185 0.944824 -0.036133 -0.002197 -0.004761
-0.274170 0.431519 0.943604 -0.032715 0.001221 0.011230
-0.264160 0.310303 0.913086 -0.087646 0.005005 -0.037964
-0.263794 0.473755 0.932861 -0.078247 0.016479 -0.008301
-0.127686 0.192505 0.917236 -0.047852 -0.009766 0.023071
-0.102539 0.365234 0.933228 -0.161133 0.014526 -0.078369
-0.277588 0.487061 0.954346 0.009155 -0.005493 0.124023
-0.150024 0.013428 0.918457 -0.145386 -0.005005 -0.104126
-0.563599 -0.397095 0.889771 -0.226685 0.042725 -0.149292
-0.210938 0.355591 0.947388 -0.004517 -0.009521 0.114014
-0.262451 0.570801 0.929199 -0.125854 0.021484 -0.098267
-0.250732 0.352539 0.941040 -0.105469 0.025879 -0.043701
-0.258545 0.250366 0.948853 -0.062012 0.000854 0.041870
-0.177490 0.115112 0.950317 -0.105347 -0.010620 -0.013062
-0.007813 0.397949 0.932495 -0.095947 -0.035400 -0.003418
-0.237793 -0.031738 0.908936 -0.078491 -0.003540 0.075195
-0.269043 0.381836 0.960083 0.010132 -0.004883 0.193115
-0.309204 0.066162 0.888672 -0.302612 0.052368 -0.204834
-0.203979 0.278687 0.952026 -0.068115 -0.002563 0.074463
-0.295044 0.911377 0.912231 -0.225464 0.022339 -0.119141
-0.340576 0.365234 0.997314 -0.110962 0.010620 0.062134
-0.232910 0.976196 0.907471 -0.111572 -0.012085 0.002930
-0.396973 0.198120 0.941528 -0.062988 0.002808 0.083740
-0.230225 0.429199 0.970947 0.019165 -0.008789 0.158081
-0.234253 0.800293 1.036011 -0.182373 0.066772 -0.083008
-0.629028 0.353760 0.997559 -0.101807 0.073608 0.069458
-0.203369 0.517700 0.976440 -0.006226 -0.007568 0.172119
-0.368530 0.357422 0.964355 -0.247437 0.037476 -0.122437
-0.277588 0.331787 0.955078 -0.030762 -0.019531 0.112915
-0.123657 1.406860 0.982422 -0.133179 0.051392 -0.021729
-0.104004 0.642822 0.918213 -0.135864 0.035522 0.021118
-0.173950 0.439331 0.962280 -0.034546 -0.013062 0.123291
-0.288574 0.250610 0.949341 -0.122437 0.024902 0.025879
-0.174805 0.311401 0.964722 0.020630 -0.014771 0.151245
-0.339966 -0.333740 0.948242 -0.231079 0.008545 -0.087036
-0.234131 0.249634 0.990112 -0.060913 0.002808 0.116577
-0.270752 0.513794 0.993774 -0.053711 0.001709 0.038208
-0.297363 0.203247 0.967285 -0.125122 0.036377 -0.068970
-0.284790 -0.074097 0.962524 -0.063110 -0.016724 0.002319
-0.228638 0.314087 0.972656 0.001343 -0.014771 0.068848
-0.281250 0.303101 0.977905 -0.029053 0.005127 0.001831
-0.297607 0.279907 0.970581 -0.029297 0.003296 0.003174
-0.297485 0.268311 0.976685 -0.024780 -0.003784 0.006104
-0.285400 0.282349 0.971436 -0.019409 -0.007813 -0.001343
-0.275635 0.283203 0.980469 -0.019043 -0.005127 -0.006104
-0.292725 0.270142 0.977905 -0.019775 -0.001831 -0.000366
-0.286987 0.274414 0.975220 -0.015991 -0.006470 0.001587
-0.282227 0.280396 0.973389 -0.018921 -0.003784 0.008545
-0.282227 0.377319 0.978394 -0.051270 0.011963 -0.021118
-0.280029 0.147583 0.973511 -0.048096 -0.011353 -0.030151
-0.280273 0.283691 0.975708 -0.014648 -0.008301 0.036255
-0.284424 0.293213 0.978394 -0.025879 -0.004028 0.001343
-0.287231 0.267334 0.984131 -0.027832 -0.005981 -0.022217
-0.290527 0.258423 0.976807 -0.019531 -0.005859 -0.019165
-0.283569 0.275635 0.980225 -0.012817 -0.003784 0.000977
-0.292236 0.275146 0.973999 -0.015381 -0.001465 0.001831
