-0.256592 0.289673 0.984741 0.009155 -0.032959 0.009277
-0.224976 0.299316 0.983887 0.009766 -0.024902 0.017456
-0.254395 0.280273 0.978149 0.010620 -0.009155 0.040283
-0.267334 0.250610 0.983521 0.026245 -0.012817 0.090820
-0.222046 0.332153 0.981689 0.042969 -0.013672 0.115967
-0.213257 0.348755 0.975952 0.014648 0.005737 0.040283
-0.238281 0.311523 0.976929 -0.004272 0.023315 -0.003418
-0.261108 0.262817 0.979980 -0.001221 0.025391 0.009766
-0.222900 0.298340 0.985718 -0.001465 0.039429 0.048096
-0.583130 -0.056763 1.029907 -0.137207 0.114990 0.049805
-0.069092 0.270874 0.962891 -0.023682 0.014526 0.125000
-0.008911 1.088501 0.897095 -0.070068 0.084106 0.107910
-0.158325 0.514282 0.977905 0.107544 -0.036499 0.313354
-0.214844 0.805298 0.980957 -0.166504 0.154541 0.123657
-0.581909 -0.123657 1.074097 -0.232788 0.152222 0.172119
-0.728882 0.135986 0.996460 -0.207397 0.214478 0.287231
-0.182007 0.763428 0.943237 -0.144409 0.167969 0.248169
-0.223022 0.446289 1.016479 -0.077271 0.088623 0.271118
-0.274658 0.184082 1.082642 -0.216797 0.116211 0.034424
-0.383911 -0.088623 0.948364 -0.131592 0.075806 0.089355
-0.375488 0.126465 0.983398 -0.116455 0.055786 0.059082
-0.173462 0.164185 0.973999 -0.028076 -0.017334 0.035767
-0.311646 0.270386 0.980225 -0.015381 -0.020142 0.004395
-0.288940 0.253540 0.975586 -0.006470 -0.039185 -0.047852
-0.285645 0.309204 0.995972 -0.000366 -0.045166 -0.006104
-0.214233 0.205444 0.975342 -0.034180 -0.072388 -0.074951
-0.576782 0.602295 1.081787 -0.038940 -0.132080 -0.054688
-0.820923 0.686157 1.191528 -0.039185 -0.056519 -0.031860
-0.197754 0.242798 0.973633 -0.046265 -0.075928 -0.124023
-0.214722 0.109497 0.987915 -0.036865 -0.157593 -0.132568
-0.611450 0.372070 1.062988 -0.066040 -0.117798 -0.103149
0.253174 0.495605 0.904785 -0.025024 -0.102661 -0.086060
0.110474 0.320435 0.955566 -0.054688 -0.191772 -0.087036
-0.300415 -0.015381 0.926270 -0.088501 -0.161621 -0.151367
0.290283 0.272095 0.802612 -0.074951 -0.189819 -0.169922
0.313843 0.428223 0.944336 -0.030640 -0.202637 -0.117920
-1.162354 -0.003296 1.020996 -0.052246 -0.166626 -0.106079
0.110962 0.516724 0.982544 -0.051758 -0.168579 -0.081421
-0.110474 0.144775 0.945313 -0.049438 -0.090820 -0.069336
0.394531 0.007202 0.935303 -0.119995 -0.306030 -0.278442
-0.163330 0.264404 1.004761 -0.026611 -0.139893 -0.082764
-0.526245 0.338257 1.050537 -0.047974 0.000244 -0.005859
-0.576050 0.211426 0.985962 -0.053833 -0.102417 -0.185547
-0.371582 0.108032 1.003784 -0.014160 -0.003906 -0.004028
-0.233521 0.200562 1.005615 0.004883 -0.051270 -0.026489
-0.228271 0.205322 1.008911 -0.027832 -0.009277 -0.050415
-0.202759 0.206909 1.007935 -0.019653 -0.012695 -0.016846
-0.188110 0.206543 1.012573 -0.004883 -0.003052 0.025757
-0.156128 0.168945 1.016357 0.015747 0.017578 0.045166
-0.189941 0.142700 1.023193 0.050781 0.104736 0.052368
-0.104492 -0.003662 1.172119 0.138428 0.217163 0.148315
-0.094360 0.284546 1.093994 0.127930 0.317383 0.012329
-0.260620 0.374756 0.883667 0.105103 0.359985 -0.048462
-0.338623 0.262573 0.911011 0.063599 0.319946 -0.112427
-0.420044 0.242310 0.946167 0.090454 0.239868 -0.002197
-0.394409 0.173340 0.925659 0.088257 0.109375 0.021118
-0.382080 0.234985 0.934082 0.140747 0.027588 0.053711
-0.334473 0.290527 0.949463 0.139282 -0.048218 0.065308
-0.298340 0.325684 0.936768 0.114502 -0.103882 0.074951
-0.271729 0.267456 0.985229 0.085083 -0.128052 0.031860
-0.268555 0.343628 0.962891 0.043457 -0.143799 0.017822
-0.263672 0.305542 0.976929 0.016235 -0.152954 0.020996
-0.246704 0.291992 1.022583 0.028931 -0.160400 0.023560
-0.118042 0.336182 1.041504 0.017822 -0.102295 -0.037476
-0.171875 0.330322 0.979370 0.006104 -0.053345 0.011230
-0.216919 0.331299 0.981079 -0.009888 -0.013428 0.017944
-0.247681 0.326050 0.988159 -0.022705 -0.000366 0.032349
-0.258789 0.262207 0.988770 -0.021973 -0.002686 0.031616
-0.256226 0.285400 0.985352 -0.020630 -0.015137 0.035767
-0.249390 0.297241 0.989258 -0.015503 -0.022095 0.010864
-0.230469 0.294189 0.987549 -0.009399 -0.024170 0.025391
-0.223633 0.291626 0.981812 -0.000977 -0.013550 0.052246
-0.224121 0.325073 0.990479 -0.008789 -0.001953 0.057373
-0.232544 0.328125 0.982056 -0.033203 0.003662 0.034180
-0.245117 0.300293 0.983276 -0.015015 -0.000122 0.047607
-0.242920 0.308838 0.985718 -0.017090 -0.002930 0.032593
-0.204346 0.782715 1.037720 -0.087891 0.004272 -0.022461
-0.259033 0.430908 0.992188 0.016968 -0.008179 0.094116
-0.257935 0.186035 0.977539 -0.089355 0.006714 -0.000854
-0.315063 0.141968 0.980469 -0.164185 0.015259 -0.080200
-0.403198 0.553833 1.001099 -0.177368 0.022095 -0.043701
-0.196655 0.860718 1.020386 -0.067627 -0.013916 0.054932
-0.278931 0.426270 0.992920 -0.086426 0.002319 0.067993
-0.265625 -0.091187 0.946655 -0.221191 0.029175 -0.081055
-0.206787 0.784912 1.006958 -0.078857 0.015625 0.035522
-0.317505 0.038818 0.998657 -0.136353 0.029785 0.018188
-0.172607 0.303589 1.012817 -0.128906 0.023926 0.061890
-0.459839 0.592407 0.990845 -0.390991 0.018188 -0.195923
-0.091309 0.627686 1.042725 -0.009521 -0.006592 0.140747
-0.652344 -0.031616 1.019287 -0.243896 0.091431 -0.037598
-0.288208 0.465942 0.974609 -0.184937 0.019531 -0.021973
-0.227173 0.090210 1.000122 -0.077148 0.002075 0.015991
-0.133545 0.242310 0.996704 -0.129150 0.022095 -0.028320
-0.618530 -0.620239 1.068726 -0.305664 0.067871 -0.015503
-0.491089 -0.618042 1.035034 -0.418213 0.049194 -0.141479
0.018677 0.413330 0.948120 -0.152954 -0.024414 -0.030151
-0.206787 0.092773 0.991577 -0.037231 0.006714 0.053101
0.130493 -0.182373 0.960693 -0.273804 0.002075 -0.042358
-0.212646 -0.026123 0.907959 -0.240356 0.041138 0.017700
-0.193359 0.171143 1.046387 -0.278931 -0.060669 -0.109009
-0.182495 0.546509 1.021240 0.022949 -0.024536 0.140137
-0.096680 -0.088501 1.008179 -0.122925 -0.017212 0.008423
-0.296753 0.008057 1.011597 -0.112671 0.001465 0.031250
-0.168823 0.323120 1.025513 0.003174 0.001221 0.061157
-0.268921 0.200317 0.989868 -0.126831 0.005249 -0.068359
-0.288330 0.294678 1.019165 0.026855 -0.001465 0.094727
-0.250977 0.208740 1.012451 0.012573 -0.006836 0.005737
-0.264282 0.183716 1.011230 -0.003540 -0.008301 0.003784
-0.260620 0.176758 1.016724 -0.009521 -0.006958 -0.001953
-0.265137 0.162231 1.016846 -0.004883 -0.005127 0.031860
-0.268677 0.383301 1.003418 -0.059814 -0.001831 -0.002075
-0.249390 0.144409 1.014526 -0.018677 -0.007446 0.022949
-0.270752 0.194092 1.009155 -0.014526 -0.008179 -0.001221
-0.268555 0.164673 1.014404 -0.018677 -0.012939 -0.021118
-0.262573 0.142700 1.016235 -0.007446 -0.016602 -0.005615
-0.245361 0.165161 1.008423 -0.000244 -0.017822 0.019165
-0.250610 0.178589 1.014893 -0.007935 -0.012329 0.019775
-0.235107 0.167603 1.015259 -0.018311 -0.001221 0.016235
-0.246094 0.124756 1.013062 -0.014282 0.013062 0.031372
-0.337036 0.102417 1.018555 0.015625 -0.009766 0.062866
-0.292725 0.098755 1.022461 0.050903 -0.057983 0.115967
-0.136841 0.267334 1.076660 0.099609 -0.021362 0.116821
-0.052246 0.228760 1.099976 0.063232 0.101685 0.033813
-0.146606 0.299072 1.010376 0.025269 0.208618 -0.083862
-0.291382 0.266357 0.946655 -0.052368 0.226563 -0.115112
-0.415039 0.114136 0.941040 -0.077271 0.171753 -0.124756
-0.445068 0.095703 0.945679 -0.042480 0.073608 -0.067505
-0.395386 0.077393 0.976318 0.000000 -0.018433 -0.020630
-0.291504 0.161987 0.993164 0.039429 -0.066162 0.007446
-0.218750 0.214478 1.032349 0.033569 -0.052368 -0.007935
-0.226196 0.232178 1.018188 0.016968 -0.008179 -0.038696
-0.261230 0.183105 1.004883 0.004883 0.017090 -0.064209
-0.292236 0.144043 0.999878 0.032837 0.022949 -0.056641
-0.307495 0.138672 0.996460 0.059448 0.015137 -0.025513
-0.288452 0.148071 1.009521 0.102783 0.008911 0.003052
-0.276245 0.207153 0.990967 0.105835 0.013306 0.007935
-0.241577 0.218262 1.005371 0.096680 0.029907 -0.036133
-0.248169 0.190918 1.002197 0.122070 0.068726 -0.050415
-0.295532 0.210449 0.991943 0.151855 0.081177 -0.011230
-0.316528 0.147217 0.984741 0.180298 0.067749 0.061035
-0.325317 0.187622 0.984009 0.241943 0.054443 0.066895
-0.288330 0.233643 0.972778 0.256348 0.052734 0.041016
-0.302856 0.279175 0.967896 0.204712 0.059326 0.030640
-0.330688 0.298828 0.971558 0.142944 0.040894 0.010376
-0.333862 0.265625 0.951172 0.103760 0.013916 -0.013550
-0.310181 0.273071 0.969849 0.082275 0.002075 -0.015625
-0.303589 0.279541 0.997925 0.052368 -0.004272 0.011719
-0.327881 0.247192 0.981445 0.027954 -0.000488 -0.011963
-0.350708 0.247803 0.963745 0.034424 -0.013916 -0.031616
-0.358765 0.263306 0.964600 0.025879 -0.037842 -0.026611
