-0.289917 0.398682 0.926147 -0.007324 -0.020874 0.013916
-0.278931 0.414551 0.928223 -0.004395 -0.017212 0.030640
-0.281128 0.418823 0.927490 -0.007935 -0.015137 0.017944
-0.278687 0.414307 0.924805 -0.013306 -0.014160 0.011597
-0.272339 0.419312 0.925293 -0.015137 -0.010864 0.004395
-0.268677 0.413818 0.928223 -0.020630 -0.004150 0.005005
-0.287598 0.390747 0.933228 -0.011841 -0.004639 0.027100
-0.286011 0.404785 0.927002 -0.005249 -0.009521 0.038696
-0.281006 0.405518 0.929810 -0.000244 -0.012695 0.041626
-0.274536 0.408936 0.924194 0.003296 -0.010742 0.050049
-0.274536 0.405762 0.929321 0.004883 -0.010498 0.076172
-0.269897 0.427734 0.932129 -0.003174 -0.005615 0.081299
-0.302124 0.396362 0.931030 -0.030151 0.003540 0.052979
-0.309082 0.443481 0.927612 -0.060181 0.012939 0.018188
-0.512207 0.137085 0.911865 -0.051636 -0.003418 0.027466
-0.258545 0.457520 0.927612 -0.000610 -0.011841 0.088989
-0.245728 0.454102 0.932007 -0.036865 0.009155 0.016357
-0.246826 0.453369 0.938721 -0.060303 0.031128 0.002808
-0.343994 0.428223 0.950562 -0.107300 0.072998 0.017578
-0.219849 0.380981 0.925293 0.012817 0.015991 0.191650
-0.658936 -0.425171 0.919067 -0.083130 0.025024 0.048950
-0.163452 0.262329 0.893311 -0.025513 0.028076 0.123901
0.041992 0.804077 0.904053 -0.121704 0.064819 0.017212
-0.292603 0.438599 0.945923 0.032471 -0.014526 0.182251
0.005981 0.590210 0.876587 -0.053955 0.059326 0.162598
-0.361206 0.624146 1.032349 -0.233765 0.158203 0.045044
0.280151 1.038208 0.794434 -0.143555 0.151855 0.144165
0.031738 0.733398 0.932007 0.001831 -0.006104 0.194702
-0.176514 0.637573 0.929932 -0.102417 0.044189 0.000854
-0.248047 0.360352 0.927979 -0.030273 0.007935 0.085205
-0.146851 0.653442 0.935547 -0.129883 0.046631 -0.006958
-0.223755 0.636230 0.927246 -0.184082 0.102051 -0.094116
-0.116333 0.489502 0.923584 0.023071 -0.038452 0.129150
-0.199829 0.445557 0.925293 0.002686 -0.016724 0.074463
-0.234863 0.421753 0.929077 -0.017456 0.006226 0.033813
-0.279419 0.404541 0.926758 -0.034912 0.011841 -0.015137
-0.295410 0.393555 0.938965 -0.040161 0.001587 -0.044189
-0.265259 0.382080 0.933838 -0.034546 -0.001831 -0.033813
-0.267456 0.397949 0.937256 -0.042358 -0.002563 -0.041504
-0.278442 0.380737 0.934692 -0.049683 -0.005005 -0.045776
-0.280151 0.373657 0.929565 -0.040527 -0.007446 0.019043
-0.268188 0.377930 0.942505 -0.032471 -0.008057 0.051880
-0.258789 0.425049 0.923584 -0.052002 -0.036743 -0.001099
-1.005859 0.582153 1.047852 -0.135864 -0.241699 -0.154053
-0.278687 0.318481 0.923096 -0.058594 0.036255 0.036255
-0.710083 0.546509 1.144287 -0.147339 -0.180298 -0.112305
-0.075317 0.293945 0.890747 -0.038452 0.050903 0.044434
-0.512817 0.402100 1.036987 -0.073120 -0.089478 -0.094971
-0.025513 -0.051636 0.848999 -0.066406 -0.173828 -0.128906
-0.439575 0.397339 0.985596 -0.054932 -0.087524 -0.077148
0.127808 0.429199 0.831909 -0.067627 -0.015015 -0.093628
-0.239380 0.318481 0.940674 -0.054321 -0.015381 -0.073853
-0.371094 0.430908 1.028687 -0.068237 -0.076538 -0.052368
-0.435303 0.287354 1.122925 -0.080688 -0.104858 -0.057495
-0.140625 0.330566 0.800415 -0.065186 -0.124146 -0.060669
0.349243 0.324097 0.851440 -0.067993 0.049316 -0.013184
-0.491943 0.422485 1.090454 -0.078735 -0.061523 -0.028687
0.546753 0.057861 0.744507 -0.060547 0.018799 -0.017822
-0.454102 0.417725 0.993774 -0.067139 -0.066772 -0.008057
-0.275757 0.348267 0.954956 -0.031738 -0.009888 0.034424
-0.248535 0.324097 0.964600 -0.013062 -0.009888 -0.000732
-0.257935 0.291382 0.959839 0.011230 0.000610 -0.020508
-0.225708 0.303833 0.965210 0.057251 0.009399 -0.085571
-0.188843 -0.022827 1.075439 0.189331 0.050415 -0.083008
-0.067139 0.584595 1.147339 0.275513 0.305908 -0.100464
-0.263428 0.511841 0.872192 0.173706 0.353149 -0.232056
-0.433838 0.295166 0.788818 0.151611 0.257935 -0.154297
-0.491821 0.336914 0.830688 0.150391 0.127441 -0.110718
-0.529053 0.280518 0.837524 0.159058 0.000366 0.067505
-0.400879 0.368286 0.882690 0.137451 -0.080200 0.176758
-0.303223 0.369995 0.927246 0.148315 -0.110229 0.212280
-0.260498 0.427856 0.944946 0.092529 -0.126709 0.161987
-0.221191 0.448242 0.953125 0.062012 -0.092163 0.098511
-0.256592 0.451904 0.959229 0.059692 -0.057617 0.054565
-0.265381 0.411621 0.931396 0.034546 -0.048950 -0.004028
-0.343506 0.424072 0.898193 0.011108 -0.075073 -0.024414
-0.336670 0.376587 0.904419 0.022217 -0.106201 0.006714
-0.345337 0.424683 0.872925 0.007568 -0.151978 0.017944
-0.297485 0.443726 0.909668 0.003784 -0.206421 0.060059
-0.222778 0.383545 0.985596 0.014282 -0.188965 0.061890
-0.181152 0.608643 0.930298 -0.002075 -0.102539 -0.011963
-0.168213 0.488281 0.934082 -0.013306 -0.010498 0.003662
-0.229980 0.422363 0.928955 -0.030884 0.027710 0.035767
-0.302368 0.408569 0.932983 -0.036255 0.013428 -0.014282
-0.299805 0.379272 0.931274 -0.015869 -0.019897 0.021851
-0.251953 0.403564 0.930176 -0.004761 -0.027832 0.056763
-0.249878 0.436646 0.925293 -0.018799 -0.018433 0.043335
-0.229980 0.438965 0.930908 -0.025146 -0.004639 0.022095
-0.258789 0.463135 0.934448 -0.051880 0.008057 -0.015137
-0.261230 0.445313 0.932007 -0.027466 -0.003662 0.019531
-0.427612 0.109131 0.892334 -0.037231 -0.012451 -0.002319
-0.246582 0.432251 0.933716 -0.008789 -0.013306 0.050415
-0.217407 0.519897 0.954956 -0.050171 0.006714 0.010742
-0.168213 0.398926 0.929077 -0.094238 0.015015 -0.010254
-0.248413 0.523560 0.970825 -0.079956 0.013306 0.038940
-0.538818 -0.275635 0.916504 -0.071655 -0.003540 0.097656
-0.276001 0.245972 0.911499 -0.138428 0.040527 0.074951
-0.127197 0.534058 0.976196 -0.037231 -0.005981 0.164429
-0.427734 -0.262573 0.855469 -0.054321 -0.015625 0.069214
-0.173218 0.693115 0.960938 -0.090576 0.006592 0.007935
-0.259399 -0.087646 0.910889 0.001221 -0.010010 0.069092
-0.368652 0.167236 0.956543 -0.145752 0.050903 -0.107300
-0.245728 0.444092 0.951172 0.012939 -0.016479 0.112915
-0.368408 0.775391 1.022583 -0.298340 0.096436 -0.269165
-0.320923 0.284668 0.937256 -0.019409 -0.014282 0.096191
-0.015991 1.027344 0.917725 -0.243530 0.066162 -0.131958
-0.146118 0.478638 0.955200 0.004517 0.001343 0.156006
-0.153320 0.483643 0.952271 0.004028 0.008301 0.146851
-0.640015 -0.112061 0.958740 -0.020752 0.002075 0.091919
-0.268921 0.359009 0.950317 0.012695 -0.011108 0.144409
-0.204468 0.473999 0.978027 -0.052246 0.019043 0.015869
-0.902954 -0.650146 1.018921 -0.218140 0.020142 -0.237427
-0.204834 0.425049 0.932129 0.021362 -0.025024 0.160522
-0.240967 0.600708 0.985474 -0.120972 0.034546 -0.023071
-0.258423 0.493286 0.957275 -0.144531 0.037231 -0.037720
-0.159424 0.945801 0.925659 -0.152954 0.040405 -0.005371
-0.235596 0.594849 0.967896 -0.032959 0.011963 0.097778
-0.241577 0.356079 0.956909 -0.095215 0.029175 -0.007690
0.040161 0.605103 0.948608 -0.152954 0.076660 -0.021118
-0.249756 -0.083862 0.949097 -0.109253 0.049927 0.094604
-0.352661 0.055908 0.980713 -0.054810 -0.007935 0.244751
-0.520386 -0.540405 0.999268 -0.172363 0.014526 0.077393
-0.465820 0.453003 0.955566 -0.086548 0.003906 0.110596
-0.680786 0.312500 1.031128 -0.205200 0.019775 -0.074219
-0.523193 0.893066 0.959839 -0.255249 0.001099 -0.124268
-0.229370 0.563599 0.975342 -0.023315 0.000366 0.110840
-0.259399 0.371460 0.968140 -0.036987 0.010620 0.047974
-0.394653 -0.087158 0.947876 -0.029053 -0.022705 0.022705
-0.251465 0.266235 0.958496 -0.045898 -0.005127 0.015747
-0.285034 0.298828 0.959839 -0.026245 -0.002441 0.020996
-0.272339 0.336426 0.958374 -0.018921 -0.002075 0.018311
-0.269775 0.320190 0.963257 -0.021118 -0.001099 -0.005615
-0.272827 0.310669 0.965210 -0.016602 -0.001709 0.012939
-0.273560 0.320923 0.973267 -0.011841 -0.004272 0.042725
-0.251953 0.377930 0.980347 -0.036011 0.004639 0.033081
-0.418091 -0.335938 0.951050 0.032837 -0.039307 0.106567
-0.194702 0.326660 0.967041 0.000244 -0.009766 0.040405
-0.254517 0.319824 0.966064 -0.027344 0.002075 -0.037354
-0.281860 0.299316 0.976074 -0.024658 0.002930 -0.038574
-0.286987 0.310425 0.967529 -0.015747 -0.005737 -0.015137
-0.278320 0.327271 0.965942 -0.010010 -0.009888 0.010986
-0.264160 0.334717 0.966797 -0.018921 -0.005859 -0.011963
-0.269653 0.324829 0.973022 -0.020874 -0.001709 -0.015991
-0.282593 0.326294 0.970947 -0.022583 -0.003296 -0.039307
-0.282837 0.313965 0.967163 -0.019287 -0.009399 -0.045288
-0.264038 0.317383 0.966064 -0.022461 -0.009155 -0.033813
-0.271118 0.327271 0.968750 -0.014282 -0.006470 0.006836
-0.276001 0.327515 0.967651 -0.020386 -0.001465 -0.011597
-0.286621 0.312500 0.970093 -0.020264 -0.002808 -0.016357
-0.286621 0.307617 0.963623 -0.012451 -0.007690 0.011719
