-0.336304 0.229858 0.963257 -0.026855 -0.007324 -0.020996
-0.343994 0.206543 0.966309 -0.017944 -0.005371 -0.004517
-0.350464 0.209106 0.963867 -0.005127 -0.009277 0.005615
-0.352661 0.231201 0.963745 0.002075 -0.012085 0.017090
-0.341431 0.246826 0.965210 -0.006226 -0.011475 0.011353
-0.348755 0.236084 0.963867 -0.013550 -0.014038 -0.000854
-0.347656 0.224731 0.970703 -0.010254 -0.016357 -0.004883
-0.328979 0.237061 0.967041 -0.010742 -0.011963 0.004639
-0.328857 0.234985 0.965820 -0.013428 -0.002319 0.011719
-0.342407 0.238525 0.967773 -0.015869 0.002930 0.009644
-0.355591 0.220581 0.966187 -0.015747 -0.000854 0.007324
-0.338135 0.232544 0.971436 -0.013428 -0.008057 0.005371
-0.330200 0.253296 0.962891 -0.021240 -0.003540 -0.009155
-0.341797 0.222046 0.964111 -0.027466 0.002808 -0.013062
-0.351929 0.224243 0.972656 -0.019531 0.002319 0.005615
-0.350952 0.249268 0.972778 -0.018799 0.001221 0.013916
-0.332642 0.085083 0.961426 -0.049316 0.001953 -0.005127
-0.343628 0.203491 0.971313 0.005981 -0.001099 0.060669
-0.327759 0.258911 0.965332 0.001465 0.006348 0.076050
-0.410034 0.210205 0.979858 -0.080566 0.029297 0.016602
-0.378784 0.291260 0.964600 0.029297 0.000610 0.112549
-0.228760 -0.064331 0.936646 -0.066162 -0.002319 0.055908
-0.271851 0.366211 0.962891 0.016113 0.011597 0.134155
-0.421631 0.537109 0.930664 -0.192749 0.094116 0.026245
-0.274414 -0.010376 0.950806 -0.167236 0.063965 0.058350
-0.134644 0.388428 0.987915 -0.115234 0.043457 0.082642
-0.378662 0.272583 1.014771 -0.125122 0.099365 0.123535
-0.209351 0.353882 0.720825 -0.316162 0.108765 -0.004761
-0.273926 -0.186401 0.933838 -0.153931 0.097656 0.165161
-0.768188 -0.463623 1.088257 -0.326660 0.085205 -0.004517
-0.430664 -0.317749 1.037842 -0.184082 0.058838 0.103149
-0.369751 0.430054 0.961670 0.014893 0.012573 0.200073
-0.345459 0.368286 0.979126 -0.046875 0.015259 0.121948
-0.318359 -0.033813 0.951904 -0.076782 0.004028 0.029175
-0.394287 0.219116 0.974243 -0.022949 -0.004272 0.087036
-0.399536 0.184937 0.973877 -0.027222 -0.031738 0.036621
-0.369751 0.191650 0.969727 -0.015381 -0.052979 0.055908
-0.405518 0.212036 1.012085 -0.008179 -0.069824 0.046387
-0.525757 0.178589 0.923218 -0.023682 -0.135620 -0.055298
-1.279541 -0.173584 0.962646 -0.055786 -0.091064 -0.117310
-0.386108 0.233765 0.943604 -0.040405 -0.105591 -0.128784
-0.299927 0.424805 1.060791 -0.023193 -0.144287 -0.192139
-0.780640 -0.104858 1.042480 -0.089844 -0.115723 -0.137939
-1.060547 0.012207 1.112549 -0.058105 -0.032959 0.042236
0.061279 0.110840 0.925049 -0.048218 -0.171021 0.022949
0.402100 0.299438 0.930664 -0.031860 -0.148438 0.014526
-0.675293 0.086792 1.237305 -0.118652 -0.090820 -0.134155
-1.043701 -0.118530 1.107910 -0.059814 -0.057373 -0.113281
-0.215698 0.083496 0.920410 -0.008667 -0.101563 -0.015747
-0.452271 0.281616 0.998413 0.042603 -0.192261 0.083862
-0.429932 0.176025 0.986206 -0.055054 -0.076538 0.053711
-0.356201 0.194824 0.987305 -0.068970 -0.065430 0.042603
-0.308594 0.133179 0.998657 -0.050171 -0.021606 0.066772
-0.275146 0.141235 0.995728 -0.017456 0.000122 0.128540
-0.221680 0.146606 1.000244 0.002686 0.037720 0.131226
-0.022217 0.118042 1.195190 0.094482 0.119751 0.149902
-0.130005 0.069702 1.105103 0.122803 0.359497 -0.074341
-0.365479 0.336914 0.907715 0.170166 0.411133 -0.036987
-0.478394 0.169434 0.844604 0.111816 0.324463 0.044434
-0.436401 0.160278 0.941284 0.128418 0.232666 0.064453
-0.455933 0.203125 0.893433 0.175293 0.188110 0.009644
-0.467163 0.229614 0.887573 0.190796 0.107544 -0.001465
-0.421509 0.241821 0.921143 0.139160 0.021851 0.046997
-0.358643 0.225098 0.964478 0.139893 -0.027832 0.063721
-0.332642 0.255127 0.979858 0.118408 -0.035522 0.056030
-0.316772 0.258179 0.988037 0.100464 -0.008545 0.061279
-0.359131 0.240967 0.965698 0.110352 0.008911 0.038330
-0.402344 0.263428 0.943359 0.081909 -0.029663 -0.005615
-0.392456 0.242554 0.945313 0.038452 -0.077148 -0.020874
-0.376221 0.293457 0.938477 0.028320 -0.111206 -0.004272
-0.366333 0.291260 0.945923 -0.018677 -0.126465 -0.018921
-0.341797 0.267700 0.954346 -0.042358 -0.131470 -0.023804
-0.350708 0.223755 0.957886 -0.048462 -0.133057 -0.025269
0.001465 -0.006836 1.598877 -0.041260 -0.134644 0.040161
-0.226074 0.270752 0.950073 -0.000122 -0.060913 0.019409
-0.305054 0.335449 0.963745 -0.031006 -0.013550 -0.013184
-0.344360 0.263672 0.969849 -0.054565 0.002319 -0.023315
-0.353760 0.211792 0.958740 -0.037842 -0.003052 -0.006836
-0.339600 0.235474 0.964844 -0.017090 -0.012207 0.015991
-0.330688 0.263062 0.963013 -0.026001 -0.014160 0.037109
-0.346069 0.290039 0.963379 -0.030884 -0.013428 0.017212
-0.337280 0.246948 0.965332 -0.061401 -0.021606 -0.039551
-0.407104 0.542847 1.072021 -0.045044 -0.020020 -0.008301
-0.284058 0.050781 0.904907 -0.151123 -0.044678 -0.064209
-0.338745 0.262695 0.972168 -0.006470 -0.011597 0.099487
-0.358398 0.623169 0.985352 -0.097778 -0.028687 -0.011475
-0.376221 0.418091 1.002686 -0.027954 -0.008545 0.064697
-0.331787 0.206299 0.945068 -0.175171 -0.046875 -0.095825
-0.427979 0.817017 0.999512 -0.076172 -0.020020 0.026001
-0.339355 0.141724 0.976196 -0.125854 -0.007690 -0.021851
-0.230835 -0.142456 0.931396 -0.139648 -0.012207 0.009766
-0.261230 0.218140 0.951050 -0.210449 -0.029419 -0.061401
-0.331177 0.185913 0.997314 -0.055054 -0.006714 0.150024
-0.212402 0.017090 0.926636 -0.202759 -0.046631 0.002441
-0.203979 0.113525 0.991211 -0.156006 -0.048706 0.011841
-0.288452 0.496582 0.937500 -0.167236 -0.030762 -0.041382
-0.024292 -1.540894 0.887573 -0.326294 -0.042236 -0.157959
-0.596069 1.588379 1.038086 -0.056763 -0.014893 0.069580
-0.616211 0.243408 0.945923 -0.372681 -0.029053 -0.264526
-0.440674 0.522705 1.006104 0.108521 -0.003540 0.211670
-0.681641 -0.602417 1.113525 -0.353882 -0.011230 -0.232910
-0.402832 0.123047 1.044189 -0.051880 -0.022095 0.045288
-0.559692 0.408081 1.007324 -0.215332 -0.021240 -0.099487
-0.183838 0.211914 0.975830 -0.016235 -0.030518 0.126831
-0.342773 0.249023 1.002319 -0.254883 -0.041260 -0.073242
-0.199097 -0.111938 1.001587 -0.067383 -0.027832 0.156738
-0.358032 -0.390259 1.011597 -0.271118 -0.051636 0.030273
-0.518188 0.188965 0.952026 -0.251099 -0.036377 0.026489
-0.442017 0.597046 0.994629 -0.122559 -0.034546 0.034058
-0.468140 -0.282715 1.054199 -0.164307 -0.004272 0.002930
-0.302368 0.013062 0.997803 -0.031982 -0.006348 0.077148
-0.315918 0.086792 1.002808 -0.017578 -0.009766 0.014893
-0.308594 0.113159 1.004883 -0.003540 -0.012939 0.003296
-0.296631 0.114624 0.998657 -0.009766 -0.008911 -0.011108
-0.304321 0.096680 1.002441 -0.012329 0.000854 0.020020
-0.316040 0.104248 1.001465 -0.007690 0.003418 0.035278
-0.313599 0.101196 1.004517 -0.008179 0.002075 0.037354
-0.324219 0.095703 1.000000 -0.002808 -0.002441 0.037964
-0.314209 0.125488 1.000122 -0.000366 -0.006958 0.043579
-0.302734 0.112549 1.001953 -0.011963 -0.005127 0.013550
-0.308228 0.098267 1.000732 -0.014282 -0.002075 0.009766
-0.318481 0.091553 1.001709 -0.011597 0.000366 0.023193
-0.320923 0.111938 1.004395 -0.002441 -0.003540 0.039551
-0.316650 0.118042 0.999023 -0.006714 -0.010132 0.024780
-0.303589 0.115112 1.000244 -0.008789 -0.006836 0.023926
-0.317017 0.107666 1.001343 -0.009155 -0.005737 0.025879
-0.316040 0.109741 1.001709 -0.008545 -0.007935 0.013916
-0.313721 0.119751 1.002930 -0.008545 -0.009399 0.013672
-0.307739 0.111328 1.000366 -0.010864 -0.008423 0.011230
-0.313232 0.098999 1.001343 -0.009521 -0.004028 0.020386
-0.323730 0.118164 1.008057 -0.005859 -0.009521 0.020508
-0.308960 0.115479 1.002930 -0.009155 -0.015015 0.003296
-0.303467 0.116089 0.999756 -0.014526 -0.011475 -0.008667
-0.309570 0.099854 1.004150 -0.013062 -0.009155 -0.002563
-0.314087 0.112793 1.002441 -0.006958 -0.007446 0.013184
-0.308716 0.106934 1.003662 -0.006470 -0.004395 0.030396
-0.314209 0.129150 1.000610 -0.009277 -0.006226 0.019897
-0.313232 0.120239 1.007080 -0.017090 -0.008667 0.005615
-0.312012 0.115112 1.004150 -0.017700 -0.008789 0.009644
-0.305908 0.114868 0.999634 -0.020630 -0.009277 0.015015
-0.312134 0.108276 1.002319 -0.015869 -0.004761 0.032593
-0.313843 0.120361 1.005493 -0.016113 -0.006714 0.011475
-0.307495 0.109497 1.002197 -0.017578 -0.004395 -0.002441
-0.321289 0.111450 1.004883 -0.014404 -0.006592 0.002197
-0.310913 0.109375 1.004761 -0.011353 -0.008179 0.000854
-0.306152 0.119019 1.001343 -0.012085 -0.006470 0.006714
-0.319580 0.116211 0.994385 -0.013306 -0.007568 0.018433
-0.312744 0.114502 1.006836 -0.015259 -0.010498 0.008301
-0.307129 0.106812 1.006104 -0.013184 -0.008789 0.013184
-0.304688 0.119385 1.002686 -0.008057 -0.007202 0.019409
