-0.213379 0.451294 0.931274 -0.014160 -0.010498 0.014282
-0.218628 0.446289 0.930054 -0.016602 -0.006470 0.017822
-0.217529 0.445435 0.927246 -0.017578 -0.004028 0.010010
-0.231567 0.443848 0.931152 -0.014404 -0.004639 0.002808
-0.221680 0.441895 0.927368 -0.010376 -0.008545 0.005249
-0.218628 0.438965 0.925781 -0.007935 -0.009033 0.010864
-0.215088 0.454346 0.928101 -0.007935 -0.008423 0.017700
-0.216797 0.446411 0.931519 -0.010498 -0.003906 0.016235
-0.217163 0.446655 0.928467 -0.010742 -0.002075 0.047363
-0.199219 0.484009 0.939209 -0.018799 0.004883 0.055786
-0.315552 0.213989 0.935913 -0.123413 0.047607 -0.074951
-0.201050 0.378296 0.915771 -0.021484 0.003296 0.033691
-0.215332 0.448364 0.932251 -0.007935 -0.002808 0.035034
-0.209961 0.447876 0.936523 -0.017944 0.000977 0.029419
-0.493408 0.113770 1.022583 -0.225586 0.141357 -0.132813
-0.181396 0.580444 0.934448 0.049927 -0.042725 0.145264
-0.162476 0.555542 0.933228 -0.017212 0.007935 0.060669
-0.477905 0.171875 0.864990 -0.274902 0.198608 -0.210693
-0.136597 0.371338 0.932373 0.023682 -0.015381 0.179077
-0.405640 0.194824 0.970825 -0.118652 0.045288 0.060303
-0.189575 0.049683 0.848755 0.003174 0.010132 0.186523
-0.105957 0.336670 0.878662 -0.125488 0.077881 0.060669
-0.248413 0.263062 0.924438 -0.068726 0.026123 0.114868
-0.059937 0.717529 0.954834 -0.129761 0.082031 0.070068
-0.232910 0.411255 0.916504 -0.057617 0.028198 0.132690
-0.647095 -0.333618 0.921021 -0.033691 0.009766 0.117432
-0.374512 0.379028 0.948730 -0.072266 0.052002 0.090576
-0.151978 0.532471 0.927612 -0.140869 0.068481 -0.040527
-0.375000 0.361328 0.969849 -0.086426 -0.002197 -0.027832
-0.236084 0.464478 0.939575 -0.018555 -0.016235 0.018799
-0.212280 0.449707 0.941040 -0.044922 0.009766 -0.032959
-0.258057 0.409424 0.943970 -0.052368 0.011719 -0.037964
-0.283813 0.394775 0.943726 -0.044434 -0.009033 -0.002686
-0.263184 0.388672 0.943359 -0.026611 -0.015747 0.036743
-0.210205 0.375000 0.947754 -0.028442 -0.013550 0.025146
-0.244263 0.400269 0.951172 -0.032227 -0.012939 0.015503
-0.438843 0.499268 1.082031 -0.062500 -0.097290 0.013184
-0.306519 0.399536 1.073486 -0.074463 -0.082031 0.015015
-0.594604 0.329102 0.934082 -0.038452 -0.044067 0.035645
0.042725 0.270020 0.924316 -0.028442 -0.103394 0.010376
-0.300781 0.384644 0.958740 -0.061646 -0.021729 -0.026978
-0.320557 0.354370 0.964844 -0.043457 -0.055298 -0.027710
-0.426636 0.425659 1.012939 -0.033203 -0.135986 -0.008057
-0.354004 0.278076 0.984741 -0.045654 -0.020142 -0.005127
-0.293335 0.345947 0.973511 -0.035400 -0.044556 0.011719
0.178101 0.073730 0.868652 -0.025024 -0.014404 0.010620
-0.487915 0.462402 1.079346 -0.060425 -0.127441 -0.022217
-0.740479 0.535645 1.094482 -0.068970 -0.165649 0.003784
-0.324707 0.183838 0.931641 -0.015015 -0.103027 0.032715
-0.266357 0.245972 0.971313 -0.024048 -0.046143 0.099121
-0.060791 0.326782 0.925049 -0.015747 -0.044678 0.093872
-0.588013 0.554443 1.033813 -0.041504 -0.149902 0.032959
-0.033691 0.328613 0.944702 0.009521 -0.021729 0.111938
-0.204468 0.389038 0.965210 0.012085 -0.006104 0.133911
-0.223999 0.423462 0.970581 -0.002930 -0.033203 0.101196
-0.100586 0.389404 0.944092 -0.022949 -0.045288 0.035522
-0.171509 0.375854 0.956909 -0.012817 0.012451 0.003174
-0.234497 0.266968 0.967773 0.025391 0.015259 -0.010132
-0.250732 0.257080 0.974854 0.110596 -0.002075 -0.039063
-0.183105 0.207642 1.106689 0.230957 0.083008 -0.004150
-0.091064 0.485229 0.976807 0.268311 0.133057 0.049805
-0.167358 0.502808 0.894897 0.183472 0.138306 -0.015137
-0.181030 0.502441 0.947754 0.184082 0.154053 -0.045410
-0.285889 0.475708 0.872803 0.159546 0.128296 -0.071777
-0.350098 0.474854 0.845459 0.104614 0.033813 -0.037354
-0.307251 0.422974 0.900635 0.087769 -0.033081 0.024170
-0.260864 0.452759 0.916504 0.071899 -0.058472 0.029297
-0.206299 0.467651 0.937744 0.047241 -0.060425 0.013916
-0.163330 0.465210 0.974243 0.035278 -0.039795 -0.004517
-0.179565 0.471069 0.934814 0.034790 -0.027222 -0.026367
-0.192505 0.542480 0.901489 0.013916 -0.025391 -0.038452
-0.224121 0.448486 0.928223 -0.021240 -0.037109 -0.100464
-0.196655 0.400879 0.962402 0.013794 -0.042847 -0.038696
-0.228760 0.517090 0.921021 -0.002686 -0.047852 -0.044189
-0.232544 0.446899 0.915649 -0.031738 -0.058960 -0.039185
-0.224487 0.434082 0.923218 -0.024292 -0.075073 -0.018066
-0.205200 0.435547 0.912354 -0.016968 -0.095825 -0.010742
-0.258789 0.476685 0.946045 0.014038 -0.124512 -0.026123
-0.153564 0.608154 0.956543 0.027466 -0.070679 -0.038940
-0.173462 0.520386 0.943481 -0.010864 -0.025635 -0.005249
-0.167603 0.466064 0.926147 -0.015625 -0.004150 0.038452
-0.189575 0.475464 0.935059 -0.031128 0.007568 0.007568
-0.214478 0.442383 0.937744 -0.028931 0.003296 0.014526
-0.207886 0.398682 0.934082 -0.012329 -0.006714 0.060547
-0.183350 0.474121 0.929565 -0.013062 -0.013550 0.065918
-0.177856 0.471802 0.930420 -0.019897 -0.001953 0.028198
-0.211182 0.461670 0.931396 -0.027344 0.000854 0.024780
-0.203125 0.465942 0.930054 -0.029053 0.004517 0.024536
-0.179199 0.439697 0.934448 -0.034790 0.004272 0.016235
-0.197510 0.459351 0.933838 -0.034668 -0.000610 0.035645
-0.187744 0.463379 0.937622 -0.043213 0.010742 0.037964
-0.217896 0.447144 0.936768 -0.096924 0.045654 -0.027344
-0.191895 0.452759 0.940552 -0.102783 0.020630 -0.055786
-0.185303 0.545410 0.947021 -0.048584 0.010254 0.001099
-0.440430 0.209717 0.971680 -0.165039 0.021606 -0.133423
-0.217896 0.518799 0.960938 -0.044678 0.001709 0.012573
-0.207031 0.436523 0.931274 -0.082642 0.017700 -0.038330
-0.133179 0.586792 0.981934 -0.102417 0.038940 -0.058350
-0.201294 -0.155518 0.891357 -0.026367 -0.003174 0.075317
-0.182861 0.334961 0.989014 -0.120728 0.033447 -0.026489
-0.021729 0.517578 0.941650 -0.180176 0.062256 -0.088867
-0.261841 0.428589 0.970825 -0.132568 0.018677 -0.047241
-0.250732 0.260620 0.927246 -0.000977 -0.013916 0.122925
-0.083252 0.797485 0.994141 -0.137695 0.038208 -0.021362
-0.242676 0.373657 0.944458 -0.102905 0.028442 0.002441
-0.074707 0.446045 0.914307 -0.264526 0.066040 -0.110962
-0.248047 0.444092 0.972412 -0.003052 -0.007324 0.157227
-0.552612 0.081909 0.950073 -0.262573 0.048096 -0.156738
-0.068726 0.629272 0.997559 -0.089844 0.031250 0.067627
0.090454 1.093262 0.907959 -0.219849 0.056519 -0.028442
-0.040771 0.437256 0.955078 -0.160400 0.068604 0.059937
-0.148071 0.830811 1.048584 -0.224731 0.037964 0.007813
-0.456543 0.269897 0.963745 -0.114502 0.014893 0.065796
-0.048706 0.705566 0.984375 -0.082642 0.036377 0.088135
-0.086304 0.005005 0.879028 -0.224976 0.105957 -0.066284
-0.337158 0.409546 0.990234 -0.124634 0.029785 0.054077
-0.112915 0.448486 0.961426 -0.055786 0.028809 0.120361
-0.185791 0.167969 0.948242 -0.106445 0.018433 0.053223
-0.247314 0.457764 0.998779 -0.140747 0.039307 0.029297
-0.131104 0.075317 0.912964 -0.048828 0.015259 0.130371
-0.114746 0.510010 0.963135 -0.162231 0.054321 -0.017334
-0.157349 0.215454 0.955811 -0.097656 0.030273 0.077515
-0.144043 0.388306 0.963135 -0.038330 0.018555 0.120605
-0.206055 0.416748 0.981934 -0.087036 0.036255 0.021362
-0.244019 -0.066650 0.936035 -0.030396 -0.001221 0.125000
0.179443 1.298096 0.851196 -0.262329 0.086426 -0.101074
-0.259888 0.350952 0.987793 -0.025757 -0.007202 0.067261
-0.491333 -0.375977 0.958740 -0.028564 -0.003662 0.001709
-0.192627 0.294312 0.976685 -0.014160 0.001343 0.000000
-0.256226 0.303467 0.984497 -0.017700 -0.003296 -0.030762
-0.248779 0.294434 0.981201 -0.008545 -0.006470 0.004150
-0.223511 0.318115 0.977173 -0.000732 -0.004639 0.028687
-0.234131 0.300903 0.978394 -0.003418 -0.000610 0.030273
-0.250244 0.333374 0.982544 -0.011108 -0.000854 -0.000488
-0.236450 0.319702 0.977173 -0.011475 -0.002686 -0.007935
-0.249268 0.319580 0.980347 -0.013794 -0.004028 -0.000244
-0.230713 0.320923 0.979004 -0.015381 -0.003784 -0.005005
-0.245728 0.304688 0.978394 -0.014893 -0.004028 0.000244
-0.251099 0.319336 0.982178 -0.006836 -0.007080 0.015503
-0.233398 0.332520 0.983643 -0.012817 -0.004272 0.011230
-0.246216 0.328491 0.985962 -0.014526 -0.002197 -0.003540
-0.249268 0.317993 0.975464 -0.019409 -0.003296 -0.016113
-0.244873 0.286743 0.976929 -0.015747 -0.005005 -0.010742
-0.243042 0.324097 0.979614 -0.017090 -0.006714 0.006592
-0.239624 0.321899 0.984619 -0.019897 -0.003662 0.000122
-0.242432 0.312866 0.981201 -0.018188 -0.004517 0.001709
-0.251709 0.310425 0.978027 -0.017212 -0.006348 -0.004272
-0.239624 0.315430 0.976440 -0.016235 -0.006836 0.004272
-0.243652 0.313232 0.977051 -0.013794 -0.006470 0.007568
-0.240723 0.310059 0.975220 -0.016846 -0.005615 -0.008301
