-0.317139 0.385498 0.937866 -0.013550 -0.012085 0.005859
-0.308960 0.366455 0.933960 -0.017090 -0.010254 -0.007813
-0.316162 0.354858 0.934082 -0.015259 -0.008301 -0.006592
-0.326416 0.354370 0.936279 -0.007813 -0.010254 0.005005
-0.327759 0.354492 0.933350 0.000977 -0.011841 0.022461
-0.304932 0.382324 0.930176 0.007813 -0.014160 0.032471
-0.306519 0.376953 0.936890 0.001099 -0.010742 0.029175
-0.298950 0.375122 0.933472 -0.006348 -0.004272 0.026978
-0.304688 0.373413 0.932373 -0.011475 0.004395 0.029175
-0.313721 0.355103 0.939819 -0.014771 0.009766 0.035400
-0.309814 0.352051 0.932983 -0.007935 0.011841 0.079590
-0.248779 0.418091 0.935059 0.001587 0.015381 0.120361
-0.297852 0.535400 0.970459 -0.086426 0.073120 0.089355
-0.361450 0.368896 0.953735 -0.067993 0.063110 0.085205
-0.114868 0.861694 0.920898 -0.069580 0.068970 0.073120
-0.549683 0.713867 0.938965 -0.127441 0.127930 0.055298
0.015015 0.755249 0.914673 -0.013306 0.034790 0.201294
-0.488525 0.660278 1.014160 -0.131348 0.146484 0.115234
0.032104 0.347534 0.849609 -0.017090 -0.009033 0.247803
-0.394409 0.051880 0.965942 -0.198730 0.166138 0.038086
0.125732 0.422852 0.765137 0.000000 0.000000 0.000000
0.000000 0.000000 0.000000 0.000000 0.000000 0.000000
0.000000 0.000000 0.000000 -0.171753 0.106079 0.109863
-0.199829 0.451660 0.933105 -0.148682 0.071777 0.084961
-0.464478 -0.028320 0.930786 -0.096802 0.047607 0.076538
-0.245850 0.365234 0.922485 -0.028198 0.025391 0.118042
-0.370483 -0.030640 0.921509 -0.100586 0.030151 0.023315
-0.392212 0.428101 0.968018 -0.094604 0.036011 0.058472
-0.389893 0.363403 0.939819 -0.013672 -0.018188 0.070190
-0.326416 0.359985 0.937256 -0.004639 -0.029053 0.069702
-0.313599 0.346680 0.937988 -0.011353 -0.027588 0.041382
-0.313965 0.379028 0.937988 -0.019043 -0.023804 0.013794
-0.330688 0.351440 0.938477 -0.025146 -0.013306 0.015381
-0.404785 0.415161 1.001831 -0.028442 -0.024170 0.047241
-0.011230 0.364502 0.829956 -0.054688 -0.086548 -0.061890
-0.133179 0.284790 0.749023 -0.126587 -0.192627 -0.111572
0.362915 0.327026 0.776489 -0.086060 -0.184448 -0.201904
-0.434937 0.256470 0.936279 -0.094849 -0.031494 -0.135376
-0.470459 0.114014 0.963379 -0.066650 -0.011475 -0.154785
-0.193604 0.472412 0.997314 -0.051514 -0.124512 -0.095703
-0.443115 0.242554 0.984985 -0.038086 -0.086182 -0.077637
0.232422 0.281738 0.677002 -0.046875 -0.149902 -0.056885
-0.890015 0.454834 1.034668 -0.038940 -0.109375 -0.034302
0.055908 0.454102 0.930176 -0.048584 -0.096191 -0.026489
-0.559082 0.336060 1.062622 -0.049561 -0.101196 -0.065308
-0.684692 0.330811 1.159668 -0.086548 0.017334 -0.072632
-0.546387 0.476440 0.956909 -0.036499 -0.038086 0.015015
0.355469 0.252563 0.737671 -0.097656 -0.211060 -0.108398
-0.386475 0.219727 0.970703 -0.071899 0.007935 0.000977
-0.222290 0.260010 0.943237 -0.061035 -0.100952 -0.045898
-0.380981 0.254028 0.923706 -0.107056 -0.097778 -0.110474
-0.209961 0.183350 0.916260 -0.074219 -0.051270 -0.016968
-0.441650 0.219971 0.951538 -0.093018 -0.098511 -0.084473
-0.009277 0.211548 0.911987 -0.078735 -0.078491 -0.011841
-0.283569 0.239014 0.957520 -0.031250 -0.023438 0.019531
-0.283691 0.264648 0.960693 -0.021729 -0.016724 0.001099
-0.287964 0.253296 0.979248 -0.014404 -0.002563 -0.005371
-0.242188 0.239502 0.974609 -0.004272 0.010620 -0.037720
-0.164307 0.275757 0.932373 0.020630 0.047607 -0.073730
-0.216919 0.278320 0.953613 0.034302 0.101440 -0.126099
-0.256958 0.218994 1.073975 0.105957 0.214233 -0.033569
-0.322510 0.315674 0.898193 0.157715 0.239136 -0.041748
-0.397217 0.270386 0.897461 0.211182 0.194580 -0.051758
-0.397095 0.319214 0.934692 0.262573 0.155273 0.019043
-0.404419 0.350952 0.900879 0.216431 0.090088 0.038940
-0.399414 0.316772 0.890991 0.168579 0.049072 0.074585
-0.393555 0.346191 0.917358 0.133301 0.014893 0.068970
-0.371338 0.322998 0.929321 0.112671 -0.006714 0.063232
-0.380249 0.335449 0.932495 0.079346 -0.032593 0.070557
-0.310303 0.345215 0.946411 0.082153 -0.056152 0.020752
-0.309448 0.376831 0.948242 0.086304 -0.049194 0.023560
-0.323608 0.359985 0.944824 0.072876 -0.048584 -0.010864
-0.345459 0.370117 0.895142 0.067383 -0.055054 -0.017090
-0.361572 0.393188 0.919800 0.037842 -0.072998 0.004272
-0.376587 0.281494 0.933472 -0.003174 -0.092773 -0.002075
-0.352173 0.309448 0.939087 0.006836 -0.119385 0.041748
-0.302979 0.258423 0.986572 0.059082 -0.087036 0.047485
-0.206421 0.352295 0.931030 0.024902 -0.066162 0.030518
-0.304565 0.419678 0.936768 0.002441 -0.026489 0.048828
-0.303345 0.394287 0.934326 -0.013306 -0.001343 0.046753
-0.328735 0.350952 0.938232 -0.022461 0.002197 0.038086
-0.330322 0.349243 0.938965 -0.016357 -0.002441 0.052979
-0.332031 0.346069 0.930176 -0.016602 -0.010986 0.050537
-0.301147 0.374756 0.933716 -0.008911 -0.020386 0.059692
-0.306885 0.372925 0.934937 -0.005981 -0.018188 0.056396
-0.296631 0.380371 0.938354 -0.010498 -0.011963 0.047241
-0.299072 0.373169 0.937500 -0.020630 -0.004150 0.028809
-0.311768 0.382080 0.943604 -0.033081 0.001221 0.004639
-0.306152 0.424072 0.950317 -0.058594 0.001465 0.000122
-0.286865 0.291992 0.932251 -0.051270 0.002075 0.012085
-0.382568 0.307739 0.937622 -0.138916 0.017944 -0.079834
-0.311523 0.511963 0.945801 -0.062500 -0.003418 -0.014404
-0.325928 -0.001709 0.885986 -0.105347 -0.007446 -0.045898
-0.282349 0.376709 0.943726 -0.007446 -0.007690 0.062134
-0.298950 0.379028 0.946411 -0.060425 0.010742 -0.008911
-0.251953 0.030762 0.945923 -0.210693 0.016846 -0.135010
-0.369385 0.342896 0.966064 -0.077026 -0.000854 0.065063
-0.266113 0.470703 0.949463 -0.024536 0.004395 0.114380
-0.357178 0.457886 0.931274 -0.156982 0.020752 -0.018433
-0.275146 0.774780 0.941895 -0.095093 0.026123 0.056885
-0.292725 0.779907 0.937256 -0.097778 0.014771 0.038452
-0.209351 0.425781 0.943848 -0.052124 -0.008057 0.021973
-0.220581 0.296753 0.904541 -0.079102 -0.007324 0.008057
-0.012451 0.097778 0.874390 -0.186768 -0.004272 -0.083130
-0.393433 0.478882 0.955322 -0.056641 0.010742 0.086792
-0.159912 0.413086 0.889893 -0.160767 0.018433 -0.044312
-0.340698 0.340576 1.026733 -0.111450 0.010986 0.072144
-0.379028 0.481323 0.953247 -0.111084 0.033325 0.067505
-0.509521 0.613525 0.847778 -0.244751 0.025391 -0.074829
-0.348267 0.096313 0.971558 -0.164917 0.005127 0.033325
-0.259521 0.344971 0.945313 -0.155640 -0.006592 0.037842
-0.393433 0.198242 0.959351 -0.203247 0.026489 -0.029785
-0.280151 0.167725 0.952148 -0.059814 0.005737 0.133057
-0.303955 1.069458 1.015137 -0.103760 0.035889 0.079102
-0.486084 -0.044312 0.958008 -0.136230 0.019775 0.130737
-0.228027 0.649658 0.931519 -0.082642 0.028687 0.179810
-0.943970 -0.544312 0.994751 -0.167725 0.066772 0.102783
-0.314331 0.354614 0.970093 -0.056152 0.028442 0.244995
-0.403320 0.222900 1.010376 -0.094360 0.046631 0.168701
-0.224609 0.775635 0.800293 -0.180664 0.019531 0.003662
-0.299438 0.368286 0.960205 -0.013428 0.000000 0.168213
-0.659424 0.102905 0.965942 -0.213257 0.087280 -0.030029
-0.640747 0.152100 1.007446 -0.196289 0.048828 -0.021118
-0.288086 0.345459 0.961304 0.002197 -0.008301 0.048950
-0.313354 0.277832 0.965576 -0.020874 0.000610 -0.009155
-0.305908 0.315918 0.972412 -0.018066 0.002563 0.031494
-0.393066 -0.229736 0.948486 -0.158569 -0.006348 -0.042480
-0.278442 0.439209 0.966064 -0.058105 -0.010010 0.051025
-0.456787 0.004517 0.937378 -0.162964 0.011597 -0.133423
-0.285522 0.289795 0.967773 -0.029053 -0.008423 -0.001099
-0.313354 0.263550 0.969971 -0.022095 -0.010864 -0.047974
-0.314941 0.252441 0.966553 -0.021729 -0.007324 -0.039307
-0.321655 0.243164 0.966919 -0.020386 -0.006592 -0.029053
-0.322510 0.248047 0.970581 -0.015381 -0.007202 -0.007202
-0.318481 0.260986 0.968872 -0.013306 -0.009644 -0.002441
-0.316284 0.253052 0.973267 -0.015747 -0.007935 -0.007446
-0.315918 0.268433 0.968506 -0.015869 -0.006714 -0.003784
-0.313599 0.265869 0.970581 -0.018799 -0.004761 -0.014160
-0.338745 0.252319 0.965332 -0.016602 -0.005127 -0.015747
-0.319702 0.263672 0.975830 -0.011597 -0.010376 -0.002197
-0.317993 0.255981 0.966064 -0.015625 -0.009521 -0.009033
-0.327881 0.260620 0.972412 -0.015137 -0.009277 -0.003052
-0.313477 0.264771 0.968750 -0.017334 -0.007935 -0.002441
-0.323975 0.255859 0.973145 -0.019775 -0.004639 -0.009766
-0.335205 0.248047 0.973633 -0.016235 -0.006592 -0.011353
-0.314697 0.268555 0.970825 -0.013428 -0.010742 0.000244
-0.321045 0.254272 0.966064 -0.018799 -0.007813 -0.006470
-0.325928 0.241089 0.969604 -0.018677 -0.009521 -0.013306
-0.315186 0.259277 0.974854 -0.017822 -0.010620 -0.007202
-0.314331 0.251709 0.971680 -0.021606 -0.005127 -0.008179
