-0.288330 0.401367 0.935303 -0.013550 -0.008667 -0.007690
-0.276123 0.399536 0.939209 -0.019287 -0.006592 -0.020264
-0.291504 0.376343 0.941162 -0.023438 -0.004639 -0.028931
-0.291016 0.380005 0.938721 -0.018677 -0.010864 -0.009644
-0.277100 0.386475 0.938110 -0.018311 -0.012573 -0.011963
-0.280273 0.380615 0.942261 -0.018188 -0.008545 -0.010742
-0.293213 0.371948 0.938477 -0.018311 -0.006226 -0.017212
-0.293335 0.372681 0.941528 -0.009888 -0.010864 -0.001709
-0.289795 0.386475 0.941528 -0.008423 -0.013672 0.003296
-0.282959 0.382813 0.932739 -0.008667 -0.015137 0.007568
-0.278564 0.392456 0.935791 -0.007568 -0.012329 0.008667
-0.281860 0.391968 0.938599 -0.013428 -0.006958 -0.009766
-0.297485 0.381836 0.939453 -0.014771 -0.008789 -0.025635
-0.286011 0.379395 0.934937 -0.009399 -0.014038 -0.014771
-0.277954 0.369995 0.935059 -0.003418 -0.011475 0.006836
-0.281250 0.383057 0.943481 0.001831 -0.005981 0.036011
-0.283325 0.388062 0.941772 0.001465 -0.002686 0.046875
-0.288208 0.369263 0.937988 0.003052 -0.003662 0.063843
-0.282959 0.375732 0.938843 0.009399 -0.005127 0.082520
-0.292603 0.390015 0.937500 0.008423 -0.000122 0.111084
-0.254639 0.440308 0.939209 0.000122 0.007080 0.128784
-0.254028 0.402588 0.935303 0.024658 -0.009277 0.160767
-0.263672 0.458740 0.940430 -0.002563 0.004639 0.131714
-0.180542 0.516357 0.922485 -0.026001 0.031006 0.073608
-0.168945 0.582153 0.944702 0.000366 0.008789 0.135376
-0.471313 0.082397 0.876465 -0.101196 0.048462 0.081909
-0.404663 0.311157 0.996460 -0.085693 0.058350 0.130005
-0.158081 0.116821 0.892456 -0.084839 0.040771 0.124756
-0.122681 0.490601 0.955200 0.011719 0.001953 0.217407
-0.358032 0.084839 0.866943 -0.233398 0.097900 -0.016602
-0.219849 0.227051 0.892944 -0.073120 0.067261 0.225586
-0.251465 0.489990 0.967407 -0.062988 0.066284 0.213379
0.040771 0.440063 0.928101 -0.153198 0.039673 0.091064
-0.593262 0.274048 0.939819 -0.116455 0.081909 0.119995
-0.321777 0.313843 0.937988 -0.118652 0.094849 0.035156
-0.207886 0.438354 0.936523 -0.041870 0.017578 0.074219
-0.417603 0.231445 0.923340 -0.064209 0.034424 0.016113
-0.281006 0.359253 0.941528 -0.027222 0.001221 0.030762
-0.271851 0.373047 0.935669 -0.020874 -0.008667 0.032837
-0.295044 0.439087 0.932251 -0.016113 -0.003540 0.003296
-0.270020 0.374146 0.941895 -0.028442 -0.003418 -0.028931
-0.276001 0.363892 0.945923 -0.031982 -0.003174 -0.025513
-0.273682 0.385864 0.938721 -0.029785 -0.011475 -0.012451
-0.323975 0.368286 0.952637 -0.032959 -0.030396 -0.020874
-0.357788 0.383423 0.978027 -0.036133 -0.063843 -0.017578
-0.262695 0.400879 0.850586 -0.072998 -0.142090 -0.068604
-0.496338 0.361938 1.021606 -0.026978 -0.050781 0.020874
-0.647217 0.428101 1.097168 -0.098755 -0.187866 -0.089233
-0.397949 0.337524 0.999268 -0.061523 -0.035034 -0.020752
-0.794800 0.485229 1.018677 -0.098022 -0.181030 -0.130005
-0.111694 0.312256 0.915771 -0.022461 -0.070313 -0.017090
-0.239868 0.234619 0.994873 -0.001221 -0.105957 0.009033
-0.623169 0.451294 1.014160 -0.019287 -0.194580 0.015503
-0.440918 0.407104 0.983276 0.004517 -0.100952 0.045532
-0.137695 0.360596 0.972534 -0.050659 -0.126953 -0.054565
-0.591919 0.383423 1.033936 -0.041870 -0.084717 0.010864
-0.146118 0.252441 0.953125 -0.036133 -0.026367 0.016724
-0.138794 0.270508 0.957031 -0.026367 -0.075562 0.044556
-0.155151 0.375732 1.029175 -0.033081 -0.084717 0.067993
-0.529663 0.329468 1.053955 -0.025635 -0.165161 0.044922
0.526489 0.294189 0.890503 -0.031006 -0.091187 -0.010132
-0.232910 0.347168 0.984375 -0.023071 -0.016724 0.003418
-0.012939 0.272217 0.948364 -0.003052 -0.028809 0.016724
-0.282959 0.289063 0.997192 -0.009399 -0.024048 0.040405
-0.162231 0.392090 0.988281 -0.026611 -0.055664 0.004272
-0.203613 0.353027 0.962891 -0.035767 -0.001953 -0.007202
-0.124634 0.344849 0.946167 -0.052979 -0.048340 -0.092529
-0.206421 0.315918 0.960938 -0.018433 -0.041504 -0.072998
-0.213989 0.333618 0.974487 -0.008911 0.009766 -0.070801
-0.156372 0.268921 0.972656 0.029419 0.038696 -0.042725
0.122070 0.421143 1.024658 0.009888 0.192993 -0.093384
-0.104980 0.329956 1.114868 0.110596 0.332886 -0.110229
-0.165161 0.457520 0.930176 0.134155 0.411743 -0.164429
-0.335815 0.345093 0.882690 0.131226 0.370850 -0.167236
-0.447266 0.379150 0.839111 0.028687 0.259888 -0.197266
-0.532715 0.297729 0.823975 0.044800 0.122070 -0.095093
-0.442383 0.283447 0.858032 0.043945 -0.010132 0.011475
-0.347046 0.291870 0.950195 0.111450 -0.049194 0.057373
-0.264160 0.348755 0.979614 0.153198 -0.034790 0.082642
-0.220459 0.378296 0.956421 0.127319 -0.042114 0.093018
-0.214844 0.397217 0.954712 0.087402 -0.033813 0.017700
-0.254883 0.399536 0.949951 0.094360 0.002808 -0.001099
-0.320068 0.418457 0.917114 0.095825 0.001221 -0.005615
-0.342285 0.377441 0.924561 0.072266 -0.028931 0.023071
-0.327637 0.400635 0.918945 0.067505 -0.065796 0.010010
-0.314697 0.368042 0.900513 0.082275 -0.083618 -0.019653
-0.306152 0.451538 0.919434 0.045532 -0.106323 0.031982
-0.270142 0.433960 0.934448 0.016479 -0.111206 0.039917
-0.224976 0.440918 0.929443 0.015991 -0.109009 0.053223
-0.264893 0.426147 0.932007 -0.025269 -0.102417 -0.003662
0.021118 0.171631 1.348022 -0.006470 -0.043335 -0.015259
-0.195190 0.358643 0.930542 -0.019775 -0.041260 -0.005493
-0.237061 0.425781 0.930420 -0.002441 -0.015991 0.059448
-0.256470 0.463013 0.938599 -0.025635 0.003662 0.077881
-0.331421 0.350098 0.924072 -0.097900 0.002197 -0.006714
-0.247559 0.410767 0.934326 -0.060059 0.005249 0.029053
-0.247070 0.455322 0.935669 -0.058838 0.008423 0.014771
-0.503906 0.005249 0.897949 -0.129517 0.010864 -0.064697
-0.132446 1.060181 0.999756 -0.226807 0.039917 -0.092285
-0.257935 0.298218 0.922852 -0.107178 0.018799 0.003540
-0.196655 0.557617 0.963989 -0.101807 0.030396 0.013184
-0.288696 0.419189 0.942017 -0.013062 -0.008667 0.081787
-0.362427 0.195801 0.978638 -0.320068 0.066895 -0.254272
-0.130859 0.756470 0.978394 -0.088623 0.019897 0.041504
-0.040161 1.373169 0.918335 -0.251709 0.069824 -0.120117
-0.543335 0.252808 0.953003 -0.124390 0.001709 -0.021973
-0.654785 -0.387817 0.927734 -0.071289 -0.017456 0.030029
-0.257813 0.504517 0.985352 -0.117065 0.002563 0.019409
-0.209961 0.774902 0.992188 -0.160645 0.030396 -0.031250
-0.643799 -0.062988 0.965576 -0.140503 -0.007324 0.001343
-0.241211 0.247803 0.914185 -0.120117 0.047363 0.016724
-0.112915 0.287842 0.938354 0.017700 -0.013062 0.150146
-0.465576 0.239624 1.057617 -0.301636 0.031372 -0.248169
-0.244873 0.374634 0.957520 0.013428 -0.015015 0.159424
-0.599487 -0.321533 0.969116 -0.188965 0.037720 -0.111450
-0.330566 0.498291 0.998047 -0.224243 0.034302 -0.093994
-0.416138 0.406372 0.999634 -0.057373 -0.004517 0.081909
-0.194702 0.800537 0.939819 -0.239868 0.055664 -0.096802
-0.514404 -0.040039 1.012817 -0.123657 0.004150 -0.009033
-0.197632 0.494263 0.967285 0.038940 -0.026367 0.160400
-0.152344 0.416504 0.922852 -0.266968 0.092407 -0.190308
-0.328979 0.054443 0.957764 -0.041626 0.000977 0.106323
-0.233887 0.096313 0.959473 0.024414 -0.033203 0.192139
-0.219604 0.116699 0.936646 -0.103027 0.063354 0.066772
-0.156372 0.516235 0.984253 -0.205933 0.063110 0.002197
-0.246704 0.399536 0.969727 -0.019653 0.005127 0.186279
-0.375977 0.341309 0.959351 -0.175537 0.002075 -0.000732
-0.155762 0.371216 0.959839 0.034790 -0.004883 0.230591
-0.236450 0.490601 1.005249 -0.104126 0.037109 0.038208
-0.515747 0.346069 0.918091 -0.271851 0.009644 -0.062134
-0.306519 0.425171 0.977173 -0.047363 0.000000 0.121338
-0.263062 0.238403 0.974854 -0.038086 -0.006470 0.041016
-0.253906 0.408569 0.975342 -0.088013 0.010010 -0.000122
-0.259644 0.466064 0.984375 -0.058960 0.015991 0.075806
-0.348511 0.427612 0.972656 -0.219849 0.040894 -0.064697
-0.290039 0.291504 0.979980 -0.010132 -0.007568 0.108398
-0.322388 0.335449 0.976074 -0.086182 0.017700 -0.020020
-0.281982 0.318604 0.974365 -0.033203 0.013916 0.003052
-0.315918 0.262207 0.980347 -0.029053 0.009521 -0.014404
-0.301514 0.263428 0.977783 -0.014771 -0.001831 0.048828
-0.266846 0.328735 0.980957 -0.030273 0.003540 0.037109
-0.340942 0.249878 0.975342 -0.069580 0.015137 -0.007080
-0.303345 0.279907 0.974243 -0.017456 -0.009766 -0.003662
-0.273560 0.271729 0.972046 -0.023560 -0.004150 -0.031128
-0.288940 0.275757 0.975952 -0.025146 -0.000610 -0.027832
-0.303711 0.265991 0.978638 -0.016846 -0.003052 -0.002808
-0.297852 0.271606 0.977661 -0.014893 -0.008179 0.005249
-0.286011 0.266113 0.981079 -0.011475 -0.008911 -0.010620
-0.278809 0.280518 0.979980 -0.016602 -0.004028 -0.009521
-0.296997 0.262939 0.980347 -0.019531 -0.002197 -0.013550
