-0.239624 0.344849 0.962524 -0.014893 -0.000366 0.000488
-0.232666 0.360474 0.958862 -0.016113 0.005737 0.011475
-0.236328 0.367798 0.963135 -0.019897 0.014038 0.021118
-0.256714 0.358276 0.969482 -0.021851 0.012939 0.012573
-0.271729 0.343018 0.964355 -0.018188 0.001465 0.013550
-0.260620 0.324341 0.962769 0.000122 -0.008667 0.036621
-0.244385 0.355103 0.965210 0.007324 -0.009033 0.040527
-0.231201 0.362671 0.964966 0.002930 -0.000732 0.028931
-0.244873 0.371460 0.958496 -0.013306 0.008911 0.016479
-0.242188 0.354858 0.962524 0.014526 -0.000977 0.050903
-0.221313 0.393677 0.952759 0.013428 0.006836 0.057617
-0.167358 0.457031 0.968994 -0.034302 0.044556 0.035156
-0.570313 -0.197876 0.960327 -0.015137 0.001709 0.048828
-0.186401 0.371826 0.966431 -0.002686 0.024414 0.084473
-0.681885 0.067505 1.078369 -0.172729 0.123047 -0.016479
-0.217041 0.480713 0.965332 0.011353 -0.001343 0.137695
-0.275024 0.594116 0.962769 -0.213257 0.100830 0.022217
-0.119141 0.548584 0.965576 0.093384 -0.018188 0.284424
-0.697632 0.335449 1.022339 -0.268555 0.219849 0.115112
-0.582642 0.749512 1.003784 -0.144775 0.136230 0.242065
0.124878 0.800293 0.929932 -0.171265 0.213135 0.297241
-0.157227 0.229736 0.937622 -0.143188 0.157104 0.213013
-0.791870 0.127930 1.092285 -0.057861 0.073120 0.235107
-0.349487 0.300537 1.035156 -0.058960 0.085815 0.197754
-0.091187 0.552979 0.942505 -0.109619 0.105225 0.146362
-0.312622 0.362549 0.965698 -0.077393 0.070068 0.135132
-0.360474 0.266968 0.963867 -0.024170 0.012695 0.157837
-0.220093 0.402710 0.958862 -0.004883 -0.000366 0.127930
-0.213623 0.388550 0.957520 -0.014648 -0.011841 0.041626
-0.273682 0.330811 0.963745 -0.019775 -0.011841 -0.005737
-0.291138 0.308838 0.961304 -0.017700 -0.031128 -0.020142
-0.274658 0.323975 0.964478 0.005127 -0.045288 0.035645
-0.264404 0.421143 0.983643 -0.014404 -0.056641 0.039307
-0.523560 0.539917 1.167603 -0.106445 -0.149292 -0.070679
-0.034912 0.157837 0.956665 -0.072876 -0.008667 -0.045898
0.188354 0.134644 0.754028 -0.108643 -0.057861 -0.127563
-0.358765 0.619263 1.040771 -0.154785 -0.179688 -0.154785
0.128540 0.524780 0.858765 -0.062744 -0.084351 0.032104
-0.306152 0.337036 0.981567 -0.104614 -0.116577 -0.030396
0.321533 0.458496 0.988525 -0.093872 -0.137817 -0.010132
-0.039429 0.325317 1.030029 -0.083496 -0.136353 -0.053223
-0.246948 0.281494 1.000854 -0.030396 -0.206543 -0.033569
-1.293945 0.473877 1.075439 -0.080078 -0.300415 -0.137817
-0.709717 0.262451 1.021240 -0.004517 -0.208008 0.000244
0.351196 0.011597 0.897095 -0.021851 -0.015747 0.035889
0.104492 0.149292 0.929688 -0.026001 -0.027222 -0.005127
-0.515259 0.241577 0.959961 -0.037476 -0.132813 -0.078003
-0.325317 0.382202 0.994141 -0.026001 -0.006714 -0.002808
-0.285278 0.319702 1.000122 -0.012573 -0.069580 -0.059448
-0.171509 0.323608 0.989136 -0.016479 0.031738 -0.032104
-0.086182 0.271729 0.980225 -0.008057 0.087280 -0.006958
-0.149780 0.216797 1.186279 0.018555 0.238770 -0.067871
-0.129517 0.192505 1.094482 0.206299 0.319458 -0.090698
-0.271606 0.416016 0.874878 0.249390 0.318604 -0.082153
-0.403687 0.371826 0.865845 0.188843 0.217896 -0.067139
-0.420166 0.373413 0.883057 0.091797 0.090698 -0.008789
-0.363647 0.286865 0.921631 0.115601 0.017822 0.051270
-0.325806 0.331787 0.930298 0.125488 -0.037354 0.005615
-0.267578 0.405762 0.956421 0.124146 -0.062988 0.028564
-0.237671 0.378418 0.967773 0.080688 -0.073975 0.002930
-0.238037 0.375610 0.956177 0.055176 -0.076538 -0.011230
-0.238770 0.388184 0.951172 0.025513 -0.080200 -0.013428
-0.249634 0.373169 0.963745 0.024048 -0.082520 -0.036865
-0.263062 0.376953 0.954590 0.009277 -0.091919 -0.023926
-0.271362 0.365601 0.957886 -0.003662 -0.112549 -0.024902
-0.267944 0.362061 0.948242 -0.015869 -0.120850 0.006348
-0.252930 0.362671 0.968872 -0.021729 -0.129639 0.034302
-0.183472 0.379639 1.000977 0.031006 -0.073486 0.000000
-0.131470 0.339111 0.954590 0.001099 -0.050049 0.003662
-0.202148 0.355469 0.962891 -0.006592 -0.015625 -0.008179
-0.210327 0.385254 0.960205 -0.007813 -0.000610 0.025635
-0.227905 0.389404 0.963623 -0.010742 0.002686 0.035767
-0.241211 0.379395 0.963257 -0.015747 0.000000 0.045044
-0.257080 0.336426 0.964111 -0.029053 -0.001343 0.024902
-0.222534 0.397095 0.962646 -0.015747 -0.004150 0.040527
-0.215820 0.395874 0.958496 -0.022217 0.001465 0.033691
-0.216553 0.403687 0.960205 -0.041870 0.010132 0.012573
-0.231567 0.386475 0.971680 -0.044067 0.011719 0.020752
-0.200439 0.330688 0.971069 -0.074707 0.007568 0.005371
-0.212524 0.334351 0.959229 -0.053833 0.016113 0.028198
-0.061157 0.509399 0.963135 -0.061279 0.002686 0.014404
-0.250488 0.445923 0.977173 -0.065308 0.021851 0.024048
-0.229126 0.172363 0.949707 -0.097412 0.012695 -0.005127
-0.280396 0.300415 0.960205 -0.099365 0.025513 -0.004517
-0.255127 0.452393 0.955933 -0.149536 0.031250 -0.022339
-0.132568 0.538086 0.998169 0.017822 -0.028931 0.151733
-0.198608 0.285400 0.920532 -0.124390 0.030396 0.012817
-0.152344 0.365601 0.980347 -0.071411 0.000244 0.002075
-0.291382 0.192871 0.961182 -0.109131 0.021118 -0.010986
-0.152954 0.356079 0.970337 -0.078735 0.018677 0.002319
-0.199585 0.581299 0.994873 -0.126099 0.036987 -0.019653
-0.207764 0.109741 0.962280 -0.138916 0.026367 -0.010742
-0.205078 -0.280640 0.932129 -0.238037 0.065186 -0.036987
0.068848 0.758057 0.918457 -0.111084 0.026978 0.084351
-0.207031 0.264038 0.984619 -0.160156 0.046387 0.051392
-0.132446 0.373901 0.899902 -0.122681 0.015869 0.039185
-0.134155 0.590332 1.018066 0.020996 0.000977 0.156006
-0.123901 0.219971 0.972778 -0.052002 0.014771 0.028442
-0.138428 0.402344 0.948730 -0.081299 0.032959 -0.014282
-0.217041 -0.054199 0.941284 -0.071411 0.002686 0.029907
-0.175537 0.805542 1.020630 -0.031128 0.040771 0.059448
-0.203613 0.372314 0.978760 -0.068115 0.033325 0.032837
0.045776 0.560303 0.988403 -0.007568 0.017944 0.125732
-0.176636 0.162720 0.994995 -0.079346 0.040771 0.089844
-0.322998 0.570435 1.044922 -0.162109 0.081055 0.070557
-0.273315 0.046631 0.961060 -0.115723 0.034424 0.109009
-0.327637 -0.164917 0.962280 -0.167725 -0.003052 0.018799
-0.354248 0.005737 1.018188 -0.131714 0.050537 0.048218
-0.181519 0.297607 0.986938 -0.074463 0.024780 0.092773
-0.319824 0.198120 1.008789 -0.133301 0.059204 0.051025
-0.351074 0.104492 1.048218 -0.204468 0.044800 -0.037598
-0.260010 0.476074 1.000122 0.013916 0.002319 0.071289
-0.232422 0.104492 0.977783 -0.065552 -0.001709 -0.082764
-0.279297 0.234131 0.990967 -0.020630 -0.003052 0.030884
-0.259644 0.263916 0.985840 -0.022217 -0.009155 0.020386
-0.261719 0.267456 0.984009 -0.025024 -0.006592 -0.015503
-0.269287 0.261230 0.985718 -0.021729 -0.006958 -0.014404
-0.245117 0.262085 0.989990 -0.024902 -0.009033 -0.031250
-0.267334 0.261230 0.984985 -0.018433 -0.006592 -0.022705
-0.260010 0.256836 0.986450 -0.017212 -0.006104 -0.011108
-0.255737 0.264893 0.989380 -0.019287 -0.004028 0.001831
-0.269165 0.266235 0.990601 -0.022949 -0.003662 -0.009766
-0.272339 0.252563 0.990845 -0.020996 -0.009399 -0.015381
-0.265991 0.260742 0.987671 -0.016968 -0.013550 -0.006836
-0.247559 0.248413 0.991211 -0.016602 -0.010620 -0.003540
-0.254150 0.254272 0.990356 -0.016479 -0.005249 0.001709
-0.266724 0.258545 0.990723 -0.016235 -0.002808 0.002686
-0.279663 0.254517 0.985840 -0.016113 -0.010010 -0.012695
-0.246094 0.266235 0.988525 -0.018066 -0.016113 -0.015137
-0.246216 0.266602 0.991821 -0.025269 -0.005127 -0.001099
-0.268188 0.259644 0.991333 -0.027100 0.003296 0.008179
-0.280273 0.243530 0.992188 -0.022339 -0.005127 0.009521
-0.267334 0.262573 0.992310 -0.015015 -0.014160 0.024292
-0.248657 0.272583 0.988525 -0.020508 -0.012085 0.006348
-0.257202 0.254517 0.990967 -0.025146 -0.002686 -0.005859
-0.271362 0.240845 0.991455 -0.020386 -0.000854 -0.001953
-0.270264 0.244629 0.992188 -0.010742 -0.006226 0.008057
-0.277466 0.273682 0.989868 -0.005371 -0.009521 0.009644
-0.280273 0.237915 0.995117 -0.003784 -0.009399 0.006958
-0.321289 0.153076 0.998779 0.028442 -0.026855 0.061035
-0.265747 0.232178 1.005249 0.082764 -0.060181 0.133301
-0.158813 0.444214 1.066406 0.056519 -0.056763 0.133301
-0.015381 0.337891 1.132690 0.035645 0.116333 -0.047485
-0.075562 0.411499 1.004761 0.027710 0.248413 -0.165894
-0.273804 0.262329 0.929565 -0.047363 0.295654 -0.249146
-0.423706 0.260986 0.901367 -0.033203 0.244263 -0.230225
-0.469238 0.222656 0.866089 -0.039063 0.146851 -0.176270
-0.472046 0.210815 0.900635 -0.043823 0.035278 -0.071533
-0.385010 0.214355 0.947144 -0.026855 -0.047607 0.021729
-0.294189 0.255859 0.979370 -0.018188 -0.072021 0.055542
