-0.290161 0.415771 0.924194 -0.007690 -0.013428 0.025146
-0.276489 0.414917 0.925049 -0.009399 -0.009399 0.033813
-0.277710 0.425903 0.926880 -0.013428 -0.001831 0.034180
-0.296143 0.413818 0.920898 -0.010498 -0.004272 0.032349
-0.291992 0.409546 0.916870 -0.007813 -0.008667 0.017944
-0.283203 0.410522 0.923096 -0.008911 -0.010498 0.013306
-0.279541 0.421509 0.919067 -0.008789 -0.006348 0.016235
-0.286011 0.429077 0.919800 -0.011230 -0.005615 0.010620
-0.303467 0.413696 0.922607 -0.009888 -0.011841 0.007690
-0.283447 0.413208 0.915894 -0.005493 -0.015015 0.015381
-0.267700 0.419678 0.918701 -0.007324 -0.006348 0.020630
-0.267822 0.426025 0.916382 -0.009033 0.004517 0.028809
-0.292603 0.422363 0.915161 -0.012207 0.007324 0.025391
-0.303955 0.423828 0.925049 -0.011719 -0.002686 0.022461
-0.285645 0.416870 0.919678 -0.006226 -0.006104 0.030029
-0.282104 0.406738 0.917603 0.005127 -0.005493 0.058228
-0.239746 0.475830 0.930420 -0.016846 0.020630 0.071411
-0.568970 0.161499 0.946533 -0.144653 0.016235 -0.037720
-0.291992 0.495972 0.925537 0.016846 -0.013306 0.093384
-0.187012 0.610229 0.927734 -0.077026 0.043213 0.016235
-0.339966 -0.224243 0.913574 0.069214 -0.040283 0.175903
0.069946 0.816772 0.941284 -0.127319 0.108154 0.054688
-0.628662 -0.077271 0.916016 0.021729 -0.040039 0.164673
-0.265503 0.623657 0.937012 -0.133911 0.098145 0.054443
-0.604370 -0.015625 0.896606 -0.072388 0.005127 0.080444
-0.089600 0.490112 0.920654 -0.021240 0.033081 0.164673
-0.050659 0.817871 0.883057 -0.182861 0.076660 0.035889
-0.070679 0.873535 0.919556 -0.104370 0.081299 0.123047
0.039063 0.888550 0.855591 -0.200806 0.110962 0.006592
-0.235352 0.281616 0.915771 0.019531 -0.005493 0.189941
-0.223999 0.474365 0.958252 -0.065918 0.020386 0.083496
-0.083496 0.438965 0.913818 -0.038208 0.023560 0.065186
-0.403809 0.052002 0.867676 -0.148193 0.071289 -0.138794
-0.334961 0.411865 0.934082 -0.019165 -0.009644 0.004761
-0.312012 0.423584 0.925903 -0.019531 -0.010254 -0.002441
-0.262451 0.425049 0.926147 -0.025146 -0.002441 -0.003906
-0.272339 0.389893 0.932251 -0.030640 0.010864 0.037109
-0.293823 0.387451 0.935181 -0.041260 0.009155 0.018433
-0.352295 0.401855 0.934570 -0.031860 -0.002319 0.009277
-0.296997 0.388672 0.934692 -0.036133 -0.010132 0.004517
-0.233521 0.359009 0.936035 -0.039917 -0.005737 0.005737
-0.285767 0.393188 0.959839 -0.056641 -0.024780 -0.017334
0.325562 0.246216 0.817261 -0.070801 0.028687 -0.070435
-0.376343 0.364258 0.939575 -0.063843 -0.029541 -0.082397
-0.229858 0.250610 0.823364 -0.052124 -0.097168 -0.104492
-0.267456 0.445801 0.920166 -0.062622 -0.014404 -0.078491
0.372925 0.417358 0.797241 -0.065552 -0.002808 -0.055298
-0.088745 0.527344 0.880737 -0.078003 -0.127319 -0.096069
-0.590698 0.418213 1.019043 -0.049683 -0.094116 -0.015625
-0.436035 0.440430 0.950562 -0.055298 -0.052490 -0.036255
-0.490479 0.422607 0.988770 -0.035767 -0.093506 -0.033813
-0.347534 0.438965 1.013062 -0.064941 -0.069336 -0.078613
-0.518311 0.222534 0.964233 -0.023926 -0.073608 -0.024292
-0.495239 0.267212 0.974365 -0.010254 -0.034058 0.030396
-0.315063 0.335449 0.950562 -0.013672 -0.087280 0.034424
-0.067627 0.243042 0.936523 -0.024536 -0.002808 0.031616
-0.356934 0.233521 0.968872 -0.014160 0.014893 0.040039
-0.191772 0.444580 0.982056 -0.060303 -0.081909 -0.061401
-0.913574 0.610596 0.967773 -0.093384 -0.233765 -0.093262
-0.155762 0.431519 0.934937 -0.028931 0.005493 0.027344
0.223511 0.231934 0.897461 -0.023315 -0.103516 0.008545
-0.324463 0.368164 0.960083 -0.027832 0.003784 0.080566
-0.294312 0.369995 0.937622 -0.015991 -0.010620 0.081177
-0.250488 0.351807 0.956177 -0.010498 -0.012573 0.116455
-0.050537 0.351563 0.902222 -0.027710 -0.029297 0.088623
-0.296753 0.424683 0.979248 -0.041748 -0.030273 0.041992
-0.193604 0.360352 0.926514 -0.039063 0.007080 0.025024
-0.278198 0.288696 0.950073 -0.016602 -0.000366 0.019165
-0.247070 0.298950 0.957031 0.014893 0.005615 0.039551
-0.159424 0.413086 0.947510 0.036987 0.046509 0.028442
-0.080811 0.363281 0.960938 0.012695 0.242798 -0.023193
-0.243896 0.290283 1.085327 0.176514 0.254639 0.074219
-0.233276 0.438965 0.910278 0.172974 0.282104 0.007690
-0.392822 0.399536 0.865479 0.186157 0.218506 -0.003296
-0.402100 0.385132 0.882813 0.201660 0.163696 -0.009277
-0.435913 0.434448 0.861206 0.139282 0.075195 0.075562
-0.399658 0.460327 0.858643 0.035889 0.006592 0.022705
-0.339233 0.316528 0.905640 0.082886 -0.051147 0.076294
-0.284668 0.442017 0.917969 0.087402 -0.057007 0.026978
-0.250610 0.418823 0.930908 0.087280 -0.044922 0.011841
-0.249268 0.454590 0.950439 0.077026 -0.026001 0.015259
-0.278931 0.430908 0.914185 0.069092 -0.020264 -0.025146
-0.325806 0.462280 0.889771 0.044556 -0.036133 -0.041260
-0.346069 0.419678 0.897705 0.022827 -0.073486 -0.028809
-0.349976 0.408325 0.899902 0.012939 -0.112427 -0.008545
-0.331055 0.419556 0.891113 0.010864 -0.140015 0.009277
-0.303467 0.449829 0.897705 0.001099 -0.154175 0.026489
-0.270386 0.390991 0.918823 -0.022339 -0.164795 0.038452
-0.287231 0.406494 0.942261 -0.004272 -0.171875 0.088013
-0.192383 0.387451 0.949463 0.079224 -0.105103 0.098877
-0.143677 0.448608 0.913452 0.015381 -0.058594 0.055786
-0.223511 0.487305 0.919312 -0.026245 -0.002075 0.013550
-0.274536 0.418457 0.924805 -0.030029 0.012207 0.018433
-0.276245 0.399170 0.920410 -0.022705 -0.006104 0.042603
-0.242676 0.440063 0.921631 -0.015625 -0.021851 0.045532
-0.213867 0.457520 0.922974 -0.008911 -0.026001 0.053223
-0.277954 0.440063 0.920898 0.000854 -0.028564 0.074463
-0.230835 0.455200 0.917603 0.000244 -0.017822 0.061279
-0.218018 0.440674 0.917725 -0.012329 -0.007446 0.041504
-0.253296 0.453735 0.916748 -0.017090 -0.008911 0.035400
-0.261230 0.433960 0.922119 -0.020386 -0.009155 0.016968
-0.250366 0.454712 0.924438 -0.027344 -0.008301 0.000854
-0.258179 0.437134 0.924805 -0.032104 -0.002686 -0.010498
-0.263184 0.436646 0.916016 -0.055664 0.012695 -0.024170
-0.256836 0.430298 0.924194 -0.025513 0.005371 0.010376
-0.358154 0.358521 0.860352 -0.216797 0.042847 -0.168579
-0.158081 0.335083 0.911499 -0.052124 -0.013428 -0.015991
-0.324585 0.257690 0.890381 -0.073242 0.008301 -0.031006
-0.235718 0.509766 0.936523 -0.018555 -0.000977 0.031616
-0.294922 0.625610 0.986206 -0.193848 0.053955 -0.125000
-0.023071 0.812012 0.987305 -0.064941 -0.006226 0.031006
-0.450317 0.151978 0.948853 -0.262207 0.082520 -0.116211
-0.277954 0.517090 0.943481 0.004517 -0.018433 0.143188
-0.104980 0.726563 0.946533 -0.057373 0.010620 0.036499
-0.528320 0.006104 0.917358 -0.203491 0.044189 -0.125366
-0.532349 -0.279785 0.877075 -0.141357 0.037720 -0.010620
0.157471 1.487671 0.983032 -0.077393 0.021973 0.048950
-0.420654 -0.092407 0.891357 -0.144531 0.029785 0.012817
-0.084717 1.007568 0.924805 -0.158203 0.022095 -0.002197
-0.498413 -0.420410 0.891479 -0.160034 0.030273 -0.045776
-0.191162 0.531006 0.986450 -0.033691 0.000610 0.102783
-0.182739 0.600830 0.939453 -0.208130 0.037598 -0.146484
-0.515503 0.229614 0.940063 -0.140381 0.038940 0.042358
-0.219849 0.535278 0.958984 0.019287 -0.009277 0.156006
-0.178467 0.363892 0.911865 -0.248535 0.069092 -0.173950
-0.378540 0.570313 0.954224 -0.164917 0.052734 -0.028076
-0.446533 0.240356 1.016113 -0.118774 0.029663 0.033813
-0.210083 0.508301 0.971313 -0.013794 -0.001099 0.129517
-0.438110 -0.046021 0.965942 -0.229980 0.064087 -0.091431
-0.247803 0.640625 1.014648 -0.013916 0.010620 0.152710
-0.383789 0.087524 0.977783 -0.161865 0.031860 -0.064453
-0.326660 0.003906 0.939697 -0.116211 0.027832 0.021851
-0.250488 0.363037 0.954712 0.005859 -0.009155 0.124268
0.010132 1.906128 0.923950 -0.081787 0.016602 0.032471
-0.631226 -0.259399 0.935913 -0.256470 0.050903 -0.033813
-0.270264 0.368652 0.984253 -0.100342 0.036255 0.113525
-0.397217 -0.155396 0.922485 -0.083984 0.001099 0.080444
-0.218018 0.404175 0.959229 -0.012817 0.000854 0.089478
-0.201294 1.090576 0.993164 -0.145996 0.054688 -0.088257
-0.327759 0.588013 0.990356 -0.033325 0.014160 0.107300
-0.378662 0.045898 0.981689 -0.183228 0.019409 -0.038940
-0.194336 0.422363 0.973755 0.011108 -0.020508 0.146606
-0.556885 -0.211670 0.946655 -0.155762 0.033447 -0.092773
-0.229492 0.270386 0.962280 -0.022461 -0.008789 -0.000488
-0.294067 0.286499 0.968994 -0.017456 -0.001953 -0.003174
-0.290039 0.306763 0.972290 -0.013306 -0.005981 0.046875
-0.282593 0.355225 0.972412 -0.029175 -0.006348 0.050171
-0.310547 0.167358 0.952515 -0.065308 0.000610 -0.001343
-0.275024 0.298096 0.969727 -0.024536 -0.003906 -0.009033
-0.289307 0.294434 0.970215 -0.020142 -0.004150 -0.006958
