-0.396118 -0.177979 0.948853 -0.004272 0.004395 0.029663
-0.398804 -0.176758 0.950562 -0.006348 0.002197 0.031006
-0.400879 -0.186157 0.951782 -0.008545 0.001343 0.023682
-0.395752 -0.192017 0.955688 -0.006226 0.001953 0.031128
-0.395142 -0.189453 0.952393 0.000244 0.003662 0.034790
-0.401611 -0.169312 0.951294 -0.001953 0.005371 0.039795
-0.401489 -0.171753 0.946777 -0.009033 0.004028 0.034668
-0.392212 -0.200806 0.951172 -0.003784 0.007202 0.051514
-0.391846 -0.174927 0.951172 0.001221 0.012451 0.065308
-0.395752 -0.166016 0.953125 -0.014404 0.020142 0.064819
-0.413452 -0.173584 0.951904 -0.020752 0.024292 0.090820
-0.420776 -0.184814 0.943604 -0.020752 0.020020 0.091919
-0.494019 -0.071045 0.970459 -0.039551 -0.000854 0.100708
-0.340088 -0.281128 0.948242 -0.051880 -0.008789 0.101685
-0.243896 -0.346802 0.990601 -0.169800 -0.055908 0.091797
-0.641846 0.210815 0.926270 -0.080688 -0.011963 0.161743
0.130249 -0.955688 0.923462 -0.137817 -0.073120 0.165161
-0.495361 0.027832 0.950195 0.013672 0.055786 0.210693
-0.323486 -0.864868 0.915161 -0.179199 -0.059204 0.105957
-0.410645 -0.212158 0.610596 -0.246704 -0.063843 0.155518
-0.066772 -0.685791 0.922974 -0.030273 -0.040405 0.300171
-0.692383 -0.567627 0.967651 -0.382324 -0.074707 0.112671
-0.436279 -0.252686 0.985962 -0.078003 0.020264 0.210327
-0.475098 -0.202637 0.905884 -0.110962 -0.021973 0.122314
-0.483032 -0.035889 0.940063 0.042969 0.033691 0.193848
-0.456177 -0.115112 0.940796 -0.024658 0.003784 0.086426
-0.428711 -0.184082 0.940430 -0.050659 -0.016235 -0.005737
-0.422241 -0.218506 0.934570 -0.044189 -0.024780 -0.037964
-0.401245 -0.209351 0.946045 -0.021729 -0.023560 -0.074463
-0.404419 -0.184570 0.945801 0.013184 -0.029785 -0.001465
-0.471924 -0.195557 1.012817 0.013916 -0.049561 -0.008301
-0.235107 -0.007080 0.707153 0.163330 -0.205688 -0.100342
-0.352173 -0.028564 0.927246 0.102905 -0.161377 -0.055542
-0.863647 -0.496216 1.190674 0.008789 -0.064331 0.027832
-0.067505 0.024414 0.748169 0.091064 -0.135010 -0.089355
-0.495483 -0.615845 0.995361 0.055786 -0.130371 -0.109375
-0.778809 -0.469727 1.011597 0.022095 -0.069580 -0.082642
0.067505 0.773071 0.793579 0.190674 -0.203247 -0.204712
-0.122314 0.372437 1.059204 0.132813 -0.137939 -0.161865
-0.107666 0.511353 0.751221 0.176270 -0.130981 -0.125488
-0.303345 -0.337769 0.973999 0.146729 -0.113403 -0.092041
-0.641968 -0.368530 1.118042 -0.009644 -0.037842 -0.032837
-0.381348 -0.341064 1.052490 0.047119 -0.038574 -0.066162
-0.297241 -0.103271 0.929810 0.028076 -0.050415 -0.093506
-0.357910 -0.172607 0.976807 0.006836 -0.018311 -0.051270
-0.342407 -0.140503 0.972534 0.012451 -0.007446 -0.029785
-0.323364 -0.095459 0.976196 -0.015991 0.005981 -0.007202
-0.285156 -0.135254 0.974976 -0.054321 0.035278 0.032104
-0.233887 -0.060791 0.960205 -0.088379 0.086304 -0.030396
-0.304565 -0.165161 1.221191 -0.185303 0.305664 -0.033081
-0.463501 -0.046631 0.929077 -0.215820 0.314087 -0.079956
-0.488892 -0.244873 0.818237 -0.262085 0.204834 -0.079102
-0.458252 -0.257324 0.915161 -0.202271 0.164673 -0.047485
-0.461304 -0.303223 0.888672 -0.156128 0.122192 -0.060669
-0.409058 -0.325317 0.885986 -0.074463 0.088501 -0.067871
-0.396606 -0.268066 0.927856 0.008179 0.083984 -0.042969
-0.428955 -0.244751 0.936646 0.041626 0.059204 -0.004639
-0.401978 -0.193848 0.947388 0.062500 0.040405 0.011719
-0.432983 -0.186523 0.942505 0.051147 0.047363 0.003418
-0.391113 -0.187256 0.940430 0.048584 0.035645 -0.013062
-0.444214 -0.196045 0.936279 0.062988 0.009888 -0.031982
-0.429077 -0.262207 0.909790 0.073120 -0.017212 -0.026489
-0.414673 -0.269165 0.912842 0.118896 -0.062744 -0.004639
-0.400391 -0.238037 0.940918 0.170166 -0.085449 0.029663
-0.182251 -0.092285 1.352417 0.173462 -0.095825 0.085449
-0.399048 0.029541 0.937378 0.110962 -0.006958 0.060791
-0.461426 -0.000977 0.955811 -0.001587 0.007080 0.055542
-0.422607 -0.135498 0.945435 -0.060669 -0.014404 0.010620
-0.402100 -0.222046 0.950439 -0.054688 -0.029175 0.011963
-0.398926 -0.222778 0.953491 -0.021729 -0.012573 0.041748
-0.383545 -0.192627 0.950439 0.005371 -0.004517 0.070679
-0.413452 -0.147339 0.949829 0.007813 -0.001099 0.074585
-0.419556 -0.138306 0.947266 -0.012573 -0.012939 0.065308
-0.403564 -0.161255 0.948120 -0.014771 -0.007446 0.086914
-0.826294 0.060303 0.948364 -0.078735 -0.129761 -0.032227
-0.469360 -0.113647 0.968384 -0.014160 -0.021729 0.129395
-0.421753 -0.239624 0.962769 -0.081665 -0.137085 -0.005249
-0.212524 -0.309937 0.927856 -0.059937 -0.130859 0.036743
-0.519287 -0.079834 1.000732 -0.103271 -0.160767 0.012939
-1.042603 0.364014 1.011841 -0.123535 -0.190063 0.013428
-1.076904 0.014526 0.979492 -0.139771 -0.199951 0.122437
-0.253296 -0.285645 0.990479 -0.158569 -0.193481 0.043335
-0.837036 0.205811 0.904663 -0.102905 -0.232300 -0.079956
-0.381348 -0.166992 1.007080 -0.058594 -0.138062 0.080811
-0.077271 -0.258911 1.061646 -0.143066 -0.187866 0.074097
0.791870 -0.860596 0.931396 -0.225952 -0.351685 -0.020752
0.120239 -0.250244 0.955811 -0.152710 -0.232544 0.017334
-0.513428 0.107910 0.964966 -0.103149 -0.188965 -0.000244
0.083374 -0.515625 0.987549 -0.155640 -0.194946 0.058472
-0.162109 -0.449707 0.911621 -0.130249 -0.208618 0.017212
-0.621338 -0.098145 1.053345 -0.130981 -0.149658 -0.001587
-0.516235 -0.040405 1.023682 -0.037842 -0.059082 0.072388
-0.268921 -0.253906 0.976196 -0.072144 -0.083496 0.028076
-0.105957 -0.380249 0.968506 -0.096558 -0.112915 0.018066
-0.853882 0.129639 0.992676 -0.057983 -0.081055 0.078857
-0.350220 -0.050781 0.979004 -0.002930 -0.064697 0.094849
-0.275146 -0.214844 0.980469 -0.064697 -0.105225 -0.041260
-0.332153 -0.153320 0.989014 -0.022949 -0.026733 -0.053345
-0.272461 -0.241455 0.989258 -0.044189 -0.042114 -0.080322
-0.234619 -0.275635 0.989746 -0.032837 -0.029907 -0.047974
-0.256226 -0.247437 0.996094 -0.014404 -0.007935 -0.029175
-0.274536 -0.223267 0.988525 -0.013672 0.001099 -0.002563
-0.277100 -0.233398 0.990601 -0.016724 -0.000854 -0.008423
-0.275757 -0.252930 0.990479 -0.015015 -0.003662 -0.021606
-0.278198 -0.248535 0.992188 -0.005859 -0.004883 -0.016113
-0.260132 -0.242676 0.992798 -0.004883 -0.006714 -0.017578
-0.262695 -0.242310 0.986694 -0.001465 0.001465 -0.006348
-0.280029 -0.230225 0.991211 0.000244 0.003662 0.003418
-0.275879 -0.225342 0.991943 -0.007568 0.000732 -0.006714
-0.270142 -0.232666 0.991455 -0.013428 -0.000732 0.001099
-0.282471 -0.234497 0.992432 -0.017456 -0.004639 0.001099
-0.281128 -0.256714 0.988770 -0.013672 -0.010742 -0.023315
-0.272461 -0.250854 0.989136 -0.003052 -0.010864 -0.030029
-0.250854 -0.239258 0.990112 -0.000610 0.000977 0.004395
-0.281982 -0.219727 0.993164 -0.005371 0.001099 0.003174
-0.281860 -0.229126 0.993164 -0.015015 -0.004272 -0.009155
-0.264893 -0.241211 0.987793 -0.015137 -0.002197 -0.009033
-0.283813 -0.242432 0.992310 -0.007080 -0.001343 -0.001221
-0.278198 -0.234253 0.988403 -0.007080 -0.005859 -0.012695
-0.261963 -0.227539 0.986206 -0.009644 -0.002075 -0.004272
-0.276245 -0.233643 0.991333 -0.011963 -0.001343 0.010254
-0.269043 -0.230957 0.988525 -0.014160 -0.002686 0.012329
-0.281494 -0.225952 0.987671 -0.020264 -0.006958 0.004272
-0.267944 -0.236206 0.988159 -0.021240 -0.008423 0.000732
-0.273682 -0.252930 0.992432 -0.013428 -0.006714 0.003296
-0.270386 -0.229248 0.986084 -0.013794 -0.006226 0.000366
-0.274902 -0.239502 0.989502 -0.014282 -0.005615 -0.003418
-0.277588 -0.239746 0.989990 -0.011719 -0.005493 -0.000854
-0.281128 -0.224731 0.990723 -0.015381 -0.007446 -0.006470
-0.276245 -0.230591 0.991211 -0.017578 -0.010376 -0.007935
-0.266479 -0.237061 0.987183 -0.016113 -0.009033 -0.006470
-0.270752 -0.233887 0.989746 -0.012817 -0.008179 0.007202
-0.268433 -0.221558 0.991577 -0.016602 -0.006104 0.026855
-0.282471 -0.225464 0.992676 -0.023193 -0.004639 0.023804
-0.276123 -0.242188 0.992554 -0.024292 -0.010620 0.001709
-0.281738 -0.238525 0.987915 -0.021484 -0.015503 -0.002441
-0.277222 -0.242798 0.997925 -0.019775 -0.014771 -0.004517
-0.270630 -0.233276 0.987183 -0.017700 -0.012695 0.001221
-0.275146 -0.232544 0.989502 -0.020264 -0.010254 -0.001831
-0.269043 -0.239624 0.989014 -0.020508 -0.007813 0.003052
-0.275757 -0.252197 0.986694 -0.015381 -0.003906 0.012939
-0.272461 -0.244507 0.993896 -0.010376 -0.005005 0.008789
-0.281860 -0.230469 0.992188 -0.010742 -0.007813 -0.002075
-0.269531 -0.225220 0.993042 -0.017334 -0.011963 -0.002441
-0.266846 -0.237793 0.991089 -0.020386 -0.008789 0.001587
-0.270508 -0.252930 0.990601 -0.015381 -0.005859 0.007324
-0.271118 -0.235718 0.989380 -0.013916 -0.004883 0.009277
-0.281494 -0.230225 0.991821 -0.015991 -0.006226 0.003052
-0.279297 -0.238037 0.987549 -0.017578 -0.009033 -0.000244
-0.281006 -0.249146 0.994995 -0.015015 -0.011230 -0.003296
