-0.114502 0.431152 0.965698 -0.014404 -0.017822 -0.000732
-0.121704 0.416016 0.968384 -0.019287 -0.011719 -0.009399
-0.129028 0.412354 0.961304 -0.020142 -0.005493 -0.020508
-0.145996 0.408203 0.965454 -0.021362 -0.008423 -0.025879
-0.143921 0.412231 0.967529 -0.019897 -0.014526 -0.025879
-0.121582 0.421631 0.964478 -0.020142 -0.018555 -0.014404
-0.135620 0.409058 0.968384 -0.021851 -0.022339 -0.010620
-0.131592 0.409546 0.965088 -0.019653 -0.024780 -0.017090
-0.137085 0.413818 0.962280 -0.020874 -0.026123 -0.026855
-0.117920 0.428589 0.964233 -0.018555 -0.026733 -0.028198
-0.112915 0.397095 0.958984 -0.021606 -0.019531 -0.013306
-0.140259 0.368164 0.955322 0.025513 -0.001099 0.040283
-0.027222 0.961060 1.024658 0.113892 -0.022095 0.192871
-0.414429 1.029907 1.077271 0.188721 0.032227 0.203979
-0.170288 -0.567627 0.678101 0.061035 -0.017944 0.006836
-0.163086 0.564453 0.998657 0.080322 -0.054443 0.156006
0.047363 0.551392 0.960938 0.045532 -0.081177 0.187622
-0.039429 0.612671 0.958252 0.086060 -0.019531 0.245483
0.277222 0.417358 0.776489 0.084595 0.034668 0.231689
-0.083618 0.485107 0.910034 0.060669 0.009277 0.197510
-0.100342 0.225220 0.891235 0.156982 0.095093 0.279663
-0.640869 0.491943 0.982544 0.083008 0.087158 0.217407
0.702759 0.430420 0.882202 0.039673 0.093140 0.035889
0.538818 0.500122 0.801514 -0.014282 0.070557 0.003418
-0.323853 0.096558 0.943481 -0.060547 0.154175 -0.041382
0.267944 0.538696 0.857788 -0.072388 0.163940 -0.069580
0.092285 0.588013 0.966553 -0.059937 0.104370 0.030640
-0.515503 0.216797 0.948608 -0.136597 0.155884 -0.030762
0.057373 0.679199 0.949585 -0.039795 0.059326 0.176025
-0.383545 0.122559 0.915894 -0.253418 0.169189 -0.261963
0.137573 1.197266 1.015625 -0.050171 0.050903 0.212646
-0.513672 -0.237549 0.805542 -0.223145 0.094604 -0.073242
-0.092651 0.571167 0.952393 -0.001221 0.008057 0.234863
-0.079712 0.746460 1.061157 -0.047729 0.021240 0.128784
-0.266113 0.324951 0.994751 -0.078003 0.038452 -0.013306
-0.227539 0.419556 0.959106 -0.003906 0.021240 0.212524
-0.198975 0.280640 0.924683 -0.046021 0.011719 0.116333
-0.000122 -0.000122 -0.000122 -0.059326 0.011230 0.027588
-0.000122 -0.000122 -0.000122 0.000000 0.000000 0.000000
-0.207031 0.513672 0.994385 -0.043335 0.021851 -0.062988
-0.139893 0.300781 0.923828 -0.064819 -0.017090 -0.106689
-0.119629 0.386353 0.927124 -0.051025 -0.028687 0.021729
-0.111328 0.484131 0.970459 -0.058228 -0.058105 0.001953
0.606567 0.190674 0.825195 -0.132202 -0.108887 -0.178955
-0.539917 0.472900 0.982300 -0.065674 -0.061523 -0.124268
-0.384644 0.349243 0.992798 -0.036377 -0.006226 -0.086914
0.006958 0.380859 0.907837 -0.040894 -0.060547 -0.062378
-0.187988 0.365112 0.961670 -0.042603 -0.059937 -0.060547
-0.317139 0.354126 0.997559 -0.048828 -0.008545 -0.150269
-0.487061 0.486572 0.994141 -0.045654 0.006714 -0.170410
-0.182495 0.545654 0.959473 -0.025757 -0.040649 -0.146606
-0.048096 0.733154 0.921997 -0.018066 -0.054932 -0.085938
0.014893 0.436768 0.960815 -0.009399 -0.085449 -0.099609
-0.058105 0.438477 0.992676 0.053101 -0.132813 -0.000244
-0.245361 0.334106 0.975830 -0.054932 0.014526 -0.158813
-0.332031 0.459595 1.052856 0.146240 -0.202515 0.112793
0.036743 0.216919 1.009888 0.038086 -0.120361 -0.060303
-0.225220 0.456177 0.966919 -0.029053 0.003662 -0.098267
-0.258057 0.255981 0.956665 -0.019653 -0.038818 -0.071533
0.117920 0.810791 0.963867 0.071655 -0.092041 0.063599
-0.144531 0.373169 0.959839 -0.008545 -0.023193 -0.043823
0.060303 0.961548 0.964355 0.172974 -0.186523 0.223145
0.597168 0.703979 1.130493 0.126953 -0.245605 0.202148
-0.233398 0.445313 0.962524 -0.004395 -0.018066 -0.007935
-0.100464 0.412598 0.960327 -0.002197 -0.039917 0.002075
-0.099243 0.389282 0.963013 0.002563 -0.017944 0.011597
-0.068970 0.406860 0.960815 0.013550 0.008423 0.059448
-0.086792 0.461548 0.960815 0.010986 0.037109 0.113647
-0.103027 0.479980 0.967041 -0.001709 0.041504 0.135132
-0.507568 -0.001709 0.951416 -0.088013 0.089722 -0.059326
0.031128 0.503296 0.963623 -0.011597 0.016846 0.106201
-0.289551 -0.155396 0.935059 -0.141724 0.102661 -0.134766
-0.850098 0.094849 0.992310 -0.174072 0.158447 -0.076294
0.075562 0.536011 0.977295 -0.018799 0.007813 0.078003
-0.186646 0.313477 0.951538 -0.027954 0.007446 0.021118
-0.125488 0.433716 0.966675 -0.014771 -0.001465 0.098022
-0.140991 0.403320 0.965454 -0.004272 -0.014893 0.122803
-0.051636 0.684204 1.065552 -0.098511 0.095947 -0.019043
-0.611084 0.164795 0.967285 -0.070068 0.062988 0.054810
-0.052979 0.464600 0.966431 -0.055786 0.022095 0.053833
-0.047974 0.582275 0.967773 -0.017944 0.017944 0.131958
-0.589111 -0.143921 0.946777 -0.159302 0.123535 -0.079468
-0.753784 -0.157593 0.954712 -0.144775 0.122681 -0.096436
0.066528 0.577759 0.988037 -0.020142 0.011719 0.090454
-0.672119 -0.112061 0.953125 -0.127441 0.086792 -0.085571
-0.073853 0.444214 0.969849 0.006470 -0.025635 0.190918
-0.017212 0.540283 0.960327 -0.090698 0.068726 -0.038452
-0.169556 0.591919 1.001221 -0.113037 0.109497 -0.069336
-0.175537 0.263916 0.974731 -0.048706 0.020630 0.038574
0.145874 0.718262 0.922729 -0.086182 0.072021 -0.024414
-0.065063 0.562744 0.973389 -0.009888 0.019287 0.143188
0.217651 0.753784 0.935791 -0.097656 0.083252 -0.014160
0.082886 0.519165 0.914063 -0.106079 0.056152 0.002441
0.066406 0.686401 0.971802 -0.006226 0.005371 0.185547
-0.070435 0.508179 0.969849 0.018677 -0.004517 0.185181
-0.451660 0.006104 0.927856 -0.204224 0.166992 -0.309082
-0.113159 0.422241 0.971436 0.009277 -0.028442 0.087769
-0.009399 0.509766 0.994873 -0.006348 0.001953 0.090942
-0.473267 -0.144409 0.984253 -0.185425 0.131348 -0.207031
-0.057983 0.473267 0.971680 0.020630 -0.055176 0.166992
-0.370728 -0.060059 0.957153 -0.156372 0.116333 -0.207764
-0.078979 0.509888 0.978394 -0.032349 0.008545 0.023438
-0.208618 0.359985 0.979126 -0.049805 0.022461 0.025879
-0.217285 0.306274 0.980347 -0.033691 -0.000610 0.057007
-0.034912 0.492310 0.958984 -0.078247 0.061035 -0.022461
-0.430054 0.139282 0.997070 -0.114868 0.083374 -0.099243
0.008423 0.251709 0.936646 -0.058594 0.012939 0.034790
-0.034302 0.479370 0.973022 0.012207 -0.026001 0.094238
-0.296875 0.279541 0.963257 -0.083984 0.087158 -0.071289
-0.134155 0.436279 0.985107 -0.016724 0.016968 0.063721
-0.642456 0.186035 1.005981 -0.234009 0.203003 -0.229492
-0.405762 0.102173 0.983276 -0.070801 0.013428 -0.007446
-0.175781 0.391724 0.962158 -0.079956 0.066895 -0.036499
-0.114624 0.433716 0.977295 -0.005005 -0.022949 0.003662
-0.190552 0.364868 0.976196 -0.005249 -0.002563 0.054443
0.307495 0.980347 0.879395 -0.070068 0.052002 0.008545
-0.417847 0.121460 0.978638 -0.097778 0.050781 0.013428
-0.094360 0.411987 0.971069 -0.001709 -0.023193 0.083008
-0.133301 0.401978 0.974243 -0.030396 0.015747 -0.021362
-0.239014 0.223145 0.982666 -0.033081 0.012695 -0.014893
-0.216797 0.347290 0.979614 -0.006958 -0.012939 0.066284
0.088867 0.833130 0.934448 -0.087891 0.052612 -0.015991
-0.059814 0.533081 0.975098 0.032593 -0.048218 0.141235
-0.142456 0.402222 0.978027 0.000244 -0.011230 0.086670
-0.208740 0.358276 0.980103 -0.015259 -0.001099 0.016479
-0.221802 0.304810 0.977295 -0.013184 -0.004150 0.023071
0.020996 0.568115 1.010620 -0.005005 0.002563 0.064819
-0.164185 0.057007 0.930786 -0.105591 0.074341 0.000854
-0.152588 -0.098755 0.968506 -0.036255 -0.016968 0.084717
-0.111450 0.409424 0.983276 0.002319 -0.033691 0.065796
-0.177368 0.375977 0.979614 -0.050537 0.025391 -0.114380
-0.260864 0.305664 0.987671 -0.044067 0.017700 -0.080688
-0.184814 0.353149 0.980591 -0.028809 -0.001343 -0.019653
-0.206421 0.340088 0.977539 -0.035522 0.010010 -0.037964
-0.223755 0.330444 0.978760 -0.033813 0.003174 -0.041626
-0.219604 0.324707 0.979370 -0.028564 -0.008545 -0.030029
-0.200439 0.325073 0.981934 -0.018311 -0.011841 -0.013550
-0.198608 0.343872 0.982178 -0.012939 -0.008179 -0.003540
-0.194458 0.354980 0.970947 -0.015747 -0.007080 -0.022095
-0.209839 0.335449 0.982422 -0.024170 -0.002441 -0.029785
-0.205078 0.333496 0.985107 -0.017822 -0.006958 -0.006348
-0.217041 0.331055 0.980103 -0.017456 -0.010010 -0.005737
-0.231689 0.320679 0.982056 -0.008179 -0.023193 0.008911
-0.209229 0.336060 0.982910 -0.004761 -0.035767 0.021973
-0.175415 0.340942 0.978760 -0.007202 -0.027710 -0.004639
-0.195801 0.345825 0.980713 -0.010376 -0.013062 -0.028931
-0.205444 0.349976 0.978638 -0.016846 -0.010742 -0.030151
-0.203491 0.336304 0.983521 -0.014648 -0.012451 -0.000610
-0.198608 0.341797 0.981689 -0.016357 -0.006470 0.000000
-0.208862 0.333618 0.983887 -0.019775 -0.005615 -0.025635
