-0.175781 0.330322 0.971680 -0.010620 -0.038818 0.011353
-0.188965 0.330688 0.972290 -0.019409 -0.009521 -0.000122
-0.220825 0.345459 0.978271 -0.021973 0.002197 -0.022461
-0.237061 0.333740 0.980469 -0.023315 0.001221 -0.012573
-0.254761 0.309570 0.977417 -0.013184 -0.014038 0.002930
-0.240479 0.297363 0.974731 0.004639 -0.027832 0.040527
-0.219727 0.335327 0.977051 0.018921 -0.033936 0.061768
-0.191528 0.365234 0.972656 0.009766 -0.027100 0.025269
-0.236450 0.303101 0.965210 0.016724 -0.013306 0.062500
-0.154541 0.346069 0.942383 0.047485 -0.007935 0.155518
0.050903 0.373169 0.937866 0.020020 -0.059204 0.170044
-0.532471 0.578125 1.358887 0.188477 0.111450 0.287720
0.466309 -0.126953 0.644897 0.072632 0.041260 0.104492
-0.106934 0.267700 0.976074 -0.007935 -0.010498 0.067261
0.264160 0.315308 0.687744 -0.009277 0.064453 0.083984
-0.156982 0.297729 0.965088 -0.008911 0.000000 0.125854
-0.068970 0.407227 0.908813 0.042969 0.055054 0.160889
-0.096680 0.498779 0.949585 0.052246 -0.009888 0.228638
-0.123291 0.439819 0.956055 0.058716 0.005859 0.194824
-0.384888 0.403931 0.779419 -0.056030 0.288452 0.180176
0.027832 0.564941 0.879395 -0.032593 0.083740 0.143921
-1.009399 -0.256958 1.029907 -0.089355 0.104126 0.116089
-0.061890 0.669434 0.991211 -0.010620 0.104126 0.209839
-0.211060 0.052979 0.922852 -0.098511 0.099854 0.007690
-0.184570 0.233398 0.965576 -0.086914 0.072144 -0.004639
-0.560669 0.240356 0.979492 -0.097290 0.095581 0.000000
0.000000 0.000000 0.000000 -0.002075 0.026367 0.202881
-0.000122 -0.000122 -0.000122 -0.221558 0.100708 -0.195801
-0.241211 0.269165 0.929077 -0.092163 0.037598 -0.014038
-0.268555 0.373535 0.972778 -0.074097 0.016846 0.042480
-0.227905 -0.257324 0.862183 -0.134521 -0.010864 -0.062012
-0.223267 0.409058 0.979736 0.000977 -0.014771 0.169312
-0.219360 0.380859 0.978638 -0.079712 -0.004028 -0.022095
-0.373901 0.490479 1.061035 -0.099121 -0.015747 -0.099243
-0.356079 0.393677 0.955566 -0.016968 0.025024 0.028442
-0.276978 0.374268 0.962891 -0.027344 -0.034302 0.011353
-0.206543 0.389526 0.974487 -0.025757 -0.027954 0.011719
-0.171265 0.355103 0.947510 -0.043213 -0.015015 -0.044800
-0.457031 0.385742 1.064331 -0.058716 -0.041748 -0.059570
0.297119 0.284668 0.866455 -0.073853 -0.134277 -0.137207
-0.229980 0.334839 0.936523 -0.059448 -0.025269 -0.132202
-0.356201 0.313354 0.999634 -0.028809 -0.078125 -0.095459
-0.261475 0.188477 0.958130 -0.040894 -0.054932 -0.104736
-0.296753 0.196655 0.977295 -0.063110 0.007324 -0.139160
-0.273193 0.502563 0.988403 0.043335 -0.121948 -0.074219
0.663086 0.760864 0.927368 0.036255 -0.152710 -0.068115
-0.367065 0.259155 0.966675 0.001099 -0.052002 -0.049561
-0.235107 0.258423 0.962158 -0.024292 -0.014282 -0.055176
0.009399 0.459351 0.948975 0.057861 -0.133545 -0.007446
-0.416626 0.182617 0.981201 -0.041870 0.021606 -0.104370
-0.531128 -0.153320 0.967529 -0.016479 -0.035767 -0.104980
-0.385620 0.181763 0.966919 0.007935 -0.031860 -0.080200
-0.272339 0.233765 0.968262 -0.014771 -0.030029 -0.075317
-0.128418 0.292114 0.925415 0.063965 -0.096191 0.018677
-0.264038 0.323975 0.973877 -0.031982 -0.002075 -0.062744
-0.241577 0.337891 0.969116 -0.007935 -0.021851 -0.010132
-0.226929 0.358032 0.979126 -0.004028 -0.031616 -0.006958
-0.217163 0.338623 0.968140 -0.005371 -0.039917 -0.027466
-0.182739 0.354248 0.971436 -0.004028 -0.033691 -0.024536
-0.183960 0.367065 0.970215 -0.010620 -0.014771 -0.027100
-0.240601 0.329834 0.970337 -0.005859 -0.012695 -0.010620
-0.185669 0.389404 0.965820 0.053589 -0.054810 0.040161
-0.192627 0.385132 0.972656 0.004883 -0.031738 -0.009277
-0.189941 0.347168 0.957520 0.007080 -0.032593 -0.019775
-0.227173 0.374268 0.976807 -0.014526 -0.003784 -0.036865
-0.240723 0.327271 0.971436 -0.013672 -0.013184 0.003296
-0.182495 0.364868 0.968018 -0.002930 -0.015869 0.034668
-0.196167 0.375854 0.967773 -0.018188 -0.002319 0.002075
-0.224731 0.344604 0.973999 -0.023926 0.002319 -0.019287
-0.232056 0.335083 0.973267 -0.010010 -0.008423 0.015503
-0.198975 0.363770 0.972290 0.005249 -0.011230 0.078613
-0.200195 0.364502 0.971069 0.007935 0.001465 0.099121
-0.168335 0.453369 0.973145 -0.019043 0.038330 0.109985
-0.182129 0.429321 0.970825 -0.045532 0.066284 0.140137
-0.246460 0.518066 0.957886 -0.000610 0.029785 0.193604
-0.602539 0.127441 1.024780 -0.141602 0.151245 0.013428
-0.056641 0.709229 0.958130 0.040649 -0.026611 0.164917
-0.516968 0.345337 1.003052 -0.074341 0.071167 0.063477
-0.140015 0.443726 0.976074 0.007690 -0.003906 0.116089
-0.350342 0.921143 0.994873 -0.096436 0.164917 0.065796
-0.742188 0.015015 1.068726 -0.048828 0.035278 0.145996
-0.063843 0.520996 0.969360 0.025146 -0.014771 0.199585
-0.336304 0.653687 0.979370 -0.046997 0.078247 0.148560
0.012085 0.730469 0.946289 -0.118286 0.086304 0.103638
-0.088501 0.188354 0.976440 -0.003418 -0.016602 0.195801
-0.495361 0.800781 1.026611 -0.150757 0.150269 0.030518
-0.194580 0.278076 0.952759 -0.084839 0.041504 0.012695
-0.166382 0.402588 0.970703 0.000366 -0.004761 0.113770
-0.203369 -0.026367 0.965454 -0.068359 0.014648 0.014893
-0.490234 -0.128540 0.965698 -0.112793 0.105347 0.010132
-0.134399 0.196167 0.974976 0.008423 -0.046631 0.099854
0.232544 0.977539 0.944702 -0.084351 0.100220 0.069580
-0.124634 0.488525 0.967896 0.055176 -0.063232 0.174194
-0.049316 0.539795 0.927246 -0.085083 0.050903 0.012329
-0.287231 0.346069 0.974731 0.020386 -0.028931 0.103516
-0.126587 0.449585 0.972778 0.011230 -0.003052 0.144043
-0.206055 0.368042 0.980835 -0.027588 0.018921 0.056152
-0.602051 -0.045288 0.977417 -0.131348 0.090820 -0.047119
-0.151733 0.362549 0.962524 0.003418 -0.026978 0.087891
-0.127930 0.272217 0.976929 -0.014648 -0.015869 0.036987
-0.115112 0.531738 0.974731 -0.026611 0.023560 0.050415
-0.016602 0.616211 0.979248 -0.035400 0.019287 0.057739
-0.059204 0.400146 0.965332 0.034058 -0.049316 0.183105
-0.180420 0.871948 0.805298 -0.251221 0.171143 -0.191284
-0.185913 0.561035 0.970459 0.052124 -0.044922 0.136841
-0.233887 0.495972 0.962158 -0.117798 0.098145 -0.089844
-0.197632 0.293701 0.971558 -0.014404 -0.007080 -0.053589
-0.285889 0.298096 0.971924 -0.016968 0.017090 0.005615
-0.318726 0.219360 0.930420 -0.151123 0.139160 -0.118042
-0.095459 0.548340 0.946411 0.023804 -0.015869 0.100220
-0.083862 0.237915 0.975830 -0.026978 0.003296 -0.029297
-0.216553 0.160889 0.980103 -0.050537 0.029541 -0.005005
-0.237061 0.340454 0.973389 -0.014526 0.016235 0.040039
-0.192505 0.432007 0.961670 -0.052856 0.031128 0.015503
-0.240601 0.202881 0.982910 -0.068604 0.025024 0.031372
-0.024048 0.380493 0.978760 -0.040283 0.008179 0.032227
-0.215698 0.384033 0.971924 0.016602 -0.020264 0.112671
-0.221069 0.373535 0.971436 -0.014893 0.012085 0.049194
-0.212402 0.395020 0.953613 -0.049561 0.040894 0.016357
-0.350830 0.065186 0.997681 -0.130371 0.046753 -0.044800
-0.242798 0.387329 0.971558 0.021606 -0.018433 0.150391
-0.219482 0.375732 0.976807 -0.014526 0.010620 0.074951
-0.394897 0.309448 0.989746 -0.097656 0.070801 -0.051147
-0.350220 0.292847 1.002441 -0.089600 0.049438 -0.040527
-0.462036 -0.060547 0.999512 -0.065796 0.010498 -0.042480
0.033691 0.673096 0.925049 -0.009277 0.000122 0.044556
-0.484741 0.080688 1.008423 -0.114624 0.060303 -0.100220
-0.222534 0.314209 0.971313 -0.015503 -0.016235 -0.001831
-0.283813 0.278687 0.976807 -0.034180 0.004883 -0.026855
-0.264526 0.288696 0.972534 -0.017090 0.001099 0.042847
-0.278687 0.308594 0.970825 -0.021118 -0.001465 0.001343
-0.284180 0.288330 0.976440 -0.020752 -0.011108 -0.015991
-0.256470 0.305054 0.975098 -0.018066 -0.014404 -0.008423
-0.274780 0.291992 0.973999 -0.014038 -0.009155 0.011108
-0.273804 0.303589 0.976929 -0.012207 -0.013184 0.015747
-0.262329 0.311401 0.972900 -0.008667 -0.012817 0.023926
-0.251587 0.307373 0.976074 -0.014404 -0.005737 0.004761
-0.287354 0.287720 0.975098 -0.016724 -0.003174 -0.005249
-0.267212 0.302612 0.973877 -0.007568 -0.014893 0.023315
-0.252319 0.311523 0.966187 -0.010620 -0.010254 0.018799
-0.265869 0.304321 0.975586 -0.017578 0.000488 0.002686
-0.262207 0.318726 0.972168 -0.012329 -0.003662 0.024414
-0.272583 0.303101 0.973877 -0.021362 -0.003784 -0.011719
-0.264771 0.306519 0.972168 -0.022949 -0.005859 -0.027832
-0.260986 0.289307 0.974365 -0.017212 -0.005371 -0.020386
-0.277222 0.304199 0.975586 -0.007690 -0.005737 0.020386
-0.274780 0.305054 0.971802 -0.011963 -0.009399 0.012451
-0.263672 0.287964 0.979370 -0.011475 -0.009277 0.006714
-0.259277 0.311646 0.975952 -0.003052 -0.008301 0.053345
-0.270630 0.329590 0.978516 -0.005859 -0.003418 0.053101
