-0.231689 0.297485 0.993896 -0.011841 -0.007813 0.037964
-0.211182 0.316040 0.987549 -0.015869 -0.008179 0.024170
-0.216675 0.318848 0.990112 -0.023682 -0.002319 0.004883
-0.219360 0.299561 0.987793 -0.026001 -0.000244 -0.002808
-0.234131 0.288696 0.987671 -0.019165 -0.002563 0.013184
-0.214966 0.304077 0.987671 -0.014526 -0.004639 0.023926
-0.213135 0.318970 0.987183 -0.016357 -0.000610 0.007446
-0.242798 0.294067 0.983887 -0.010254 0.001465 -0.009399
-0.248291 0.287109 0.992920 -0.004272 -0.015137 0.002808
-0.187622 0.248779 0.987793 -0.005859 -0.026001 0.002808
-0.200684 0.312134 0.986450 -0.010132 -0.013184 0.001587
-0.223633 0.295898 0.987305 -0.003906 0.007202 0.015137
-0.219482 0.333374 0.997192 0.006836 0.010620 0.057861
-0.209961 0.334839 0.979248 0.005859 0.020630 0.064697
-0.036011 0.113647 0.965454 0.006104 0.024170 0.037109
-0.147705 0.697144 1.020386 0.066895 -0.040405 0.250732
-0.092285 0.282227 1.017334 0.112305 0.105835 0.161987
-0.063599 0.301025 0.958130 0.037109 -0.024292 0.055542
-0.002319 0.203735 0.921509 -0.006836 0.026855 0.064819
-0.289307 0.449585 0.995850 0.061035 0.022705 0.253662
-0.358032 0.401611 1.016113 0.058594 0.050293 0.272339
0.077515 0.379883 0.896973 0.020142 0.048706 0.175293
-0.010864 0.058350 0.993530 -0.013428 0.026123 0.108276
-0.115479 0.414551 0.972900 0.057861 -0.038818 0.236938
-0.911377 0.262573 1.001831 -0.254395 0.291992 -0.008911
-0.175293 0.357666 0.985962 -0.067261 0.040771 0.129028
-0.197876 0.465698 1.003296 -0.023071 0.014160 0.260864
-0.510498 -0.290771 1.023193 -0.232666 0.106079 0.002319
-0.081665 0.867065 1.050171 -0.015503 0.003906 0.212646
-0.212524 0.369995 0.967407 -0.030273 0.003418 0.143188
-0.227051 0.547119 1.024048 -0.051270 -0.002319 0.116455
-0.189941 0.296631 0.971069 -0.065430 -0.008423 0.046631
-0.309204 0.347046 1.023682 -0.057495 -0.008423 -0.005493
0.008545 0.355835 0.909790 -0.083496 -0.043091 -0.093384
0.358643 0.300781 0.922729 -0.103638 -0.127441 -0.158936
-0.209839 0.221558 0.934204 -0.097534 -0.029663 -0.166382
-0.385986 0.319336 1.033203 -0.042358 -0.037354 -0.108765
-0.165283 0.341064 0.970093 -0.059937 -0.040894 -0.185913
-0.144653 0.290283 0.982788 -0.041016 -0.111450 -0.141113
-0.510376 0.028809 0.951050 -0.017700 -0.070679 -0.147217
-0.646606 0.054932 1.039795 -0.039673 -0.021240 -0.149780
0.755737 0.567383 1.006836 0.074463 -0.189819 -0.030518
-0.664917 -0.008179 1.022217 0.000244 -0.055176 -0.071289
-0.220947 0.697266 0.960571 -0.000244 -0.023560 -0.130615
-0.190552 0.626465 0.976318 0.058472 -0.065552 -0.060181
-0.337280 -0.088379 0.940918 0.049805 -0.094971 -0.022095
-0.104370 0.605591 1.042603 0.087402 -0.098267 0.038574
-0.199219 0.375732 0.965088 0.006348 -0.048950 0.014160
-0.239868 0.307129 0.977661 -0.010132 -0.016846 0.051025
-0.178833 0.348389 0.986572 -0.021851 -0.007080 0.081909
-0.207886 0.311890 0.991089 -0.047363 0.019165 0.052124
-0.238525 0.272949 0.990967 -0.042114 0.017456 0.022461
-0.283813 0.244507 0.998779 -0.039795 0.018799 0.038452
-0.175293 0.295166 0.972290 -0.005371 0.007935 0.112427
-0.137329 0.194092 0.971313 0.002441 0.007813 0.165649
-0.323853 -0.480347 1.006836 -0.106201 0.053345 0.050659
0.096191 0.620850 0.962036 -0.054688 0.027466 0.090820
0.200317 0.579224 0.952515 0.028809 -0.040161 0.188965
-0.046021 0.364868 0.980835 0.030396 -0.047607 0.134399
0.030762 0.477173 0.953125 -0.015625 0.048950 0.088135
-0.231323 0.562378 0.992920 0.026489 -0.021973 0.148071
-0.468384 0.455322 1.071655 -0.077393 0.128784 0.103760
-0.069946 0.479614 0.979492 -0.046021 0.003662 0.073120
-0.074585 0.567139 0.990234 0.005737 -0.036621 0.083618
-0.215332 0.161377 1.000122 -0.015015 0.007813 0.092285
-0.399292 0.203369 0.960938 -0.071655 0.073364 0.044922
-0.782227 0.031372 1.041504 -0.143799 0.129028 -0.073853
-0.196777 0.017334 0.990845 -0.007446 -0.045410 0.067627
-0.158813 0.361694 0.995117 -0.108643 0.101563 -0.039917
-0.076416 0.326538 0.987061 0.019287 -0.026611 0.065674
0.171265 0.777832 0.864380 -0.198120 0.146118 -0.138184
-0.101685 0.545898 0.992188 -0.059814 0.032104 0.022583
-0.528076 0.008545 1.035034 -0.083252 0.063354 0.060913
-0.365112 0.145508 1.007568 -0.077393 0.071899 -0.008179
-0.213257 0.338013 0.977051 -0.037964 0.034424 0.034058
-0.534180 -0.208740 0.997925 -0.161987 0.110352 -0.064331
-0.205688 0.245605 0.993530 -0.026978 0.014404 0.080933
-0.590698 -0.044922 1.009155 -0.155640 0.139771 -0.066895
-0.787231 0.299805 1.065552 -0.014160 0.046631 0.114990
-0.323853 0.239380 1.014404 -0.017700 -0.001831 0.123779
-0.034668 0.304077 0.983521 0.025757 -0.043091 0.105225
-0.186646 0.326904 0.987793 0.026367 -0.000488 0.139526
-0.254272 0.298950 0.995972 0.005127 0.014160 0.043579
-1.407227 -0.431763 1.098999 -0.331909 0.274292 -0.280518
-1.251465 -0.546265 1.076660 -0.125854 0.069946 -0.061890
-0.515625 1.050537 1.077026 -0.180298 0.180176 -0.244019
-0.098267 0.524536 0.979980 0.084473 -0.100342 0.077271
-0.392090 0.390381 1.051758 -0.104858 0.097168 -0.052368
-0.141357 0.255981 0.985596 0.024536 -0.029297 0.015381
-0.103760 0.051758 1.003052 -0.050049 0.039063 0.009521
-0.210327 0.340942 0.974731 -0.015991 0.018677 0.044922
-0.192261 0.348389 0.990112 0.029053 -0.044312 0.111328
-0.180908 0.349243 0.985107 -0.011963 0.000488 0.010132
-0.264771 0.257690 0.987549 -0.034546 0.014282 -0.026123
-0.268555 0.246460 0.997925 -0.030884 0.009399 -0.020142
-0.264038 0.260376 0.987305 -0.017822 -0.002197 0.003540
-0.267456 0.262817 0.983765 -0.011963 -0.015381 -0.027100
-0.237793 0.277466 0.984619 -0.008057 -0.016968 -0.019775
-0.235107 0.283203 0.985718 0.001099 -0.009277 0.036987
-0.251343 0.299072 0.985229 -0.005981 0.001099 0.015503
-0.272461 0.286377 0.991333 -0.010864 -0.010254 -0.015869
-0.243408 0.255737 0.988647 -0.016113 -0.012939 -0.025391
-0.229126 0.283203 0.986450 -0.008911 -0.002563 0.021118
-0.261963 0.270020 0.984741 -0.018066 0.008301 -0.008667
-0.259521 0.272217 0.989746 -0.019043 -0.001343 -0.035645
-0.256958 0.288940 0.986450 -0.020142 -0.004639 -0.046997
-0.248779 0.270264 0.987671 -0.025513 -0.004028 -0.050293
-0.265869 0.251465 0.990356 -0.012451 -0.002197 0.000610
-0.265869 0.277588 0.991699 0.005615 -0.007813 0.061523
-0.266724 0.264404 0.991943 0.013428 -0.012817 0.080200
-0.234619 0.301270 0.984131 0.010132 -0.008057 0.071777
-0.245117 0.280640 0.987549 -0.011719 0.006226 0.015137
-0.268066 0.268433 0.986694 -0.009521 0.004761 0.050171
0.264282 0.854858 0.890625 -0.046387 0.046143 0.012695
-0.174561 -0.124756 1.019287 -0.055908 -0.045044 0.017578
-0.132813 0.380981 0.985596 0.020752 -0.024414 0.125000
-0.250610 0.276001 0.990356 -0.013184 0.019775 0.020386
-0.265503 0.331787 0.986816 -0.022095 0.008911 -0.021362
-0.266602 0.275879 0.989380 -0.046875 0.002441 -0.088623
-0.271118 0.213623 0.991211 -0.035034 0.002686 -0.028687
-0.264160 0.259644 0.988647 -0.006348 -0.004272 0.053711
-0.274414 0.265381 0.987793 -0.000977 -0.005005 0.055542
-0.253906 0.270508 0.990356 -0.004517 -0.006348 0.028687
-0.267090 0.257202 0.985596 -0.017456 0.001099 0.026001
-0.234863 0.309570 0.984619 -0.012329 -0.004761 0.074585
-0.249634 0.288818 0.980713 -0.028198 0.011719 0.051270
-0.239014 0.269287 0.985474 -0.023438 0.010620 0.030518
-0.261475 0.247314 0.985352 -0.019043 0.018555 0.043579
-0.296265 0.249878 0.989380 -0.044189 0.038086 0.013794
-0.188599 0.329468 0.982056 -0.005127 0.003662 0.029663
-0.365112 -0.453613 1.020264 -0.106445 0.025146 -0.065796
-0.233643 0.326538 0.985474 0.001221 0.002686 0.076660
-0.273926 0.280884 0.980225 -0.047363 0.029053 -0.039063
-0.287720 0.240356 0.992188 -0.041016 0.010986 -0.070313
-0.283081 0.230957 0.984375 -0.031372 -0.000854 -0.066528
-0.259888 0.250854 0.984741 -0.012085 -0.005859 0.022705
-0.254639 0.273926 0.979736 -0.011475 0.003296 0.073975
-0.229492 0.388428 0.976563 -0.051758 0.028198 0.010498
-0.298706 0.044312 1.002808 -0.038330 -0.013672 0.014526
-0.220215 0.281128 0.985718 0.006958 -0.019897 0.098633
-0.231079 0.313843 0.984253 -0.017456 0.006958 0.003174
-0.306519 0.243286 0.988525 -0.031616 0.010986 -0.039795
-0.277222 0.258301 0.986816 -0.024658 -0.002075 -0.008545
-0.275024 0.266724 0.988403 -0.012085 -0.009888 0.017090
-0.276733 0.245605 0.989990 -0.005737 -0.012939 0.028320
-0.248169 0.280884 0.988403 -0.010742 -0.006104 0.018799
-0.229858 0.317261 0.981689 -0.019775 0.005493 0.015259
-0.319092 0.114990 1.000000 -0.048828 0.007446 -0.029663
-0.235229 0.295410 0.981445 -0.010620 -0.011841 -0.004761
-0.293091 0.240479 0.991699 -0.013428 -0.000244 0.005005
