-0.258179 0.314209 0.954590 -0.027710 -0.030518 -0.056152
-0.207153 0.375977 0.952515 -0.006958 -0.015991 -0.007568
-0.256104 0.354370 0.954224 -0.010010 0.010498 0.011841
-0.279053 0.380249 0.956665 -0.006714 0.005005 0.054443
-0.290405 0.380371 0.955078 -0.010986 -0.010742 0.045166
-0.283813 0.341431 0.955078 -0.033081 -0.032593 0.026489
-0.206421 0.417725 0.952148 -0.035767 -0.039917 0.037109
-0.205444 0.383301 0.943848 -0.053467 -0.012085 -0.026978
-0.307373 0.412231 0.992432 0.005005 0.039795 0.019531
-0.258911 0.496460 0.993164 -0.007446 0.013794 -0.076904
-0.008423 -0.811157 0.936768 0.110352 0.027588 0.043091
-0.263794 1.267700 1.109253 0.180176 -0.059937 0.524658
-0.208496 0.324463 1.019043 0.084351 -0.011475 0.024292
-0.209229 0.339966 0.943115 0.025269 0.024414 0.069092
-0.255859 0.416016 0.943848 -0.017700 0.042725 -0.027832
-0.394531 0.387695 0.971313 0.001099 0.033081 0.009033
-0.335327 0.254150 0.876953 0.025146 0.011841 0.041260
-0.547729 0.584839 0.997681 0.154907 0.015747 0.305786
-0.334595 0.569214 1.041626 0.111328 -0.003540 0.082764
-0.363892 0.420166 0.963623 0.072754 0.068726 0.026611
-0.651123 0.502930 1.029053 0.019409 0.058228 -0.003906
-0.213257 0.374390 0.925049 -0.018066 0.001099 -0.087646
-0.277588 0.400146 0.934326 0.002563 0.010742 0.018188
-0.280640 0.337280 0.924561 0.013916 0.001221 0.065063
-0.638672 0.373535 1.014526 0.067139 0.030640 0.188721
0.819458 0.901123 0.617676 0.047852 0.016602 0.235107
-0.533813 0.227051 0.977295 -0.066284 0.075073 0.038818
0.054199 0.669678 0.920410 0.054199 -0.047363 0.257690
-0.266846 0.365479 0.923340 -0.039795 0.060547 0.050781
0.166138 1.068604 0.832031 -0.053955 0.081665 0.064941
-0.746216 -0.037720 0.998657 -0.207397 0.114868 -0.248535
0.254761 1.490723 0.930664 -0.047363 0.046143 0.138062
-0.257080 0.373413 0.953979 -0.136475 0.038818 -0.212036
-0.274292 0.509766 0.934326 -0.007080 0.009277 0.068970
-0.273560 0.375610 0.953125 -0.038940 0.005371 0.063477
-0.024048 0.099731 0.914673 -0.170410 -0.023315 -0.034424
-0.351563 0.026001 0.860474 -0.259521 0.063354 -0.105103
-0.332031 0.431519 0.964233 -0.003174 0.007202 0.197388
-0.247314 0.238159 0.855469 -0.185913 -0.042969 -0.036499
-0.271973 0.478027 0.938843 -0.000854 0.015869 0.147705
-0.312622 0.458496 0.955444 -0.027710 -0.010132 0.066895
-0.220581 0.374146 0.934326 -0.089355 -0.041748 -0.038208
-0.236938 0.389160 0.946899 -0.019653 -0.008179 0.075806
0.097656 0.338623 0.815308 -0.063232 -0.088623 0.064697
-0.362793 0.414185 0.983643 -0.045410 -0.012573 0.040894
-0.346680 0.347168 0.947266 -0.061035 -0.004150 -0.074707
-0.333862 0.326660 0.963745 -0.049438 -0.044067 -0.091309
-0.249634 0.329834 0.943359 -0.047241 -0.013794 -0.105713
-0.255371 0.328735 0.955444 -0.028931 -0.044312 -0.093750
-0.415894 0.380615 0.981201 -0.026489 -0.066040 -0.055420
0.423462 0.581055 0.917603 -0.005249 -0.150513 -0.079712
-0.457764 0.396729 0.983154 -0.039185 -0.010254 -0.075928
-0.702271 -0.062134 0.994995 0.000977 -0.092163 -0.035156
-0.338013 0.394531 0.954102 -0.031616 0.001831 -0.074097
0.494263 0.107910 1.036011 0.070435 -0.213501 -0.079224
-0.338135 0.465576 0.965088 -0.023071 -0.017822 -0.171143
-0.143799 0.785034 0.962158 0.052979 -0.083984 -0.083740
-0.629761 -0.010376 0.979614 -0.026001 -0.017578 -0.153687
-0.309326 0.276367 0.963135 -0.049072 0.000488 -0.130493
-0.273926 0.322754 0.959473 -0.036865 -0.026611 -0.126953
0.884766 1.539307 1.005371 0.333618 -0.269775 0.198120
-0.395996 0.382446 0.973022 -0.022949 0.012085 -0.095581
0.003540 0.587524 0.938354 0.059937 -0.076050 0.018433
-0.335449 0.341675 0.955811 -0.023682 0.007813 0.040161
-0.250244 0.324951 0.958374 0.006836 -0.015869 0.102051
-0.202637 0.372803 0.957764 0.019165 -0.000488 0.128906
-0.212524 0.394409 0.948975 0.016235 0.027954 0.151245
-0.539063 0.125610 0.969116 -0.073853 0.083374 0.056030
-0.050171 0.503540 0.935913 -0.039673 0.031494 0.075684
-0.164429 0.352051 0.953491 0.027222 -0.039917 0.142700
-0.153564 0.498047 0.952881 -0.008911 0.042358 0.127808
-0.129883 0.534790 0.953735 -0.035645 0.043823 0.023560
-0.482300 0.034912 0.983154 -0.071289 0.072632 -0.009644
0.436768 0.867554 0.798950 0.029297 -0.008179 0.153564
-0.233032 0.487671 0.951050 0.031738 -0.006958 0.179321
-1.174805 -0.582031 1.095947 -0.292480 0.226685 -0.129150
-0.081787 0.539307 0.951294 0.043701 -0.049561 0.214111
-0.770752 -0.332886 0.925903 -0.269409 0.149902 -0.133057
-0.080933 0.417847 0.941040 -0.009033 0.006714 0.114868
-0.464478 0.194702 0.989624 -0.207153 0.095947 -0.085327
-0.253052 0.161011 0.929932 -0.116699 0.055908 -0.042114
-0.160034 0.423218 0.954956 0.001221 -0.000366 0.105469
-1.118896 -0.185669 1.045166 -0.211792 0.184937 -0.199951
-0.267700 0.348877 0.953735 -0.003906 -0.009766 0.093872
-0.673340 -0.117065 1.018799 -0.203125 0.136963 -0.101929
-0.581787 -0.026001 0.964233 -0.096313 0.033569 0.033691
-0.174805 0.409546 0.943237 -0.000977 0.003784 0.128662
-0.303101 0.205078 0.955200 -0.044067 0.027954 0.026245
-0.271851 0.355835 0.953491 -0.012695 0.012329 0.077271
-0.041870 0.459839 0.926636 -0.033325 0.034302 -0.008789
-0.000122 -0.000122 -0.000122 -0.000122 -0.000122 -0.000122
-0.135254 0.395630 0.950439 0.015625 -0.028198 0.022339
-0.220581 0.385498 0.902100 -0.132935 0.102905 -0.279175
-0.259888 0.375854 0.952026 -0.021362 0.005493 -0.074585
-0.176514 0.456421 0.931519 -0.038574 0.033203 -0.035034
-0.120728 0.744629 0.903687 -0.071899 0.065552 -0.020996
-0.316772 0.378540 0.986328 -0.110229 0.046387 -0.014160
-0.151367 0.465210 0.954468 0.007080 -0.001587 0.092163
-0.320557 0.623169 0.942261 -0.114746 0.113037 -0.028076
-0.346680 0.475586 0.948120 0.014526 -0.004272 0.127930
0.018066 1.292480 0.846558 -0.109131 0.085815 0.043457
0.237915 0.559204 0.703491 -0.152466 0.072266 -0.049316
-0.155518 0.610352 0.963989 0.032104 -0.040527 0.270996
-0.231445 0.195435 -0.031494 -0.109985 0.031738 -0.022339
-0.268188 0.443726 0.949463 -0.020996 -0.005005 0.043335
-0.293823 0.340820 0.947144 -0.031738 0.015381 0.081055
-0.327515 0.276611 0.958252 -0.012695 -0.003174 0.124390
-0.977661 -0.438354 1.011719 -0.121948 0.018433 -0.084351
-0.198364 0.339355 0.951416 -0.002808 -0.001465 0.148682
-0.342407 0.473633 0.966187 -0.128052 0.067993 -0.031006
-0.181396 0.528687 0.891479 -0.197754 0.121582 -0.224731
-0.823364 -0.581787 1.052368 0.062256 -0.122803 0.182373
-0.082031 0.388550 0.953491 0.018311 -0.005615 0.204224
-0.280762 0.447510 0.928223 -0.082520 0.070801 -0.040894
-0.361938 0.279419 0.957397 -0.065918 0.032715 -0.007690
-0.311279 0.276489 0.954712 -0.031372 -0.000488 0.002930
-0.319458 0.298462 0.959229 -0.010864 -0.001343 0.047974
-0.339600 0.269165 0.958252 -0.002930 -0.011475 0.062012
-0.286377 0.323853 0.949829 -0.008789 0.000488 0.111328
-0.202637 0.384155 0.950073 -0.149048 0.106445 -0.085205
-0.137695 0.011108 0.967651 0.050781 -0.054565 0.158936
-0.314697 0.309692 0.954346 0.008667 -0.017212 0.108154
-0.303223 0.291260 0.957397 -0.001343 -0.005859 0.108032
0.109985 0.902466 0.822632 -0.173584 0.122559 -0.053955
-0.636475 -0.409912 1.008789 -0.014282 -0.035767 0.045898
-0.225220 0.363403 0.955566 -0.014404 0.005127 0.106323
-0.314331 0.316528 0.953003 -0.042725 0.020630 -0.048096
-0.332520 0.283081 0.957275 -0.024414 -0.000244 -0.070557
-0.297729 0.296997 0.951294 -0.014160 0.004517 -0.056641
-0.263306 0.327515 0.953369 -0.012695 0.037720 0.036377
-0.335205 0.332886 0.952515 -0.038208 0.038818 -0.043701
-0.387695 0.283569 0.958374 -0.024048 0.001099 -0.029907
-0.336670 0.239258 0.960083 0.013062 -0.026489 0.085083
-0.287964 0.338623 0.953003 0.001099 -0.007813 0.106445
-0.326294 0.290161 0.954590 -0.016357 0.001099 0.041382
-0.332886 0.282227 0.954834 -0.014526 0.001709 0.048828
-0.326050 0.289185 0.953613 -0.014893 0.000610 0.060059
-0.312744 0.331787 0.953857 -0.021729 0.005249 0.028076
-0.340088 0.291748 0.955322 -0.020264 0.000610 0.006714
-0.353271 0.284668 0.952881 -0.019897 -0.010010 0.023682
-0.278809 0.328247 0.952026 -0.015625 -0.013428 0.058350
-0.256470 0.335938 0.954590 -0.027832 0.017578 0.058350
-0.282104 0.356201 0.947632 -0.077637 0.064209 -0.051514
-0.396606 -0.211060 0.988037 -0.026367 0.018188 -0.028320
-0.371338 0.259155 0.959106 -0.013672 -0.005615 0.027710
-0.339966 0.269409 0.953125 -0.019897 -0.004272 -0.009033
-0.307617 0.300903 0.950928 -0.022705 0.000732 -0.018921
-0.339355 0.295532 0.957031 -0.027954 0.001587 -0.048706
-0.359009 0.273438 0.957886 -0.026367 -0.007568 -0.045166
-0.333496 0.301147 0.956421 -0.022583 -0.016968 -0.031372
