-0.138306 0.483521 1.045288 0.088745 -0.049927 0.114990
-0.088379 0.382690 0.980957 -0.014648 -0.014038 -0.000122
-0.137939 0.390381 0.975708 -0.015747 -0.003540 0.011841
-0.113281 0.417725 0.975586 -0.010742 -0.013550 0.029419
-0.087158 0.411133 0.973267 -0.011108 -0.005859 0.022095
-0.071533 0.401245 0.963135 -0.014893 0.017700 -0.011475
-0.126953 0.375610 0.947144 -0.003174 0.029419 -0.035889
-0.200195 0.045166 0.752930 0.002075 0.000244 -0.009644
-0.051392 0.240234 0.967773 -0.039429 -0.038086 0.029053
-0.032837 0.444092 0.973633 0.017090 -0.037720 0.029785
-0.077148 0.343140 0.926758 0.040649 0.010742 0.000122
-0.250244 0.371216 1.016724 0.080811 0.046875 0.048828
-0.178589 0.320435 0.959106 0.020264 0.003540 0.037231
0.140625 0.172974 0.803589 0.052856 -0.006226 0.106567
-0.703613 0.516846 1.225830 0.179932 0.078125 0.286499
0.048828 0.405029 0.949341 0.013306 -0.070679 0.093750
0.274658 0.369141 0.923462 0.042969 0.003296 0.104858
-0.625000 0.846802 1.157349 0.140259 0.114746 0.334717
0.112671 0.347412 0.890015 0.019409 0.028809 0.068115
0.098633 0.524170 0.954224 0.034058 0.066162 0.125610
-0.266479 0.466309 0.998901 0.010498 0.094971 0.146851
-0.351929 0.478638 0.978638 0.008667 0.153198 0.180908
0.539795 0.786499 0.890015 0.016113 0.025757 0.178833
-0.287231 0.207275 0.977417 0.025513 -0.011597 0.222778
0.967041 0.938721 0.863525 0.029663 0.099854 0.094849
-0.100708 0.780273 0.924194 -0.195313 0.188477 -0.166504
-0.413208 0.085205 0.940796 -0.071045 0.052734 0.091797
-0.330444 0.086060 0.889648 -0.161011 0.116089 -0.121582
-0.446167 0.603394 1.078003 -0.262939 0.217407 -0.244385
0.037476 0.791870 0.991455 -0.001465 0.004150 0.193848
-0.164307 0.350098 0.958984 -0.034058 0.024414 0.107544
-0.275513 0.320190 0.915405 -0.104004 0.028442 0.004883
-0.244019 0.643799 1.063354 -0.056641 -0.016968 0.054199
0.018677 0.241455 0.906494 -0.109131 -0.036743 -0.020264
-0.178589 0.335693 1.020386 -0.109985 -0.012939 -0.046631
-0.142822 0.504395 0.980713 -0.097046 -0.011475 -0.065918
-0.342896 0.509521 0.987671 -0.046753 -0.005493 -0.016968
-0.139404 0.404785 0.940796 -0.067017 -0.060181 -0.092407
-0.034302 0.378540 0.957764 -0.052612 -0.060669 -0.117798
-0.223755 0.354492 0.980103 -0.026489 -0.040771 -0.085815
-0.039185 0.247192 0.956055 -0.045776 -0.044800 -0.072144
-0.391479 0.461792 1.018066 -0.032349 -0.027344 -0.029297
0.049438 0.464966 0.946655 -0.014771 -0.074951 -0.038330
-0.250732 0.358032 0.988281 -0.039307 -0.024048 -0.082642
-0.079712 0.364868 0.962158 -0.037354 -0.024658 -0.096436
0.033203 0.348511 0.992065 -0.006836 -0.138306 -0.067749
-0.061279 0.491455 0.944092 -0.025635 -0.016846 -0.078369
-0.255615 0.347290 0.985352 -0.020874 -0.039795 -0.033936
-0.395020 0.175781 0.976929 0.010010 -0.106812 -0.011597
0.393799 0.644653 0.946777 0.034546 -0.103027 -0.038208
-0.119507 0.307251 0.985229 0.006714 -0.066162 -0.042114
0.279663 0.934570 0.959229 0.050415 -0.113770 -0.023438
-0.592651 -0.077637 0.850342 0.013184 -0.110596 -0.044678
-0.245728 0.196899 0.954834 -0.019409 -0.047485 -0.098267
-0.210083 0.223389 0.931030 0.030762 -0.082153 -0.059692
-0.184082 0.104492 0.981323 -0.067261 0.008789 -0.107422
-0.154785 0.323242 0.977661 -0.021973 -0.016479 -0.053101
-0.111938 0.402954 0.970459 -0.011719 -0.022339 -0.007446
-0.119995 0.397095 0.970825 -0.012695 -0.023804 -0.030884
-0.136963 0.397095 0.971069 0.004150 -0.034546 0.012817
-0.098267 0.395630 0.971191 0.017578 -0.043701 0.086914
-0.040649 0.441528 0.971436 0.018677 -0.016602 0.113525
-0.080444 0.442871 0.973877 0.000366 0.018188 0.088867
-0.081787 0.427734 0.964966 -0.014893 0.051758 0.089844
-0.099365 0.467896 0.961060 -0.057373 0.082764 0.066406
-0.482666 0.275635 1.016602 -0.111084 0.154785 0.026489
-0.468750 0.304443 1.104126 -0.140991 0.180908 0.003540
-0.101318 0.404053 0.931152 -0.048462 0.075439 0.170044
-0.134766 0.372070 1.000732 -0.047607 0.057617 0.226929
-0.331909 -0.078491 0.944580 -0.136230 0.144409 0.048340
-0.041016 0.414795 0.971558 0.010010 -0.032349 0.194092
0.199951 0.773193 0.942993 -0.083130 0.096802 -0.011230
0.086426 0.646118 0.959351 -0.008423 -0.000854 0.134521
0.149780 0.594971 0.966431 -0.031738 0.031860 0.111694
-0.180542 0.145142 0.975952 -0.075928 0.030396 0.029663
-0.057739 0.409302 0.982178 -0.003540 -0.013916 0.124146
-0.698608 -0.015503 0.997070 -0.199097 0.190918 -0.167725
-0.320435 0.167969 0.983398 -0.073486 0.018921 0.033691
-0.111816 0.314087 0.964844 -0.034912 0.019531 0.024414
-0.140503 0.392456 0.971191 -0.076050 0.066162 -0.001953
-0.039795 0.468018 0.985840 -0.008057 -0.001709 0.112671
-0.051025 0.468994 0.999756 -0.032471 0.015625 0.123291
-0.442017 0.390869 1.006104 -0.133545 0.130981 -0.039307
0.197998 0.751953 0.962036 -0.032104 0.022705 0.124756
-0.294189 0.191895 0.997925 -0.066650 0.034058 0.055298
-0.017334 0.165039 0.994019 -0.002441 -0.036865 0.113037
-0.055054 0.489380 0.990723 -0.014038 0.020386 0.066895
-0.147949 0.380249 0.981079 -0.001465 0.000977 0.075684
0.593750 1.135498 0.829590 -0.089355 0.093994 -0.041626
-0.615234 -0.005859 1.030273 -0.135010 0.107422 -0.069458
-0.008057 0.369507 0.977539 0.022583 -0.067749 0.169556
0.067871 0.594116 0.978760 -0.033569 0.040527 0.018799
-0.007080 0.523804 0.977051 -0.021362 0.032837 -0.025513
-0.023071 0.565308 0.981079 0.023682 -0.027100 0.146851
-0.505127 -0.193359 1.000366 -0.077881 0.055908 0.017334
0.404541 0.719238 0.955811 -0.022705 0.032104 0.022827
-0.302734 0.219849 0.990234 -0.131836 0.084961 -0.190552
-0.036133 0.360107 0.952515 -0.097656 0.066284 -0.037598
-0.128296 0.544678 0.988892 -0.039795 0.039063 -0.039063
-0.278198 0.195190 0.999146 -0.032959 0.019897 0.010132
0.016602 0.572510 0.984009 -0.058594 0.054810 -0.005737
-0.079590 0.532959 0.976440 -0.040161 0.021973 0.036743
-0.034912 0.464722 0.975342 0.014526 -0.033936 0.133545
-0.380249 0.597168 1.033569 -0.115112 0.144653 -0.073120
-0.131470 0.536865 0.980835 -0.015015 0.017944 -0.009155
-0.448975 0.067505 1.002808 -0.115356 0.108398 -0.010010
-0.188721 0.285522 0.984985 -0.029541 0.016602 0.089844
-0.094604 0.399780 0.978394 -0.019409 0.009033 0.053223
-0.189941 0.324463 0.981689 -0.033569 0.024414 0.014893
-0.111450 0.429443 0.995728 -0.024902 0.026001 0.083984
-0.046875 0.628296 0.955811 -0.006836 0.015015 0.142578
-0.244873 0.442993 1.012939 -0.080444 0.067261 0.004150
-0.038696 0.395142 0.987915 -0.006226 -0.036987 0.008789
-0.131592 0.361084 0.981934 -0.038696 0.014893 -0.085938
-0.219116 0.340332 0.987915 -0.024780 -0.002563 -0.045898
-0.167358 0.346680 0.985596 -0.017334 -0.018677 0.002075
-0.150757 0.351563 0.986206 -0.024292 -0.004883 -0.006714
-0.185181 0.328857 0.984497 -0.034912 0.007324 -0.049805
-0.186646 0.326416 0.984741 -0.032837 0.001831 -0.065063
-0.190186 0.320923 0.985962 -0.021973 -0.001343 -0.033569
-0.194580 0.328613 0.987671 -0.015503 -0.009644 -0.001587
-0.169922 0.329590 0.984497 -0.013306 -0.013550 0.013550
-0.149780 0.346802 0.985596 -0.016113 -0.006958 -0.014526
-0.181396 0.342163 0.989746 -0.022583 0.004639 -0.036499
-0.189331 0.332397 0.987671 -0.019775 0.001343 -0.022095
-0.174316 0.342651 0.988770 -0.019409 0.000610 -0.015747
-0.178345 0.342041 0.987915 -0.023193 0.003906 -0.019043
-0.167480 0.338623 0.986938 -0.025024 0.008057 -0.009766
-0.158081 0.331055 0.984863 -0.019775 0.014282 0.002808
-0.202637 0.331909 0.988037 -0.022339 0.024048 -0.010620
-0.197510 0.338013 0.985107 -0.021729 0.008179 -0.018066
-0.191406 0.336060 0.984863 -0.030884 0.008423 -0.042603
-0.190430 0.336548 0.986694 -0.028320 0.004883 -0.029419
-0.192017 0.328247 0.985962 -0.026489 0.004639 -0.014038
-0.203979 0.335205 0.992554 -0.021484 0.000244 -0.007324
-0.203125 0.324585 0.987671 -0.024658 -0.010498 -0.028076
-0.149170 0.359985 0.980347 -0.023071 -0.005737 -0.023926
-0.171753 0.335449 0.983276 -0.027832 0.014526 -0.025513
-0.216431 0.325562 0.987305 -0.026245 0.015015 -0.010620
-0.208618 0.328735 0.981445 -0.028320 -0.001953 -0.002686
-0.164307 0.332397 0.985840 -0.035400 -0.001587 -0.021118
-0.177368 0.310913 0.978516 -0.039795 0.022461 -0.035889
-0.224731 0.304932 0.987549 -0.023071 0.023193 -0.019287
-0.238159 0.312866 0.988525 -0.013672 -0.000610 -0.020996
-0.193237 0.323608 0.984741 -0.003296 -0.017456 0.001465
-0.174805 0.339478 0.991699 -0.006836 -0.006958 0.003418
-0.198853 0.321655 0.992920 -0.014526 0.003296 -0.007568
-0.216797 0.309692 0.988159 -0.011108 -0.001587 0.006714
-0.202026 0.323975 0.983521 -0.003662 -0.009033 0.016968
-0.202393 0.325806 0.984131 0.001709 -0.011597 0.018555
