-0.279419 0.244385 0.982910 -0.013794 -0.019043 0.006348
-0.279175 0.250122 0.986328 -0.003906 -0.019043 0.011475
-0.269775 0.268188 0.985352 0.001465 -0.018433 0.026245
-0.269531 0.284424 0.980957 -0.005371 -0.011719 0.013550
-0.294800 0.235229 0.978760 -0.007446 -0.012817 0.002197
-0.294067 0.231323 0.984985 0.009644 -0.023315 0.020264
-0.252808 0.276978 0.981445 0.022705 -0.025146 0.065674
-0.226074 0.321899 0.980347 0.005859 -0.006470 0.072144
-0.239868 0.322388 0.980225 -0.027954 0.020996 0.028931
-0.277588 0.291992 0.981445 -0.050293 0.029907 0.005493
-0.296387 0.234619 0.984253 -0.056885 0.015869 0.002197
-0.289551 0.211426 0.979858 -0.031250 0.003784 0.018799
-0.262085 0.990356 1.021729 0.123169 0.007080 0.159790
-0.245605 0.208862 0.943359 -0.010132 0.031616 0.017700
-0.243164 0.257446 0.976196 -0.061646 0.019165 -0.038574
-0.083008 -0.192871 0.835693 0.029663 0.072510 0.019409
-0.307739 0.271118 1.027344 -0.012207 0.050293 -0.003174
-0.041870 -0.324585 0.660278 0.034912 0.075562 0.011230
-0.278809 0.000122 0.933350 0.029785 -0.002930 0.060791
-0.273438 0.533569 1.031738 0.097046 -0.001221 0.287842
-0.005981 0.269897 0.856689 0.105835 0.093384 0.248657
0.143311 0.129028 0.891479 0.045776 0.108276 0.092896
0.000000 0.000000 0.000000 -0.020020 0.147705 0.109131
-0.474487 0.295166 0.971924 0.026611 0.249878 -0.000122
-0.000122 -0.000122 -0.000122 -0.405396 -1.406250 0.000000
-0.000122 -0.000122 -0.000122 -0.000122 -0.000122 -0.000122
-0.532593 0.164917 1.012817 -0.013672 0.084595 0.234741
-0.337769 0.530396 1.012817 -0.160767 0.130005 0.094238
-0.488403 0.338745 1.005981 -0.097168 0.132080 0.143433
-0.323608 0.149170 0.965942 -0.203491 0.104858 -0.046509
-0.330078 0.620605 0.981812 -0.162109 0.062622 0.069458
-0.345337 0.815918 0.962769 -0.195313 0.038086 0.049438
-0.376831 0.248779 0.940063 -0.154419 0.009644 -0.051880
-0.204834 -0.082275 0.942871 -0.111572 -0.025635 -0.114868
-0.204834 0.069092 0.950684 -0.200317 -0.062256 -0.145386
-0.399658 0.245605 1.001343 -0.087646 0.000122 0.020142
-0.188232 0.066650 0.889893 -0.143433 -0.107910 -0.146118
-0.604858 0.291504 1.029297 -0.064697 -0.011108 -0.020874
-0.391113 0.244629 0.985718 -0.026733 -0.022583 0.009521
-0.244141 0.376099 0.957031 -0.045410 -0.108643 -0.072388
-0.235840 0.306641 0.987183 -0.055298 -0.082275 -0.102783
-0.381592 0.212158 0.984619 -0.055664 -0.006836 -0.102295
-0.413086 0.038330 0.946655 -0.013794 -0.100830 -0.150269
-0.536377 -0.168701 1.019653 -0.065063 -0.021973 -0.160889
-0.846680 -0.182861 0.979004 0.070801 -0.092407 -0.012085
-0.404297 0.246704 0.995605 -0.020264 -0.023193 -0.155884
-0.166016 0.148315 0.951050 0.086914 -0.078369 -0.083740
-0.198608 -0.010254 0.973755 -0.015259 -0.056274 -0.193604
-0.156860 0.320435 0.995850 0.040405 -0.066772 -0.105347
0.243896 0.807617 0.942749 0.083618 -0.102783 -0.025757
-0.381958 0.161865 0.977905 -0.010986 -0.023926 -0.061401
-0.635498 0.497803 0.957275 0.129761 -0.081055 0.009766
-0.308472 0.553955 0.977173 0.057739 -0.052246 -0.071777
-0.000122 -0.000122 -0.000122 -0.000122 -0.000122 -0.000122
0.000000 0.000000 0.000000 0.067383 -0.054932 0.021484
-0.290161 0.286255 0.976318 0.010864 -0.012939 0.022949
-0.291870 0.297729 0.984009 -0.007690 -0.005981 -0.017212
-0.283447 0.437256 -0.031494 -0.003662 -0.029419 -0.083496
0.036255 0.669556 0.932373 0.072876 -0.101196 0.000732
-0.351196 0.235962 0.981934 -0.016479 0.007446 0.024170
-0.305176 0.269531 0.976440 0.006226 -0.000122 -0.000122
-3.937378 -3.468750 0.000000 0.000366 -0.008423 0.074585
-0.264771 0.298340 0.969604 -0.004883 0.010010 0.101074
-0.000122 -0.000122 -0.000122 -0.000122 -0.000122 -0.000122
0.000000 0.000000 0.000000 -0.187622 0.098022 -0.018066
-0.028442 0.754761 0.953125 -0.015869 0.009399 0.150269
-0.103149 1.390503 0.899902 -0.027954 0.048706 0.183960
-0.173950 0.709595 0.981567 -0.066284 0.039551 0.119751
-0.177856 0.487549 0.984497 0.015869 -0.010376 0.179810
-0.154663 0.699463 0.907227 -0.127686 0.069458 0.063599
-0.274536 0.040161 0.998779 -0.064941 0.002686 0.134521
-0.374512 -0.206909 0.998657 -0.110718 0.023804 0.063477
-0.311890 0.999023 0.946777 -0.153198 0.067871 0.018555
-0.199463 0.589355 0.973755 0.053955 -0.021729 0.211670
-0.430298 -0.198120 1.008301 -0.157959 0.067993 0.053223
-0.072998 0.607788 0.964478 0.001953 0.004272 0.160889
-0.416260 0.305542 0.995483 -0.003540 0.014160 0.194214
-0.172729 0.563110 0.955566 -0.030518 0.024658 0.148315
-0.398071 -0.436157 1.018433 -0.082764 0.008423 0.078613
-0.081543 0.587036 0.980469 0.005859 0.015015 0.135498
-0.358643 0.121094 0.996094 0.008667 -0.004883 0.086548
-0.151978 0.416016 0.963501 0.005249 -0.000977 0.105225
-0.167358 0.290283 0.919800 -0.144531 0.045654 -0.054321
-0.197998 0.456909 0.985229 0.047363 -0.035156 0.191040
-0.559814 -0.207031 1.036743 -0.224731 0.078735 -0.059814
-0.203491 0.506958 0.984863 -0.041382 0.015137 0.036987
-0.398438 -0.052734 1.013794 -0.041870 0.002197 0.063721
-0.271606 0.237793 0.980469 0.012695 -0.019775 0.103760
-0.308716 0.215576 0.980469 0.002441 -0.001343 0.065918
-0.310181 0.226563 0.986694 0.004761 0.000610 0.107544
-0.130371 0.771729 0.963989 -0.044556 0.028687 0.069092
-0.725952 -0.078735 1.062378 -0.149780 0.052246 0.011230
-0.124146 0.372192 0.969360 0.015991 -0.029297 0.098877
-0.289185 -0.207397 0.987915 -0.097900 0.016235 -0.055054
-0.309937 0.238037 0.984985 -0.014282 -0.000732 0.033081
-0.244629 0.418213 0.961304 -0.058960 0.018188 0.015991
-0.368774 0.419434 0.997681 -0.051636 0.012085 0.093628
-0.403198 -0.020386 1.022827 -0.291382 0.076416 -0.238281
-0.197510 0.677734 0.977295 0.097046 -0.052490 0.189209
-0.270386 0.465210 0.975952 0.023926 0.003174 0.130127
-0.320313 0.237793 0.980103 -0.034302 0.020508 0.061646
-0.336426 0.202515 0.979858 -0.023560 0.010864 0.115967
-0.512451 0.546875 0.917480 -0.193237 0.106079 0.020874
-0.486450 -0.118530 1.016846 -0.108276 -0.010498 -0.023682
-0.345093 0.053955 0.984619 -0.146851 0.086182 -0.031494
-0.294189 0.176025 0.985840 -0.058350 0.009033 0.034546
-0.335449 0.132690 0.996338 -0.057617 0.021362 0.072021
-0.322144 0.186279 0.982544 -0.048218 0.021973 0.064087
-0.262207 0.236450 0.980225 -0.032837 0.018188 0.083374
-0.443970 0.059937 1.002808 -0.073242 0.039673 0.044312
-0.320679 0.127197 0.983887 -0.033325 0.000854 0.067627
-0.233521 0.290894 0.982422 -0.007568 0.003296 0.093140
-0.537231 -0.266113 1.028809 -0.289185 0.091309 -0.090576
0.006470 0.722900 0.851196 -0.108276 0.011108 0.010376
-0.523438 -0.251587 1.048584 -0.158081 0.034912 -0.071777
-0.216553 0.194824 0.981567 -0.005859 -0.014526 0.034790
-0.342896 0.157471 0.981079 -0.017334 0.017578 0.049438
-0.317993 0.224976 0.985229 -0.016602 0.017212 0.118652
-0.603638 0.212158 1.036255 -0.237549 0.090820 -0.076904
-0.521484 -0.257080 1.038696 -0.144287 0.007324 -0.032837
-0.233276 0.366455 0.966431 0.031128 -0.018555 0.186768
-0.289063 0.193359 0.988525 -0.012573 0.008911 0.061157
-0.337280 0.214844 0.981445 -0.016602 0.015869 0.088135
-0.333618 0.277100 0.981812 -0.048706 0.023682 0.076538
-0.208740 -0.291992 0.987549 -0.107666 -0.006836 -0.011230
-0.297363 0.194214 0.985840 -0.015259 -0.004272 0.023438
-0.321655 0.254150 0.986694 -0.030273 0.009521 0.004150
-0.417847 0.016602 0.996460 -0.058960 0.017212 0.024414
-0.469971 -0.170044 1.002197 -0.200195 0.038208 -0.122681
-0.358398 0.274780 0.985474 0.037964 -0.019409 0.137451
-0.302368 0.233032 0.981567 -0.001465 -0.004150 0.075195
-0.338379 0.204834 0.980957 -0.024902 0.002686 0.016602
-0.317139 0.212891 0.972656 -0.032593 0.002808 0.021240
-0.350098 0.164673 0.985352 -0.040039 0.007324 -0.001587
-0.297241 0.332153 0.960571 -0.049805 0.001587 0.002075
-0.322510 0.205688 0.990356 0.001221 -0.030396 0.029297
-0.283203 0.201782 0.986938 -0.016113 -0.010742 -0.001465
-0.330933 0.162842 0.985229 -0.034668 0.004639 -0.051758
-0.357422 0.160278 0.979980 -0.035156 -0.003906 -0.057983
-0.323853 0.157715 0.988647 -0.024292 -0.009399 -0.031494
-0.339233 0.163452 0.985474 -0.014526 -0.003296 0.010986
-0.334839 0.182373 0.986572 -0.020996 -0.005859 -0.003662
-0.336060 0.178467 0.985840 -0.031616 -0.005005 -0.017212
-0.322388 0.170654 0.985840 -0.034668 -0.009766 -0.026245
-0.327881 0.157837 0.982666 -0.024780 -0.007446 0.001709
-0.331665 0.168945 0.986206 -0.020752 -0.002808 0.009766
-0.332764 0.181274 0.983276 -0.025391 -0.002930 -0.010498
-0.323975 0.183960 0.984863 -0.037598 0.000610 -0.026123
-0.352173 0.151245 0.985840 -0.056396 0.004395 -0.071655
-0.347290 0.141724 0.983521 -0.038086 -0.005859 -0.026733
