-0.234619 0.287964 1.009399 0.031250 0.000977 0.077393
-0.190796 0.287842 0.997925 -0.004395 -0.005737 0.033081
-0.241211 0.242920 1.000244 -0.010132 0.006958 0.022095
-0.275146 0.229858 0.995605 0.007813 -0.009521 0.025635
-0.126709 0.162231 0.930298 0.042969 -0.000977 0.061768
-0.670532 0.080566 1.211914 0.107300 0.128784 0.235352
-0.133911 0.230957 0.976196 0.030762 -0.018555 0.006348
-0.099976 0.522583 1.012329 0.040405 -0.028931 0.109497
0.131226 0.231079 0.858276 0.010254 0.033203 0.072021
-0.223511 0.235840 0.993286 0.002075 0.054321 0.153687
-0.343140 0.292114 1.017700 0.005493 0.082275 0.218750
0.007202 0.373657 0.908081 -0.002441 0.089355 0.171143
0.154175 0.805176 0.921631 0.044434 0.135132 0.385620
0.045532 0.808716 0.944702 -0.015991 0.074463 0.286255
-0.089478 0.564819 0.959961 0.023682 0.104248 0.320679
-0.128784 0.387817 0.983887 -0.041504 0.077637 0.164185
-0.049683 0.459717 1.002930 -0.147827 0.111328 0.043335
-0.310181 -0.068481 0.964966 -0.097778 0.040771 0.118042
-0.335327 0.048706 0.989258 -0.180054 0.067261 -0.032837
-0.390869 0.830811 1.026001 -0.167480 0.033447 -0.008789
-0.130737 -0.205811 0.950684 -0.090942 -0.010010 0.046143
-0.207642 0.215332 0.969238 -0.030762 0.006836 0.104004
-0.282471 0.403687 1.013306 -0.040527 0.026611 0.010254
-0.286865 0.656616 1.030884 -0.137695 -0.032837 -0.123535
-0.382690 0.756592 0.984741 -0.144043 -0.079468 -0.051636
-0.278442 0.232056 0.988647 -0.041626 0.000977 0.053589
-0.188110 0.196289 0.995239 -0.099731 -0.081909 -0.081421
-0.098267 0.373047 0.961670 -0.046387 -0.079712 -0.091919
-0.389038 0.239868 1.023804 -0.049805 -0.020996 -0.122803
-0.198364 0.309692 0.979248 -0.023193 -0.043457 -0.092773
0.021484 0.432495 1.011963 -0.004517 -0.135010 -0.082031
-0.412842 0.108276 1.001953 -0.030396 -0.070435 -0.093506
-0.175171 0.367188 0.960327 -0.051636 -0.070923 -0.167358
-0.458130 0.136108 1.057983 -0.026001 -0.064575 -0.102417
-0.110962 0.397461 0.973755 0.017334 -0.049927 -0.046265
-0.204956 0.180786 0.981201 0.003784 -0.047119 -0.078979
-0.055542 0.270264 0.975342 0.048706 -0.076538 -0.135620
-0.539551 -0.384155 0.983521 0.028442 -0.094360 -0.178833
0.307739 1.188232 0.983765 0.106323 -0.069092 -0.072876
-0.348755 0.102905 1.001343 -0.015015 -0.037842 -0.134521
0.022461 1.134644 0.985352 0.165649 -0.094849 0.019043
-0.292236 0.165161 1.004639 0.010010 -0.029419 -0.127319
-0.072632 0.724731 0.988892 0.161621 -0.069214 0.004272
-0.272095 -0.029053 1.045288 0.145996 -0.065186 -0.035522
-0.339844 0.467407 0.997559 0.009888 -0.006470 -0.025146
-0.211670 0.228882 0.996338 -0.008179 -0.010132 0.033081
-0.238159 0.293091 0.997803 -0.006104 0.002197 0.036987
-0.271240 0.224243 0.996582 -0.005005 -0.008667 0.032715
-0.237671 0.246948 0.998901 0.012939 -0.021729 0.090576
-0.201782 0.300903 0.994995 0.015137 -0.016479 0.124023
-0.176147 0.314575 0.995361 -0.016602 0.009766 0.071777
-0.201172 0.307861 0.992920 -0.053101 0.040405 0.050537
-0.260864 0.262451 0.997314 -0.026978 0.021851 0.090210
-0.213623 0.174072 0.966553 -0.129028 0.042480 -0.021606
0.030518 0.118774 0.968628 -0.171997 0.021973 -0.062622
-0.401489 0.179443 1.071899 -0.080811 0.021851 0.105835
-0.624756 -0.072144 0.988647 -0.179688 0.094238 0.047241
0.164063 1.005249 0.984131 -0.007813 -0.001831 0.140137
-0.241333 0.174561 1.010132 -0.042114 0.018311 0.111450
-0.261963 0.026245 0.987793 -0.076660 0.006958 0.073486
-0.158325 0.394165 1.008545 -0.016357 -0.004395 0.058228
-0.250366 0.481689 1.009521 0.035156 -0.012451 0.141235
-0.538940 0.113647 1.035400 -0.137329 0.055908 0.004639
-0.130493 0.491455 1.000122 0.017822 -0.016602 0.138184
-0.152588 -0.095459 0.974365 -0.159546 0.029907 -0.079224
-0.080078 0.676758 0.968140 -0.050537 0.015015 0.058472
-0.190186 0.399292 0.992798 -0.040161 0.022095 0.077026
-0.156372 0.350586 1.006714 0.008789 -0.000122 0.111694
-0.271118 0.491943 1.037964 -0.111328 0.057983 -0.001587
-0.231445 0.384277 1.002075 0.038818 -0.012085 0.160400
-0.412720 0.857056 1.017578 -0.142944 0.061401 -0.045898
-0.138184 0.516602 0.985962 0.036865 -0.020142 0.174072
-0.294678 0.153320 1.009521 -0.016479 -0.011597 0.150635
-0.110596 0.501343 0.963989 -0.156250 0.051880 -0.043579
-0.211792 0.333618 0.999023 0.037964 -0.035522 0.125366
-0.166626 0.322754 1.001587 -0.013672 0.002930 0.034668
-0.138062 0.027466 1.010254 -0.030884 -0.012451 0.032227
0.006714 0.523071 0.953369 -0.065918 0.057495 0.043823
-0.434082 -0.006592 1.016235 -0.050537 -0.007080 0.046509
-0.040283 0.475586 0.973633 -0.040283 0.019897 0.065552
-0.216064 0.278687 1.014038 -0.019409 0.000732 0.099609
-0.178345 0.238770 1.005859 -0.003540 -0.007568 0.141235
-0.170532 0.373779 0.980225 -0.071289 0.040161 0.038574
-0.427002 -0.340332 1.012085 -0.114868 0.018677 0.018066
-0.185059 0.282349 1.005493 0.002930 -0.014404 0.109131
-0.741577 -0.291382 1.108276 -0.185547 0.096802 -0.063354
-0.175537 0.312500 1.004883 0.001221 -0.012573 0.141602
-0.056885 0.152954 0.985474 -0.156006 0.040161 -0.060791
-0.170166 0.432007 1.002563 0.082886 -0.039917 0.255737
-0.319458 0.160522 1.022339 -0.085571 0.042358 0.053223
-0.214478 0.202759 1.004272 0.018555 -0.035156 0.087891
-0.194336 0.283081 0.996094 -0.010864 0.004150 0.018188
-0.292969 0.178101 1.009644 -0.024414 0.016968 0.002075
-0.280151 0.192993 1.003052 -0.005127 -0.001831 0.055420
-0.280518 0.250244 0.999268 -0.059082 0.001465 -0.019287
-0.269531 0.241333 0.992920 -0.048584 0.005981 -0.014893
-0.228394 0.259277 0.998779 0.008789 -0.025391 0.078979
-0.591675 -0.283447 1.057861 -0.199585 0.078247 -0.107422
-0.186523 0.210327 1.003296 0.011841 -0.022583 0.061890
-0.253174 0.219849 1.004517 -0.019287 0.010864 -0.000122
-0.270386 0.221436 1.006592 -0.027100 0.013306 0.003784
-0.166016 0.535767 0.989258 -0.061035 0.023560 -0.013550
-0.351074 0.406616 1.008545 0.031738 0.000732 0.148193
-0.513062 -0.332764 1.023438 -0.130737 0.046753 0.043213
-0.113403 0.505981 0.983276 -0.047852 0.012573 0.031128
-0.470459 -0.039673 1.038086 -0.100830 0.040405 -0.048218
-0.252563 0.215210 1.003174 -0.027466 -0.005859 -0.007446
-0.262451 0.200317 1.004883 -0.038940 0.007568 -0.025635
-0.281250 0.189819 1.000488 -0.042236 0.011353 -0.015015
-0.284790 0.171997 1.005493 -0.030029 0.003662 -0.014648
-0.267212 0.187988 1.004639 -0.017090 -0.007080 -0.003784
-0.266479 0.183350 1.001587 -0.017578 -0.005981 -0.015625
-0.284546 0.174316 1.003418 -0.010986 -0.012817 -0.028442
-0.276001 0.190674 1.007324 -0.003174 -0.020020 -0.008545
-0.255493 0.199463 0.999634 -0.004272 -0.017212 0.005981
-0.257324 0.204468 1.003540 -0.012329 -0.005859 0.005615
-0.272339 0.201294 1.006226 -0.016602 -0.002075 -0.005371
-0.279297 0.203491 0.998779 -0.016235 -0.006958 -0.002319
-0.261230 0.214355 1.004272 -0.023804 -0.010132 -0.024048
-0.257446 0.197266 0.999146 -0.029419 -0.001831 -0.032227
-0.273804 0.174561 1.003540 -0.031738 0.001709 -0.027832
-0.273560 0.180664 1.003052 -0.020020 0.000610 0.006226
-0.280884 0.188965 1.004028 -0.016479 -0.002197 0.016724
-0.270874 0.185791 1.001221 -0.019287 -0.004395 -0.002441
-0.274292 0.173218 1.004517 -0.020630 -0.007813 -0.011353
-0.268921 0.165405 1.010376 -0.011230 -0.010254 0.000366
-0.274048 0.182251 1.004272 -0.001709 -0.008057 0.010620
-0.294067 0.175049 1.003418 0.008789 -0.012695 0.048584
-0.240479 0.213135 0.997681 0.007813 -0.020264 0.047363
-0.256470 0.216309 1.003296 -0.008545 -0.010498 0.026001
-0.274902 0.183228 0.998657 -0.019043 -0.005615 -0.008667
-0.275269 0.179077 1.005981 -0.012817 -0.008545 0.005127
-0.265259 0.195313 1.003174 -0.008911 -0.007690 0.007202
-0.258911 0.205811 1.001099 -0.016479 -0.004639 0.000732
-0.273438 0.176636 1.009888 -0.018311 -0.001099 -0.002319
-0.294189 0.174072 1.003906 -0.001709 -0.008667 0.013062
-0.262573 0.181396 1.005737 0.009888 -0.020996 0.029419
-0.249634 0.207397 1.003784 0.013550 -0.015137 0.031738
-0.257080 0.219360 1.001343 -0.006592 -0.003052 0.020874
-0.261108 0.215820 1.005859 -0.027832 0.004150 -0.024292
-0.294922 0.173462 1.007202 -0.032227 -0.000122 -0.027344
-0.298950 0.165161 1.012207 -0.019165 -0.016724 -0.025391
-0.263306 0.189575 1.004150 -0.001709 -0.028931 0.003296
-0.228760 0.240356 1.002563 -0.007324 -0.016846 0.004395
-0.266724 0.196899 1.003052 -0.029541 0.002808 -0.025269
-0.303345 0.164673 1.004639 -0.024658 -0.002930 -0.017212
-0.287476 0.151489 1.008057 -0.005859 -0.022583 0.011841
-0.255615 0.191772 1.005005 0.009888 -0.027100 0.037964
-0.256470 0.195190 1.000977 0.004517 -0.016846 0.035034
-0.259644 0.214600 0.999756 -0.003906 -0.010010 0.006104
