0.000000 0.000000 0.000000 0.001953 0.001099 -0.006104
-0.373291 0.917236 2.021973 0.007324 0.009155 0.007202
-0.231689 0.556885 1.863037 0.009766 0.000244 -0.000244
-0.154541 1.020020 1.988525 0.018921 0.000366 0.039185
0.390381 0.315186 1.783691 0.015625 0.013916 0.038940
0.152588 0.761719 1.892822 0.004395 0.010376 0.046143
-1.417969 0.769775 2.126953 0.003174 0.052490 0.045654
-0.910889 0.936279 2.056641 0.005737 0.034790 0.046997
0.060059 0.851074 1.893066 0.002930 0.007080 0.027954
-2.444580 -0.156982 2.166016 -0.010498 0.058105 0.030396
0.104736 0.789307 1.901123 0.012085 -0.005615 0.056396
-0.561035 1.542236 2.101318 -0.012451 0.067749 0.011475
-0.326416 0.625488 1.930176 -0.011719 0.026489 0.030273
0.000488 1.198730 1.938477 -0.006470 0.027954 0.016968
-0.472900 0.841553 1.926758 -0.028198 0.038086 0.010010
-0.624268 1.055908 1.929932 -0.022461 0.029907 0.022583
-0.240479 1.664551 1.915283 -0.028442 0.028320 0.017212
0.064941 1.560303 1.950684 -0.022339 0.019287 0.023071
-0.381592 0.847656 1.924561 -0.014648 0.011597 0.022339
-0.344238 0.897705 1.914795 -0.018799 0.005005 0.005737
-0.355713 0.451660 1.848145 -0.023438 0.002808 0.002197
-0.102295 0.266602 1.792969 -0.031128 0.001465 -0.004517
-0.354980 0.791992 1.944824 -0.022339 0.005249 0.001465
-0.385498 0.893066 1.968750 -0.019409 0.000244 -0.002441
-0.170410 0.613037 1.882324 -0.017944 -0.006348 -0.000366
-0.459473 0.972168 2.021973 -0.013794 -0.006836 -0.001587
-0.158691 0.259277 1.837891 -0.031738 -0.020508 -0.040039
-0.491455 0.878662 1.993408 -0.010986 0.000610 -0.004150
-0.531250 0.461426 1.902100 -0.029785 -0.021118 -0.058228
-0.853760 0.655518 1.972412 -0.016113 -0.003540 -0.051392
-0.479736 0.709717 1.961426 -0.012695 -0.013306 -0.064575
-0.374756 1.190430 1.972656 0.006958 -0.039795 -0.046387
-0.387451 0.650146 1.985107 0.009644 -0.035889 -0.033569
-0.398438 0.655518 1.951904 -0.000488 -0.013428 -0.040405
-0.320068 1.181152 1.923340 0.036499 -0.042725 -0.004639
-0.719971 0.132568 1.887695 0.000610 -0.007568 -0.045898
-0.533447 0.763916 1.934082 0.034424 -0.038330 -0.007446
-0.291016 1.195801 1.971191 0.017456 -0.021606 -0.015259
-0.420654 0.722900 1.950195 -0.000366 -0.008911 -0.008301
-0.207764 0.759766 1.945068 0.001953 -0.011597 0.009888
-0.156738 0.833252 1.938721 0.002441 -0.002808 0.013550
-0.167480 0.960693 1.933350 -0.005127 0.009644 0.013306
-0.356934 0.799316 1.950439 -0.005981 0.005005 0.016968
-0.131836 1.029053 1.969971 -0.010498 0.004517 0.005859
-0.066650 0.979248 1.925781 -0.006714 0.002075 0.013794
-0.215820 0.812988 1.928467 -0.016357 0.011719 0.000488
-1.147705 -0.631592 1.925049 -0.030273 0.026001 -0.013916
-0.058838 1.364014 1.913330 -0.008057 0.005127 0.008911
-0.079590 1.018555 1.962158 -0.005005 -0.004761 0.009033
-0.662842 0.472900 1.943848 -0.034180 0.026123 -0.018799
-0.094971 0.882568 1.966309 -0.003906 0.000488 0.016113
-0.348877 0.661621 1.947998 -0.015625 0.011597 -0.001953
-0.918701 0.487549 1.952881 -0.033691 0.025879 -0.014526
-0.291504 1.550781 1.977295 -0.010132 0.002808 0.018799
-0.159424 0.978760 1.980713 -0.009521 -0.003418 0.016479
-0.593018 0.738037 1.906006 -0.034912 0.024536 -0.010132
0.106689 1.313965 1.984131 -0.004883 -0.001099 0.019531
-0.218506 0.734863 1.971191 -0.011108 0.005005 0.008789
-0.223877 1.065186 1.973877 -0.026001 0.012695 -0.012085
-0.240234 0.874512 1.983643 -0.003296 -0.001221 0.017334
-1.055176 0.036865 1.949707 -0.033081 0.020508 -0.016235
-0.251953 0.787842 1.958984 0.002197 -0.007446 0.021973
-0.233398 0.792236 1.969238 -0.003418 0.000854 0.008057
-1.229248 -0.293701 1.989502 -0.046875 0.032715 -0.032104
-1.298096 -0.127686 1.991699 -0.036499 0.021484 -0.006226
-0.280029 0.796631 1.968506 -0.007446 -0.002563 0.026611
-0.263184 1.152832 1.970459 -0.014526 0.008911 0.008057
-0.307373 0.743896 1.980225 -0.013062 0.005493 -0.000488
-0.488525 0.579346 1.976318 -0.029785 0.010986 -0.011108
-0.244385 0.861572 1.975586 -0.009644 0.000732 0.017334
-0.646729 0.362793 1.968750 -0.017944 0.007690 0.008301
-0.527832 0.733643 1.985596 -0.017822 -0.002686 0.001221
-0.294434 0.662354 1.975586 0.000000 0.000000 0.000000
0.000000 0.000000 0.000000 0.000000 0.000000 0.000000
-3.343750 2.656250 0.000000 -0.000488 -0.004272 0.011108
-0.276855 0.756836 1.970703 -0.008545 0.005493 0.002808
-0.000122 -0.000122 -0.000122 -0.000122 -0.000122 -0.000122
0.000000 0.000000 0.000000 0.000610 -0.008911 0.030640
0.261230 1.043213 1.850586 -0.028076 0.015137 0.007080
-0.119141 0.818115 1.946045 -0.001587 -0.002441 0.027710
-0.197510 0.773682 1.979980 -0.003906 0.002197 0.014893
-0.302246 0.810547 2.002686 -0.022949 0.017822 -0.002075
-1.193848 -0.051514 2.003662 -0.025024 0.007202 0.009644
-0.509521 0.331543 1.981934 -0.003784 -0.002441 0.028320
-0.229248 0.797119 1.932861 -0.034180 0.023193 -0.005859
-0.720947 -0.319580 2.001221 -0.002197 -0.006592 0.025879
-0.122070 0.988281 1.981689 -0.018555 0.009155 0.004150
-1.449951 -1.017334 2.025879 -0.001953 -0.004639 0.024780
-0.136230 0.884766 1.984863 -0.011963 0.004517 0.003174
-0.442871 0.489258 1.979248 -0.008301 0.003662 0.004272
-0.591064 0.517578 1.999756 -0.020752 0.006470 -0.003296
-0.313965 0.741455 1.986816 -0.009644 0.004395 0.018066
-0.474609 0.748291 1.974854 -0.023560 0.010864 0.003418
-0.196289 0.809326 1.980713 -0.017090 0.009888 -0.000366
-0.675781 0.108398 1.980225 -0.013184 0.002441 0.005127
-0.391602 0.666992 1.990234 -0.003662 -0.001587 0.020020
-0.221680 1.028076 2.002686 -0.024048 0.010498 -0.003784
-0.397461 0.619385 1.979736 -0.017334 0.008789 0.001831
-0.582520 0.306396 1.997314 -0.006714 -0.002075 0.002441
-0.396484 0.597656 1.991943 -0.005005 -0.001465 -0.001099
-0.430420 0.566406 1.989990 -0.004028 -0.001465 0.004761
-0.378906 0.606689 1.993896 -0.004395 0.000732 0.011963
-0.333252 0.657227 1.987061 -0.009766 0.006958 0.005981
-0.427490 0.567871 1.980957 -0.005005 0.002563 0.003906
-0.471680 0.583008 1.994141 -0.003662 -0.001221 0.003418
-0.429199 0.570801 1.983154 -0.001587 -0.003784 0.007568
-0.368652 0.641602 1.987061 -0.003540 -0.001831 0.001587
-0.395264 0.620117 1.988770 -0.005615 0.000000 -0.002808
-0.444824 0.591797 1.992676 -0.005859 -0.001953 -0.005615
-0.406494 0.613281 1.990723 -0.006104 -0.003052 -0.009521
-0.409180 0.578125 1.984375 -0.005493 -0.001831 -0.005615
-0.400879 0.582031 1.986328 -0.004028 -0.001221 0.000000
-0.433350 0.597412 1.977539 -0.004028 -0.002075 -0.000610
-0.434082 0.585449 1.985840 -0.003296 -0.003418 -0.000244
-0.407715 0.592529 1.983643 -0.003418 -0.002930 0.000244
-0.418213 0.585938 1.982666 -0.003418 -0.001953 0.000977
-0.455322 0.572998 1.985840 -0.002441 -0.003784 0.002563
-0.420898 0.602051 1.986572 -0.002197 -0.005005 0.002808
-0.392334 0.599609 1.989258 -0.002319 -0.003540 0.003540
-0.407959 0.602051 1.992432 -0.002563 -0.002930 0.004761
-0.402100 0.632813 1.991455 -0.004517 -0.002441 0.000854
-0.414063 0.594971 1.985352 -0.005249 -0.002441 0.002563
-0.395752 0.586914 1.991455 -0.004761 -0.001587 0.002441
-0.410400 0.581787 1.994141 -0.003540 -0.001465 0.001343
-0.426270 0.589844 1.985840 -0.003784 -0.002808 -0.004517
-0.417480 0.589600 1.990967 -0.003418 -0.003784 -0.003296
-0.411865 0.611084 1.984131 -0.004517 -0.003906 -0.004761
-0.381836 0.613037 1.987305 -0.005859 -0.002075 -0.008057
-0.408936 0.567139 1.991455 -0.005615 -0.000854 -0.006836
-0.421631 0.567383 1.989746 -0.003906 -0.001587 -0.003174
-0.409912 0.593018 1.991455 -0.003296 -0.001587 -0.001465
-0.404541 0.614258 1.988525 -0.004761 -0.000854 -0.004395
-0.460205 0.599609 1.984375 -0.006104 -0.003540 -0.010132
-0.420654 0.552490 1.994141 -0.004272 -0.004639 -0.009033
-0.369873 0.586426 1.996582 -0.003662 -0.001953 -0.008057
-0.424316 0.581299 1.991455 -0.003662 -0.001587 -0.004028
-0.429688 0.585205 1.990723 -0.004028 -0.002808 0.000000
-0.410400 0.571533 1.988037 -0.003784 -0.002808 0.001221
-0.419189 0.594238 1.994629 -0.003540 -0.002930 0.001831
-0.404541 0.588379 1.987793 -0.003784 -0.001831 0.002197
-0.429688 0.572510 1.987549 -0.002930 -0.002563 0.002197
-0.427246 0.578857 1.993408 -0.001953 -0.003662 0.002563
-0.405273 0.608887 1.992676 -0.002930 -0.003174 -0.002319
-0.421875 0.596680 1.987549 -0.003906 -0.002808 -0.000977
-0.398682 0.602051 1.982666 -0.004761 -0.002075 -0.001831
-0.430908 0.588623 1.991455 -0.005127 -0.002319 -0.001831
-0.422119 0.575684 1.994629 -0.004028 -0.003418 0.001343
-0.414307 0.573242 1.994141 -0.003174 -0.002808 0.001709
-0.395264 0.586426 1.986328 -0.003174 -0.002441 0.002930
-0.407959 0.584961 1.990723 -0.003418 -0.002319 0.001465
