0.000000 0.000000 0.000000 -0.019409 -0.003784 -0.038452
-0.178467 0.404785 0.958618 -0.020386 0.003784 -0.024048
-0.194580 0.394287 0.955811 -0.023315 0.010376 -0.014282
-0.195313 0.401611 0.956055 -0.024658 0.014160 -0.008057
-0.198242 0.385376 0.956665 -0.020752 0.020386 -0.012695
-0.233154 0.377319 0.959351 -0.015381 0.014160 -0.004761
-0.224365 0.376953 0.961182 -0.003906 -0.000732 0.009033
-0.144409 0.426270 0.954834 -0.010620 0.020996 -0.010986
-0.169800 0.405396 0.956665 -0.028809 0.059082 -0.013184
-0.246338 0.367676 0.954834 -0.027710 0.053101 0.001587
-0.271729 0.359131 0.958496 -0.008301 0.022461 0.033081
-0.251587 0.352661 0.958374 0.022339 -0.002930 0.091431
-0.166626 0.163208 0.811279 0.128662 0.027954 0.198853
-0.314819 0.347046 0.999756 0.072876 0.014160 0.161743
-0.257080 0.403442 0.995361 0.064331 0.097046 0.197510
-0.172241 0.372192 0.918457 0.029297 0.044800 0.051636
-0.219727 0.463135 0.976685 0.000732 0.009521 0.019287
-0.120239 0.205566 0.827881 0.079468 0.053833 0.132935
-0.238403 0.421753 0.967163 0.045410 -0.024414 0.147095
-0.275391 0.435913 0.944458 0.047974 0.009033 0.112915
-0.036987 0.414917 0.918701 0.023926 0.068237 0.049194
-0.328247 0.382813 0.919678 0.022461 0.083130 0.048706
-0.385742 0.453613 0.966919 0.047241 0.031494 0.164795
-0.118408 0.480225 0.960083 0.015625 -0.046753 0.119385
-0.133179 0.425537 0.936401 0.020264 0.003784 0.155762
-0.388184 0.398193 0.974609 0.030518 0.006104 0.218750
0.286743 0.530273 0.838135 0.007446 0.141602 0.265015
-0.140015 0.523804 0.945435 0.015259 0.029297 0.249023
0.254639 0.888062 0.832397 -0.106812 0.194702 0.128540
-0.212769 0.379761 0.937744 -0.004395 0.059937 0.213379
-0.477661 0.484253 0.954224 -0.028687 0.045410 0.198242
0.250488 1.144287 0.888184 -0.203247 0.222168 0.019775
-0.094971 0.480225 0.940796 0.020264 0.005859 0.216675
0.446899 1.467651 0.969971 -0.240967 0.210327 -0.072144
-0.150879 0.439331 0.921631 0.017334 -0.006714 0.210083
-0.203613 0.924316 0.998413 -0.282349 0.149658 -0.157104
-0.020630 0.693970 0.981323 -0.068604 0.056519 0.014526
-0.149170 0.826904 0.950562 -0.215576 0.094482 -0.180786
-0.239014 0.478271 0.968628 -0.036743 0.004272 0.035034
-0.280396 0.329102 0.924438 -0.064087 -0.005859 0.003052
-0.204468 0.086060 0.882080 -0.120361 -0.027466 -0.066772
-0.209961 0.351440 0.922485 -0.031616 -0.010620 0.037598
-0.212402 0.469360 0.976318 -0.034302 -0.016357 0.020142
-0.220947 0.518921 0.961548 -0.079346 -0.017334 -0.038696
-0.237793 0.468140 0.965576 -0.049683 -0.012329 0.004395
-0.256226 0.440796 0.948242 -0.054810 -0.031128 -0.031860
-0.125977 0.323608 0.900024 -0.036987 0.000122 -0.055054
-0.260132 0.395752 0.949707 -0.031616 -0.025513 -0.059692
-0.238159 0.425781 0.958740 -0.026733 -0.044067 -0.024414
-0.260010 0.511108 1.023560 -0.053833 -0.090698 -0.068237
-0.215820 0.384766 0.928833 -0.043457 0.013672 -0.037231
-0.359497 0.484985 0.976563 -0.064819 -0.086914 -0.102173
-0.238770 0.428955 0.944214 -0.031250 -0.019531 -0.057251
-0.220337 0.408813 0.951416 -0.028687 -0.030151 -0.048828
-0.198486 0.435669 0.971313 -0.037354 -0.042603 -0.092163
-0.305542 0.318848 0.957031 -0.020996 -0.062378 -0.091675
0.202637 0.402710 0.910522 -0.022583 -0.042358 -0.110596
-0.260010 0.734863 0.992188 -0.023315 -0.073242 -0.126953
-0.042969 0.480469 0.951172 -0.012329 -0.076782 -0.103394
-0.318481 0.310547 0.964966 -0.003662 -0.048462 -0.064331
-0.218262 0.429932 0.952271 -0.006470 -0.035645 -0.050781
-0.256470 0.372314 0.963135 0.012085 -0.072144 -0.081543
0.469238 1.634399 0.919556 -0.129517 0.044434 -0.264893
-0.593628 -0.072388 0.969116 0.062012 -0.124756 -0.071899
0.230225 1.396729 0.949707 -0.054688 -0.008301 -0.113281
-0.306641 0.253296 0.970093 -0.001953 -0.058716 -0.078369
-0.645630 -0.362183 0.827148 0.144653 -0.121460 -0.001099
-0.202026 0.660645 0.969604 0.035767 -0.081909 -0.110229
-0.534546 0.016479 0.913940 0.129761 -0.167480 -0.055176
-0.379028 0.096436 0.928467 0.071411 -0.104614 -0.087769
-0.284424 0.250977 0.960815 0.011353 -0.068604 -0.016357
-0.142212 0.406982 0.946289 0.017334 -0.061401 0.025879
-0.132324 0.402344 0.946777 0.009521 -0.028687 0.016602
-0.194336 0.402344 0.953735 -0.003784 -0.012573 -0.000732
-0.234253 0.386230 0.956543 0.002197 -0.035156 0.024048
-0.167725 0.403198 0.950073 0.024414 -0.044800 0.093628
-0.107544 0.472778 0.953491 -0.003174 0.000488 0.098267
-0.044312 0.587036 0.991943 -0.088013 0.083496 0.051758
-0.156006 0.570068 0.969360 -0.020752 0.027466 0.104492
-0.140259 -0.250000 0.791016 -0.116943 0.140137 0.044800
-0.003296 0.637451 0.961914 -0.072998 0.060425 0.096069
-0.051758 0.651611 0.975830 -0.078491 0.033569 0.040649
0.308350 0.978882 0.819458 -0.179077 0.154297 -0.061646
-0.138306 0.476807 0.948486 -0.021851 0.009399 0.056152
-0.684937 0.148438 1.009766 -0.126343 0.080688 -0.065186
-0.248047 -0.027100 0.963989 0.004395 -0.014160 0.115723
-0.186646 0.382935 0.954346 -0.020020 -0.004028 0.072876
-0.203979 0.351440 0.960205 -0.025879 0.011230 0.043701
-0.086914 0.585815 0.968384 -0.108154 0.069336 -0.015625
-0.207397 0.417480 0.961304 -0.017700 -0.010254 0.078613
-0.278809 0.345703 0.939209 -0.046997 0.016846 0.046753
-0.135620 0.501221 0.964722 -0.078613 0.037476 0.023438
-0.084839 0.553101 0.961182 0.014038 -0.030884 0.110596
-0.110474 0.496826 0.963745 -0.023560 0.018188 0.032349
-0.561646 0.290649 0.907349 -0.224609 0.172974 -0.127319
-0.137939 0.482544 0.974243 -0.007446 -0.005981 0.084473
-0.989624 -0.274048 0.965820 -0.178711 0.085571 -0.113770
0.051025 0.737183 0.881104 -0.083984 0.041870 -0.006226
-0.062134 0.591431 0.979614 -0.014038 -0.000854 0.067749
-0.206665 0.118652 0.925171 -0.102783 0.043701 0.000366
-0.236572 0.386841 0.959106 -0.077026 0.057251 0.034180
-0.215576 0.075928 0.947388 -0.056152 0.002930 0.061523
-0.147827 0.458618 0.981812 -0.010498 0.001587 0.120972
-0.303345 0.167236 0.960327 -0.063110 0.031860 0.088745
-0.121094 0.380371 0.957764 0.010376 -0.040649 0.167847
-0.573730 -0.556885 0.929932 -0.256958 0.163818 -0.222534
-0.074097 0.542847 0.972778 0.005493 -0.017090 0.103516
-0.359619 0.319824 0.980835 -0.130615 0.065186 -0.041260
-0.105469 0.582153 0.972656 0.008545 -0.015381 0.146362
-0.311890 0.250122 0.966187 -0.121460 0.107544 -0.017212
0.270386 0.904785 0.904907 -0.058594 0.005981 0.083984
0.208374 1.028442 0.824585 -0.101563 0.060181 0.058105
-0.065308 0.491333 0.965698 0.004761 -0.027954 0.150635
-0.522583 -0.549316 0.994629 -0.184814 0.076782 -0.093506
-0.191040 0.336792 0.962769 -0.003296 -0.018921 0.073364
-0.216919 0.293213 0.969238 -0.015259 0.003540 0.013184
-0.299072 0.057861 0.970825 -0.048584 0.010498 -0.011475
0.017212 0.623169 0.980713 -0.014160 0.000732 0.076660
-0.450317 0.360962 0.979980 -0.040771 0.046753 0.101807
-0.022339 0.569458 0.970825 -0.043701 0.041626 0.093750
-0.142456 0.469360 0.954590 -0.034424 -0.004150 0.021484
-0.199463 0.374390 0.970581 -0.023804 0.005981 0.031982
-0.434692 0.160767 0.982178 -0.063354 0.042603 -0.011353
-0.210815 0.369385 0.972290 -0.003296 -0.002686 0.094604
-0.129639 -0.071655 0.939331 -0.270752 0.138306 -0.199219
-0.207520 0.357544 0.970581 0.016235 -0.036743 0.078369
-0.137817 0.462280 0.967041 -0.017700 -0.007324 -0.000977
-0.647705 -0.212524 0.989990 -0.129028 0.047241 -0.106934
-0.236450 0.343140 0.971802 -0.003296 -0.014404 0.064331
-0.052124 0.616577 0.936279 -0.068604 0.043579 -0.021606
-0.235596 0.575073 0.972412 0.026855 -0.037231 0.119751
-0.143188 0.075806 0.973145 -0.050415 0.007080 0.043213
-0.395752 0.230713 0.997070 -0.101563 0.084229 -0.068848
-0.229126 0.343872 0.967407 -0.014160 -0.007690 0.017334
-0.078735 0.696045 0.989136 -0.047974 0.015259 0.014893
-0.270752 0.656860 0.986450 0.024414 -0.026123 0.122803
-0.389160 -0.166992 0.983643 -0.099854 0.034790 0.005005
-0.462036 -0.126343 0.987793 -0.119751 0.064453 -0.034668
-0.369385 0.209229 0.925903 -0.127197 0.046387 -0.084595
-0.250000 0.304077 0.972656 -0.031006 -0.003052 0.008667
-0.294678 0.327515 0.974731 -0.040771 0.014771 0.042725
-0.222412 0.371948 0.966431 -0.010864 -0.018066 0.038086
-0.167114 0.408569 0.981323 -0.023071 -0.011108 -0.004639
-0.262329 0.331299 0.977295 -0.017822 -0.011597 0.011353
-0.241821 0.300537 0.977051 -0.005249 -0.015747 0.035645
-0.250488 0.330688 0.976440 -0.003662 -0.016724 0.014893
-0.240967 0.333984 0.974609 -0.005249 -0.019897 0.003540
-0.236206 0.333496 0.977783 -0.015015 -0.012695 -0.057617
-0.271118 0.320435 0.973145 -0.015747 -0.015259 -0.057007
-0.282471 0.309082 0.973877 -0.011230 -0.034180 -0.085205
