-0.471436 0.760742 1.896484 -0.001831 -0.009277 0.001221
-0.316650 0.850586 1.887695 0.003784 -0.011963 0.004272
-0.288574 0.910645 1.883789 0.002319 -0.004028 -0.000732
-0.416504 0.849365 1.891113 -0.001709 0.001953 -0.004883
-0.442871 0.850342 1.880371 -0.001099 -0.002686 0.001831
-0.391357 0.850830 1.885986 -0.000488 -0.005127 0.001099
-0.363770 0.843262 1.885742 0.000000 -0.003906 -0.000244
-0.396240 0.857666 1.872314 0.000610 -0.001831 -0.003906
-0.505859 0.791016 1.894531 0.007813 0.000122 0.002686
-0.417725 0.841797 1.894775 0.005005 -0.008911 0.010986
-0.253906 0.922852 1.872070 0.005493 -0.005981 0.014526
-0.387451 0.953613 1.877930 0.001587 0.003784 0.005005
-0.586670 0.899902 1.885742 0.006104 0.008911 0.008911
-0.170166 1.080322 1.854980 0.033447 0.015015 0.042236
0.556641 0.677490 1.697266 0.010376 -0.011108 0.012329
0.004150 0.545898 1.656982 0.017578 0.000977 0.019409
-0.751709 1.201904 2.040527 0.017578 0.009033 0.035400
-0.218506 0.829590 1.820801 0.004395 -0.008301 0.024292
-0.476807 1.162109 1.879150 0.009766 0.026489 0.048340
-0.544922 1.079590 1.837891 0.008423 0.007935 0.051636
-0.392090 0.937744 1.859619 0.000732 0.012939 0.039673
0.570068 1.205811 1.647217 -0.004028 0.006226 0.032837
-0.709473 0.875488 1.928955 -0.005615 0.020874 0.037842
0.342041 1.166260 1.714355 -0.000488 0.001343 0.042969
-0.435303 0.912354 1.853027 -0.008423 0.016968 0.033691
0.191895 1.017090 1.855469 -0.013428 0.010620 0.030518
-0.016846 0.973877 1.861816 -0.010620 0.001953 0.029907
-0.083496 1.306885 1.922363 -0.020630 0.015625 0.010864
-0.648193 0.868164 1.919434 -0.020996 0.017578 0.017578
-0.505371 0.893555 1.855957 -0.027222 0.012207 0.016602
-0.230713 0.894531 1.854004 -0.015869 0.005005 0.022461
-0.412842 0.777344 1.843506 -0.024414 0.008423 0.003662
-0.333008 0.391846 1.844238 -0.044922 0.003296 -0.027344
-0.452393 0.983154 1.879883 -0.011353 0.008057 0.003540
-0.441162 0.775146 1.840820 -0.020752 0.001099 -0.016724
-0.340576 0.802490 1.838867 -0.014526 -0.004028 -0.011108
-0.227783 1.072266 1.920898 -0.012939 -0.011353 -0.009033
-0.147217 0.708496 1.795410 -0.018921 -0.010376 -0.026245
-0.268066 0.802979 1.835205 -0.018433 -0.000854 -0.031738
-0.506836 0.916748 1.874023 -0.011353 -0.017456 -0.035645
0.377930 0.790039 1.772949 -0.014648 -0.027344 -0.028320
-0.582764 0.783447 1.903076 -0.012817 0.001587 -0.019897
-0.481201 0.774902 1.885742 -0.010498 0.003540 -0.021606
-0.079590 1.082275 1.875000 0.003052 -0.020020 -0.017822
-0.412598 0.992920 1.907471 0.000732 -0.021118 -0.019775
-0.401123 0.940430 1.920410 0.000854 -0.018066 -0.018555
-0.610596 0.707764 1.840332 -0.004272 -0.009155 -0.029053
-0.848877 0.570068 1.809570 0.006348 -0.018433 -0.016357
0.178223 1.151855 1.899414 0.005249 -0.019165 -0.024048
-0.880127 0.012695 1.802002 -0.000244 -0.013306 -0.040161
-0.486816 0.667725 1.831299 0.006348 -0.015991 -0.028198
-0.544678 0.736084 1.879395 -0.005859 0.000732 -0.025269
-0.315430 1.077881 1.889648 0.012085 -0.013306 -0.005249
-0.347412 1.103271 1.935791 0.014771 -0.014893 -0.005859
-0.998535 0.075928 1.797852 0.008179 -0.012329 -0.004761
-0.418457 0.947021 1.882324 -0.001831 -0.003906 -0.013062
-0.474121 0.725342 1.884033 -0.005249 -0.001465 -0.013550
-0.420410 0.751953 1.887939 0.000366 -0.004272 0.006104
-0.353271 0.876709 1.875000 0.005005 -0.004150 0.027466
-0.367188 0.938721 1.891846 0.003418 -0.001709 0.035522
-0.378418 0.803223 1.845215 -0.009766 0.005615 0.023438
-0.750488 0.531250 1.869873 -0.019287 0.014648 0.012695
-0.440674 1.218506 1.964111 -0.019897 0.013184 0.009888
-0.900391 0.347900 1.851563 -0.032959 0.018921 -0.005005
0.287842 1.703369 1.759277 -0.017700 0.007202 0.012207
-0.282715 0.831543 1.895508 -0.003784 -0.002808 0.032837
-0.395020 1.225586 1.920410 -0.011353 0.010132 0.022827
-0.190918 0.985596 1.894775 -0.003662 -0.003296 0.031372
-0.590332 0.559326 1.856445 -0.035278 0.021362 -0.008667
-0.097656 1.227051 1.921875 -0.010864 0.002319 0.019897
-0.383789 0.912842 1.917236 -0.010132 -0.000977 0.022095
-0.561768 0.869629 1.905273 -0.027832 0.013794 -0.001587
0.079346 1.382813 1.972412 -0.005859 0.000244 0.027710
-1.028320 0.293457 1.907227 -0.029663 0.017944 -0.001343
-0.247314 0.756592 1.871338 -0.032715 0.009888 -0.006348
-0.474121 0.916504 1.902832 -0.002197 -0.003906 0.025757
-0.062256 1.430908 1.982422 -0.008789 0.001099 0.011230
-0.675781 0.233154 1.833740 -0.041504 0.017578 -0.019897
-0.236328 1.115723 1.964111 -0.003052 -0.007202 0.031494
-1.646729 -0.966553 1.795654 -0.049561 0.023560 -0.026123
-0.253662 1.011230 1.930664 -0.001099 -0.005371 0.024658
-0.699951 0.091797 1.869141 -0.048340 0.027954 -0.034546
-0.294922 0.893555 1.924316 -0.005981 -0.004395 0.016968
-0.838379 0.180176 1.908936 -0.036133 0.021484 -0.024048
-0.269531 1.030518 1.940674 -0.012695 -0.000244 0.011108
-0.445313 0.648682 1.916992 -0.013428 0.004272 0.014648
0.158691 1.438232 1.919678 -0.013916 0.005371 0.012085
-0.800293 0.315186 1.893311 -0.027710 0.008301 -0.004883
-0.071533 1.046387 1.935059 -0.018311 0.000488 0.005371
-0.626465 0.279785 1.876221 -0.034424 0.015259 -0.011108
-0.403076 0.787109 1.921875 0.000732 -0.007080 0.030640
-0.123535 1.285400 1.930420 -0.006348 0.000977 0.015991
-0.177979 1.228760 1.933105 -0.015991 0.006836 0.007568
-0.301025 0.809082 1.945313 -0.008545 -0.000732 0.024048
-0.965820 0.507324 1.962646 -0.027100 0.018433 0.002930
-0.020264 1.223389 1.942871 -0.005005 -0.000488 0.022827
-0.756592 0.859375 1.982178 -0.027832 0.017090 -0.007080
-0.320313 0.655518 1.932373 -0.016235 0.003784 0.008301
-0.184326 0.955078 1.922363 -0.006958 -0.000732 0.010376
-0.301025 0.915283 1.978027 -0.012817 0.005005 0.004639
-0.451660 0.672607 1.937988 -0.006104 -0.001221 0.015991
-0.391357 0.752930 1.928711 -0.000977 -0.003662 0.014893
-0.365479 0.825195 1.941650 -0.001831 -0.001831 0.012207
-0.851563 1.363525 2.032471 -0.030151 0.022827 -0.022827
-0.000977 1.320313 1.934082 -0.009399 -0.004761 0.019409
-0.010498 1.156982 1.979736 -0.004639 -0.003662 0.027100
-0.473389 0.655762 1.937012 -0.017822 0.006714 0.008911
-1.327881 0.024902 1.971924 -0.024658 0.017456 -0.014038
-0.421875 0.737793 1.931641 -0.008545 -0.001099 0.004761
-0.468994 0.683105 1.921387 -0.008057 0.000122 0.004395
-0.510986 0.665283 1.938721 -0.005737 0.000244 0.001099
-0.515381 0.678955 1.943115 -0.003540 -0.002319 0.006592
-0.406250 0.745361 1.939941 -0.005249 -0.000854 0.008911
-0.113770 0.811768 1.918701 -0.023438 0.012451 -0.005615
-0.416992 0.589600 1.945801 -0.007080 -0.003296 0.019653
-0.292480 0.718262 1.932861 -0.003296 -0.002563 0.007690
-0.462402 0.690186 1.941406 -0.008057 0.003662 -0.010010
-0.511719 0.630615 1.947021 -0.006348 0.000366 -0.005249
-0.482422 0.676025 1.937500 -0.002075 -0.002930 0.009155
-0.474121 0.682617 1.940186 -0.002075 -0.001587 0.012207
-0.480225 0.718750 1.934570 -0.003540 -0.000610 0.006348
-0.473877 0.702393 1.928711 -0.005371 -0.000977 -0.005859
-0.496338 0.695068 1.943115 -0.006104 -0.001221 -0.014404
-0.526611 0.605957 1.945801 -0.005737 -0.002686 -0.012817
-0.484863 0.656494 1.940674 -0.002319 -0.004761 -0.002197
-0.470703 0.692383 1.937500 -0.001709 -0.003662 0.001465
-0.463379 0.699463 1.939209 -0.003418 -0.002686 -0.000488
-0.456299 0.687500 1.932373 -0.005005 -0.001465 -0.006470
-0.472412 0.685059 1.943848 -0.005249 -0.000244 -0.007935
-0.511963 0.645752 1.945557 -0.004272 -0.000488 -0.006714
-0.482422 0.693604 1.931885 -0.002563 -0.002075 -0.002441
-0.485352 0.676270 1.937500 -0.002930 -0.001831 0.001343
-0.482422 0.697510 1.939209 -0.003296 -0.002441 0.003296
-0.484863 0.688721 1.938232 -0.004272 -0.002075 0.000488
-0.497803 0.681885 1.939453 -0.004272 -0.002686 -0.004639
-0.479248 0.649902 1.934082 -0.004028 -0.003418 -0.005005
-0.455566 0.679688 1.940918 -0.003174 -0.002686 -0.001343
-0.488770 0.687256 1.930420 -0.002686 0.000000 0.002930
-0.531982 0.680420 1.939697 -0.003174 -0.001343 0.000122
-0.477051 0.646973 1.941406 -0.003296 -0.003418 0.002075
-0.469971 0.696289 1.934570 -0.002930 -0.002319 0.004639
-0.478027 0.687500 1.944336 -0.004150 -0.001099 0.004761
-0.483398 0.685059 1.940674 -0.005005 -0.000977 0.001587
-0.494385 0.676025 1.940918 -0.004395 -0.000854 -0.000122
-0.497803 0.683350 1.936279 -0.003418 -0.001709 0.000977
-0.473389 0.690186 1.931641 -0.003174 -0.002808 -0.000122
-0.458496 0.661133 1.937012 -0.004395 -0.001709 -0.002563
-0.476807 0.687744 1.941895 -0.004517 0.000244 -0.000488
-0.501221 0.684570 1.937988 -0.005127 0.000732 0.000122
-0.524414 0.655273 1.943604 -0.004883 -0.001221 -0.000732
