-0.229858 0.316650 0.984131 -0.014282 -0.013672 -0.007324
-0.261108 0.287598 0.981079 -0.021362 -0.007813 -0.033447
-0.255371 0.274780 0.983521 -0.012451 -0.016357 -0.031738
-0.245605 0.268311 0.980347 0.000732 -0.012085 -0.015137
-0.254028 0.273682 0.983521 0.013794 -0.007324 0.017456
-0.236450 0.259033 0.969116 0.027222 -0.000122 0.004883
-0.442017 0.516724 1.026978 0.080200 0.016357 0.096924
-0.225220 0.508301 0.985352 0.090820 -0.005371 0.158813
-0.154175 0.508667 0.998047 0.096558 -0.003540 0.212891
-0.015747 -0.099731 0.989258 0.071777 0.039917 0.144287
-0.143188 0.274170 0.980713 0.051025 0.010132 0.139038
-0.248657 0.375366 0.988525 0.036011 0.038574 0.133667
-0.661865 0.495483 1.065674 0.053101 0.093140 0.177979
-0.512329 0.214600 1.334961 0.092163 0.221558 0.105957
-1.171387 0.390991 1.142212 0.105591 0.121948 0.157349
-0.847534 0.121338 1.110718 -0.030273 0.187866 0.119507
-0.063965 0.395142 0.936279 0.043091 -0.053589 0.129028
-0.619263 0.148804 1.104370 -0.021606 0.107544 0.120239
0.081055 0.622803 0.913452 -0.024170 0.074707 0.112427
0.000000 0.000000 0.000000 -0.000122 -0.000122 -0.000122
0.000000 0.000000 0.000000 -0.109253 0.084229 0.029663
-0.049438 0.613892 0.996704 0.004761 0.021362 0.151733
-0.099365 0.341797 0.963501 -0.000122 -0.000122 -0.000122
-0.000122 -0.000122 -0.000122 -0.000122 -0.000122 -0.000122
-0.200439 0.462158 0.957764 -0.146118 0.058960 -0.025635
-0.000122 -0.000122 -0.000122 -0.000122 -0.000122 -0.000122
-0.277710 0.915649 0.980957 -0.165894 0.033203 -0.025635
-0.179199 0.325439 1.015259 -0.104370 -0.021606 0.028931
-0.209473 0.195313 0.951294 -0.017700 -0.023071 0.155640
-0.148071 -0.190674 0.915527 -0.129639 -0.021729 -0.117676
-0.247803 -0.279907 0.906250 -0.169800 -0.012207 -0.219727
-0.389160 0.382446 1.043457 -0.056396 -0.014893 -0.043945
-0.106079 0.201172 0.942627 -0.083130 -0.042969 -0.102661
-0.368530 0.408203 1.043457 -0.082031 -0.020142 -0.106445
-0.308350 0.335693 0.983643 -0.039063 -0.012207 -0.044312
0.137573 0.369995 0.908203 -0.057861 -0.100098 -0.091797
-0.316162 0.306396 0.999512 -0.045898 0.007202 -0.025513
-0.230957 0.305054 0.985474 -0.054077 -0.119873 -0.120117
-0.395142 0.275391 1.017822 -0.044189 0.000366 -0.081055
0.110474 0.450317 0.907349 -0.030884 -0.078003 -0.119751
-0.583618 0.200439 1.045410 -0.051880 -0.037842 -0.116577
-0.288330 0.192139 0.978638 -0.038818 -0.033447 -0.154663
-0.049927 -0.032959 0.925171 0.012085 -0.108521 -0.138184
-0.091797 0.432861 0.968872 0.003052 -0.050781 -0.134033
-0.336426 0.141113 0.983887 -0.019165 -0.031860 -0.145996
-0.308960 0.580933 0.976318 0.042847 -0.056030 -0.078125
-0.207397 0.679565 0.971924 0.124390 -0.096191 -0.015747
0.092041 1.192261 1.080933 0.263184 -0.167603 0.118652
-0.231079 -0.056763 0.871826 0.084229 -0.089966 -0.062866
-0.463989 0.095337 0.991089 -0.061279 0.014771 -0.171753
-0.324463 0.024170 0.978394 0.026245 -0.058350 -0.088257
-0.061768 0.403809 0.988403 0.012329 -0.033813 -0.026367
-0.268799 0.231201 0.986938 -0.037598 0.017090 -0.046143
-0.347046 0.068115 0.998657 0.003540 -0.025757 -0.026978
-0.376953 -0.060913 0.967041 0.027466 -0.034180 0.020630
-0.262451 0.291382 0.986572 0.002319 -0.012573 0.016602
-0.264526 0.249634 0.986328 -0.009155 -0.011719 -0.045654
-0.330933 0.048950 1.007568 0.117920 -0.100708 0.036987
-0.279785 0.287109 0.982910 -0.037598 -0.002075 -0.033569
-0.251221 0.221558 0.982422 -0.014526 -0.015747 0.088135
-0.196045 0.311890 0.980713 0.000366 0.002075 0.135376
-0.218506 0.313354 0.983154 -0.012085 0.033691 0.146851
-0.307617 0.298218 1.005127 -0.056396 0.054810 0.109985
-0.164917 0.602051 0.979370 -0.026733 0.029541 0.116699
0.242432 1.294922 0.836792 -0.057739 0.041992 0.108154
-0.315796 0.387695 1.003052 -0.010864 -0.015625 0.175171
-0.931885 0.478149 1.052612 -0.260254 0.145752 -0.072144
-0.151123 0.366577 1.005249 -0.014771 0.005371 0.052612
-0.558838 -0.420410 1.018433 -0.158569 0.091919 -0.007080
-0.370605 0.387695 1.064209 -0.082031 0.029419 0.071167
-0.027100 0.551636 0.969238 0.026245 -0.016968 0.199585
-0.607178 -0.041016 1.080811 -0.166382 0.088257 0.021606
-0.154053 0.394653 0.984619 -0.009888 -0.000977 0.121338
-0.102661 0.533936 0.973389 -0.047607 0.033813 0.112549
-0.181763 0.443115 0.999634 0.007446 -0.002075 0.207397
-0.008667 0.148438 0.956177 -0.080200 -0.005371 0.149048
-0.247681 -0.103882 0.978760 -0.032715 -0.010010 0.289429
0.161987 0.962280 0.939087 -0.023926 0.025269 0.306641
-0.320435 0.573608 1.026001 -0.092896 0.045776 -0.059448
-0.004883 0.329956 0.979370 0.046875 -0.062500 0.149536
-0.090576 0.626343 0.933105 -0.086304 0.046387 0.006348
0.081665 1.325562 0.899414 -0.036865 0.010986 -0.067139
-0.246460 0.472534 0.984741 0.044800 -0.038452 0.102051
-0.182617 0.367310 0.984497 0.016113 -0.015869 0.091675
-0.248291 0.277710 0.988892 -0.020752 0.017212 0.041382
-0.276123 0.262451 0.987427 -0.017212 0.010620 0.054077
-0.254761 0.305420 0.996094 -0.026245 0.007080 0.020142
-0.012695 0.602783 0.978394 -0.049438 0.024902 -0.005371
-0.445557 0.099243 0.998169 -0.084473 0.024536 0.014404
-0.096069 0.402588 0.974854 -0.004272 -0.027344 0.116943
-0.284302 0.223999 0.989990 -0.049927 0.020996 0.065796
-0.350098 0.121582 1.006592 -0.017944 0.006592 0.115234
-0.193237 0.342651 0.985229 0.010254 -0.004639 0.049316
-0.287231 0.250244 0.992432 -0.029053 0.016113 0.008179
-0.097168 0.113281 0.950806 -0.303223 0.101929 -0.252563
-0.186890 -0.142700 0.925171 -0.265625 0.052612 -0.315063
-0.371582 0.012085 0.988892 -0.090576 -0.002563 -0.013184
-0.149658 0.356323 0.980957 0.005127 -0.013916 0.035156
-0.260254 0.276489 0.989624 -0.039673 0.032104 -0.010742
-0.303955 0.237549 0.995117 -0.043335 0.028564 0.031006
-0.198120 0.392822 1.000244 -0.057495 0.031494 0.043579
-0.160278 0.586670 0.955811 -0.065918 0.043213 0.099365
-0.500000 -0.160889 1.026855 -0.109131 0.030029 -0.078125
-0.438965 0.340454 1.036865 -0.086426 0.080566 0.011353
-0.367676 -0.074585 1.001099 -0.083984 0.018799 -0.026367
-0.593628 -0.452026 1.035889 -0.199707 0.101563 -0.102783
-0.204468 0.118896 0.927856 -0.180908 0.058594 -0.137573
-0.159912 0.405273 0.982544 0.002930 -0.003418 0.090942
-0.232300 0.212036 0.990723 -0.063843 0.022461 -0.016968
-0.291260 0.226685 0.988892 -0.048950 0.036865 0.034790
-0.225586 0.387695 0.978271 -0.077515 0.052734 0.036377
-0.621582 -0.397949 1.089600 -0.224854 0.092163 -0.066895
-0.193359 0.341553 0.985596 0.022949 -0.030640 0.119263
-0.218628 0.296875 0.985596 -0.043945 0.021729 -0.032471
-0.325439 0.201172 0.993042 -0.055664 0.034912 -0.026245
-0.224731 0.432251 0.969971 -0.088989 0.045898 -0.029297
-0.516724 -0.045410 1.027588 -0.098145 0.034668 0.016113
-0.223389 0.372925 0.974243 -0.053467 0.010010 0.031616
-0.323608 0.287720 0.987549 -0.008545 -0.000366 -0.028809
-0.314209 0.174316 0.993652 -0.008911 -0.008301 0.010742
-0.286499 0.205078 0.988281 -0.007446 -0.005615 0.052490
-0.360229 0.299805 0.988281 -0.075073 0.031738 0.021973
-0.224976 0.283203 0.989014 0.007324 -0.013184 0.059570
-0.286865 0.241821 0.982300 -0.019653 0.001221 0.038208
-0.359375 0.132690 0.987793 -0.097656 0.038086 -0.023315
-0.076782 0.439697 0.991943 -0.011719 -0.019653 -0.025757
-0.516968 -0.584229 1.037109 -0.207275 0.062012 -0.168213
-0.302124 0.079956 0.998169 -0.014282 -0.016235 -0.003418
-0.310547 0.201660 0.990967 -0.024658 -0.004272 -0.103760
-0.346558 0.247559 0.991089 -0.027344 -0.030396 -0.056763
-0.290405 0.168945 0.996704 -0.027344 -0.031006 -0.058228
-0.289795 0.172485 0.996948 -0.008667 -0.013306 -0.007446
-0.324585 0.194092 0.995728 -0.012573 -0.004761 -0.028076
-0.324707 0.171753 0.991211 -0.011475 -0.018311 -0.034302
-0.289917 0.190918 0.993530 -0.012451 -0.017212 -0.014526
-0.301636 0.182373 0.988770 -0.018677 -0.005127 -0.004028
-0.311035 0.174561 0.988159 -0.020508 -0.003784 -0.002197
-0.307983 0.182251 0.991333 -0.017334 -0.004395 0.015381
-0.321533 0.165527 0.994263 -0.019531 -0.006958 0.012817
-0.302368 0.187256 0.991211 -0.020264 -0.004883 0.020508
-0.298828 0.189575 0.993530 -0.027710 0.002197 0.000732
-0.324463 0.161621 0.995728 -0.030518 0.000000 -0.005371
-0.316162 0.154419 0.991577 -0.015869 -0.011230 0.003296
-0.308472 0.181885 0.990723 -0.004395 -0.011719 0.019409
-0.307739 0.161865 0.993652 0.003540 -0.012207 0.052368
-0.289673 0.197388 0.995605 0.004272 -0.006592 0.070068
-0.316040 0.170532 0.988892 0.000366 -0.002319 0.045654
-0.313721 0.187134 0.990845 0.003418 -0.009399 0.035034
-0.311401 0.189209 0.991699 0.004272 -0.017212 0.043945
-0.282715 0.214233 0.988647 -0.008423 -0.008789 0.025269
