-0.291992 0.307251 0.975220 -0.016846 -0.015137 -0.030518
-0.285400 0.285400 0.970337 -0.020386 -0.014038 -0.035400
-0.277100 0.274048 0.968872 -0.017456 -0.010254 -0.028198
-0.286621 0.288574 0.977295 -0.012817 -0.008789 -0.015991
-0.286377 0.288818 0.971436 -0.012329 -0.007080 -0.013428
-0.279297 0.291626 0.972168 -0.014526 -0.005005 -0.014282
-0.294678 0.285889 0.973511 -0.014038 -0.004150 -0.023804
-0.278564 0.262451 0.969727 -0.005493 -0.010620 -0.002563
-0.270996 0.305420 0.974243 -0.005127 -0.002319 0.019897
-0.292725 0.292480 0.976685 -0.016235 0.000366 -0.004150
-0.298950 0.266113 0.971802 -0.015747 -0.010742 0.005981
-0.289307 0.266357 0.961670 0.000854 -0.010254 0.026001
-0.269043 0.269165 0.967041 0.004517 -0.011108 0.016479
-0.467163 0.635986 1.083618 0.238403 0.084595 0.297729
-0.165405 0.181152 0.956909 -0.008545 -0.049316 0.031006
-0.276978 0.304443 0.946289 0.048096 0.039063 0.087402
-0.265503 0.268677 0.973267 -0.003662 -0.022827 0.076904
-0.246460 0.334106 0.963745 -0.003296 -0.014893 0.017578
-0.144043 -0.273682 1.036987 0.118896 0.078369 0.168579
-0.076416 0.317139 0.963989 0.019287 -0.073608 0.085693
-0.286743 0.383423 0.883667 0.102173 0.059082 0.169189
-0.184326 0.363281 0.945068 0.022461 -0.012207 0.121704
-0.196167 0.331421 0.956787 -0.005615 0.005249 0.018799
-0.507080 0.360962 0.992310 0.050537 0.087402 0.136475
-0.034058 0.475586 0.950195 0.035889 -0.051147 0.165527
0.266846 0.331909 0.743896 0.029053 0.026611 0.087402
-0.244507 0.381104 0.953491 0.027466 -0.005127 0.106201
-1.020142 0.281738 1.051880 -0.039185 0.266357 0.269775
-0.085693 0.305054 0.923462 0.022949 -0.048584 0.090942
-0.465332 0.093018 1.041016 -0.056274 0.149536 0.130249
-0.130249 0.448975 0.922852 0.034790 -0.023315 0.119995
-0.809570 -0.025269 1.063232 -0.129761 0.187866 0.042480
-0.358521 0.224243 0.945923 -0.041626 0.076538 0.092285
-0.626587 0.302490 1.054321 -0.084595 0.078979 0.035400
-0.209839 0.514648 0.911499 -0.114380 0.083252 0.006958
-0.519897 -0.412720 0.961914 -0.144287 0.060669 0.026001
-0.054932 0.867432 0.987427 -0.026489 0.012939 0.124146
-0.872437 -0.047729 1.031860 -0.153198 0.110229 0.026245
-0.552856 -0.174683 0.952637 -0.140015 0.033447 -0.006226
-0.201904 0.380005 0.944214 -0.016113 0.010986 0.082764
-0.383911 0.484985 0.931030 -0.133789 0.042236 -0.090088
-0.272583 0.314209 0.875732 -0.136230 0.005981 -0.073853
-0.341797 0.503174 1.032104 -0.036133 -0.008423 0.063477
-0.225098 0.269775 0.921753 -0.115234 -0.002197 -0.041016
-0.247437 0.395752 0.909424 -0.076660 0.011841 0.020752
-0.144043 0.283325 0.819946 -0.179199 -0.027588 -0.159912
-0.310669 0.358643 0.971069 -0.063477 0.000000 -0.006836
-0.292847 0.346558 0.952759 -0.046143 -0.003906 0.024536
-0.249756 0.306763 0.928833 -0.056274 -0.014282 0.014771
-0.415649 0.758423 0.993286 -0.100708 -0.041016 -0.045532
-0.414673 0.439453 1.009155 -0.053345 -0.004639 -0.022583
-0.432129 0.312378 1.004150 -0.071533 -0.021729 -0.118774
-0.432129 0.364380 0.995728 -0.043823 -0.023193 -0.026611
-0.450562 0.374878 0.989868 -0.036987 -0.040649 -0.029785
-0.546509 0.439941 0.916504 -0.069214 -0.094849 -0.111572
-0.397949 0.364258 0.995117 -0.054199 0.011597 -0.100220
-0.261475 0.246094 0.953735 -0.018677 -0.065430 -0.126465
-0.278687 0.352905 0.942505 -0.032227 -0.044678 -0.139160
-0.557373 0.199585 1.062378 -0.024048 -0.051880 -0.111206
0.012573 0.388916 0.924194 0.018066 -0.107422 -0.090698
-0.368164 0.138184 0.958008 -0.073853 0.016479 -0.118042
-0.311035 0.197510 0.966797 -0.026123 -0.061768 -0.094849
-0.248413 0.101563 0.968140 -0.058350 -0.022827 -0.127197
-0.271240 0.262085 0.948608 0.000610 -0.064697 -0.090942
-0.292114 -0.015747 0.984863 -0.068237 -0.005981 -0.110107
-0.519409 -0.060425 0.963989 0.046021 -0.082886 -0.024902
-0.100586 0.496948 0.943848 0.043091 -0.054932 -0.034546
-0.400879 0.181885 0.981079 -0.031982 -0.023315 -0.115356
-0.419800 0.547729 0.969849 0.047852 -0.057007 -0.081055
-0.161865 0.125122 1.020874 0.121216 -0.124512 -0.003174
-0.590210 0.267578 0.978149 -0.046387 0.030273 -0.075562
-0.323120 0.192749 0.968506 -0.008179 -0.029541 -0.016479
-0.243286 0.335205 0.965332 0.014526 -0.033936 0.037354
-0.246216 0.351440 0.968506 -0.009644 -0.005737 0.020874
-0.288208 0.312500 0.968750 -0.024536 0.003540 -0.001587
-0.314697 0.278687 0.968262 -0.020996 -0.002319 0.005127
-0.283569 0.272949 0.969727 0.000732 -0.011597 0.061157
-0.260132 0.313354 0.967773 -0.001343 0.001221 0.095581
-0.238892 0.356201 0.965942 -0.024292 0.030151 0.089478
-0.270996 0.396362 0.946533 -0.077271 0.074341 0.102539
-0.152588 0.606689 0.961670 -0.057251 0.043945 0.131714
-0.339355 0.662354 0.959351 0.037598 -0.000122 0.217041
-0.479858 0.312256 1.000244 -0.011475 0.017944 0.177856
-0.022217 0.544189 0.937378 -0.012085 0.027588 0.169556
-0.616211 -0.082764 0.962158 -0.198120 0.114014 -0.045654
-0.333618 0.660278 1.015503 -0.099243 0.035522 0.052612
-0.210205 0.446411 0.971191 0.051636 -0.042603 0.199341
-0.530273 0.381348 1.083374 -0.197144 0.150146 -0.020142
-0.172974 0.443237 0.995850 -0.014404 -0.004272 0.124878
-0.175293 0.292114 0.979858 -0.060913 0.017456 0.108765
-0.531128 -0.639160 1.004517 -0.205566 0.081665 -0.079712
-0.201416 0.435059 0.976685 0.006958 -0.009033 0.197510
-0.305420 0.657227 0.990234 -0.201050 0.121826 -0.079346
-0.154785 0.455078 0.955078 0.046143 -0.049683 0.180908
0.079468 1.178711 0.814819 -0.106445 0.081543 -0.001099
-0.313721 0.509521 0.967651 0.049561 -0.036621 0.174438
-0.106445 0.489258 0.960815 0.004639 -0.001343 0.154053
-0.869873 -0.252319 1.086792 -0.163208 0.119751 -0.056274
-0.063843 0.461548 0.964355 0.025757 -0.033691 0.191040
-0.118164 0.648193 0.887817 -0.099243 0.057739 -0.005859
-0.038940 0.593140 0.947876 -0.010498 0.004028 0.117798
-0.389526 -0.847656 0.992554 -0.342041 0.109253 -0.357422
-0.160767 0.306396 0.961792 0.005493 -0.020752 0.108276
-0.260742 0.059204 0.979614 -0.053833 0.014160 -0.006348
-0.232300 0.385132 0.963013 -0.020874 0.012207 0.076416
-0.870850 -0.088745 1.095215 -0.246094 0.133667 -0.223877
-0.287231 0.357910 0.971558 0.028809 -0.034668 0.126099
-0.246582 0.339600 0.969971 -0.014160 0.013916 0.102295
-0.292480 0.488281 0.968018 -0.119873 0.058838 -0.058105
-0.304810 0.478638 0.971558 0.036621 -0.024170 0.169312
-0.304688 0.968750 0.992310 -0.187866 0.116943 -0.072754
-0.147461 0.397461 0.956299 -0.007935 -0.013672 -0.022339
-0.244629 0.567871 0.962646 0.044434 -0.030518 0.202148
-0.127075 -0.060913 0.879761 -0.212769 0.073486 -0.264648
-0.386353 0.377197 0.973633 0.026611 -0.013916 0.118896
-0.380005 0.008545 0.977783 -0.067139 0.019653 0.002197
-0.304688 0.327393 0.944092 -0.050171 0.025513 0.036621
-0.234253 0.407715 0.969482 -0.023560 0.002075 0.039307
-0.254150 0.246094 0.963135 -0.054321 0.018188 0.013062
-0.312622 0.091187 0.981445 -0.047119 -0.000610 0.049805
-0.369629 0.223389 0.979126 -0.073364 0.036133 0.039429
-0.470825 -0.451538 1.005981 -0.112549 0.021851 -0.057129
-0.314331 0.229004 0.967773 0.004150 -0.003052 0.099243
-0.350342 0.237671 0.970703 -0.027466 0.012695 0.016968
-0.360107 0.179077 0.973755 -0.039917 0.007935 0.013428
-0.315674 0.248901 0.977539 -0.026611 0.004028 0.025391
-0.317871 0.261719 0.971191 -0.033081 0.011963 0.035156
-0.321045 0.030640 0.972534 -0.046021 0.006348 -0.003052
-0.314209 0.356934 0.951660 -0.086914 0.040039 -0.007813
-0.319458 -0.153809 0.981567 -0.098511 -0.010376 -0.126953
-0.282349 0.222290 0.974609 0.011475 -0.012451 0.121948
-0.322754 0.265137 0.974976 -0.021118 0.014404 0.043701
-0.386841 0.192505 0.970337 -0.031982 0.006714 0.004883
-0.342041 0.188721 0.971313 -0.017212 -0.012939 0.026367
-0.316528 0.252930 0.968994 -0.004150 -0.005493 0.096924
-0.662964 -0.103882 0.981934 -0.216797 0.081787 -0.121704
-0.369385 0.413086 0.963013 -0.008057 0.003662 0.068115
-0.292969 0.273804 0.973999 -0.016846 -0.008911 0.003296
-0.353638 0.226563 0.971191 -0.028076 0.000732 -0.000122
-0.347656 0.206055 0.970215 -0.021240 -0.009521 0.017944
-0.326172 0.247437 0.967163 -0.021362 -0.002686 0.001343
-0.349731 0.215942 0.972656 -0.030029 -0.002930 -0.069702
-0.347046 0.209473 0.970947 -0.031006 -0.012085 -0.076416
-0.349976 0.189819 0.974854 -0.032959 -0.010010 -0.079468
-0.339600 0.217285 0.968628 -0.019287 -0.012817 -0.037720
-0.348511 0.210815 0.970459 -0.021851 -0.009277 -0.033813
-0.335327 0.214111 0.979736 -0.023682 -0.008789 -0.035522
-0.338745 0.207275 0.973755 -0.027954 -0.001709 -0.016479
-0.357300 0.200928 0.973999 -0.035767 -0.000732 -0.026367
-0.349487 0.205566 0.972168 -0.031738 -0.005005 -0.041260
