-0.361572 0.651367 1.981689 -0.005737 0.001221 -0.000488
-0.399414 0.619141 1.988525 -0.004761 -0.002319 -0.003418
-0.316162 0.628662 1.980225 -0.000366 -0.006348 0.001831
-0.316650 0.449951 1.907715 0.005493 -0.005249 0.008179
-0.249268 0.672607 2.008301 0.005371 -0.008179 0.008667
-0.261963 0.641846 1.981689 -0.001465 -0.003540 -0.003174
-0.347900 0.659180 1.978516 0.000366 -0.000977 0.001587
-0.286621 0.585693 1.954102 0.001831 -0.001831 0.005249
-0.460205 1.233154 2.049805 0.026123 0.007568 0.028198
-0.329102 0.960205 2.003418 0.014404 0.002075 0.006226
-0.222900 0.990234 2.028320 0.015137 0.009033 0.008423
-0.662109 0.994141 2.289307 0.024170 0.020752 0.013184
-0.289307 0.598877 1.966797 0.001465 -0.005249 0.020874
-0.113525 0.555908 1.878174 0.008179 0.019409 0.035278
0.305908 0.890381 1.812744 0.011597 0.026855 0.052856
0.108887 0.850098 1.829102 0.003662 0.009399 0.045654
-0.787598 0.740723 2.071045 0.003906 0.019409 0.052856
-0.032715 0.592285 1.931152 -0.015991 0.024170 0.022095
-0.474854 0.660156 1.969971 -0.022217 0.029663 0.019165
-0.398438 0.686035 1.960205 -0.018311 0.020386 0.033081
-0.225342 0.681885 1.969238 -0.013916 0.013062 0.025757
-0.737305 0.403076 1.973145 -0.019165 0.019653 -0.008301
-0.220215 0.869873 2.009033 -0.004761 0.006836 0.009766
-0.498047 0.313232 1.970703 -0.032715 0.020874 -0.009033
-0.520996 0.557129 1.968994 -0.042969 0.026611 -0.016968
-0.798340 -0.384277 1.946533 -0.053101 0.034668 -0.028687
-0.296631 0.870117 1.985596 -0.007813 0.004517 0.024658
-0.486816 0.487549 1.943115 -0.025513 0.011230 0.001221
-0.208008 1.001221 2.020264 -0.008179 0.001953 0.025024
-0.353027 0.813965 1.981934 -0.002930 -0.000732 0.041504
-0.482666 0.692139 2.079102 -0.046997 0.024902 -0.003540
-0.218506 0.877686 1.993652 -0.005249 0.000244 0.062500
-1.170654 -0.811768 1.893799 -0.047729 0.023315 -0.025635
-0.246338 0.849609 1.990234 -0.006470 -0.001221 0.025269
-0.360596 0.685547 1.973633 -0.010010 0.001343 0.012573
-0.330811 1.273926 2.006836 -0.016724 0.004517 0.005127
-0.378662 0.562256 1.956299 -0.020508 0.001831 -0.000977
-0.534668 0.163330 1.942139 -0.032471 0.004150 -0.033447
-0.467285 1.419434 2.132568 -0.013184 -0.004761 -0.001709
-0.235107 0.390869 1.908447 -0.023560 -0.008545 -0.019287
-0.474609 0.851807 2.049316 -0.011841 -0.001343 -0.016968
-0.466064 0.752197 2.026855 -0.016235 -0.000854 -0.044189
-0.254883 0.422119 1.909912 -0.027100 -0.020630 -0.064087
-0.020752 0.358398 1.946777 -0.015503 -0.015381 -0.037964
-1.370361 0.736572 2.211670 -0.008911 -0.015015 -0.035156
-0.138428 0.753174 1.937744 -0.011597 -0.015259 -0.061523
-0.795410 0.388184 2.048584 -0.016113 -0.006348 -0.075073
-0.824463 -0.161133 1.868164 -0.002930 -0.025146 -0.070435
-0.634277 -0.063232 2.000488 -0.004272 -0.009888 -0.069214
-0.181396 0.645264 1.961670 0.017456 -0.024658 -0.062866
-0.623535 1.052979 1.950928 0.042358 -0.036499 -0.041870
-0.604980 0.456055 2.035400 0.042114 -0.038086 -0.026978
-1.042480 -0.585449 1.885254 0.015137 -0.020142 -0.037598
-0.744141 -0.133789 1.900879 0.009888 -0.015503 -0.035400
-0.431885 0.663818 2.012939 0.012207 -0.009155 -0.010010
-0.446777 0.511719 1.990723 -0.002563 0.000610 0.005127
-0.322266 0.681396 1.988037 0.000244 -0.001221 0.018433
-0.421387 0.607666 1.995850 -0.003906 0.000977 0.012573
-0.432861 0.575684 1.989258 -0.004272 -0.001831 0.015259
-0.394775 0.581299 1.994873 -0.002197 -0.005249 0.027222
-0.583008 0.384033 1.982666 -0.012085 0.003296 0.025391
-0.072266 0.893799 2.004395 0.001465 -0.005005 0.049072
-1.398438 -0.570557 2.025879 -0.052979 0.031982 -0.011230
0.218018 1.740967 1.940674 -0.012451 0.000977 0.029053
-0.620361 0.311768 2.018799 -0.025635 0.006348 0.016357
-0.790283 -0.094971 2.012939 -0.026367 -0.002075 0.008179
-0.011475 0.976318 2.009766 0.001343 -0.012939 0.028809
-0.484619 0.230225 2.019287 -0.032227 0.015137 -0.004395
-0.262939 0.653076 2.004150 -0.007935 -0.007202 0.024048
-0.027344 0.999512 1.983643 -0.008301 -0.002319 0.008911
-0.110596 1.038574 1.994629 -0.005249 -0.002197 0.011230
-0.366455 0.642334 2.012207 -0.012451 -0.001343 0.014526
-0.374023 0.697998 2.014404 0.015259 -0.024048 0.039917
-0.157471 0.656738 1.998535 0.015747 -0.026855 0.021240
-0.211670 0.643555 2.008301 0.011353 -0.013184 0.007324
-0.333496 0.575684 2.007813 0.008545 -0.005615 0.012817
-0.351074 0.602051 2.007324 0.007324 -0.004883 0.010620
-0.362061 0.610840 2.000244 0.005859 -0.003296 0.000610
-1.112305 0.300537 2.033203 -0.009277 0.009888 -0.011597
-0.209717 0.663818 1.994629 0.009521 -0.013428 0.022339
-0.578125 0.413086 2.000977 -0.005981 0.004272 0.015869
-1.768066 -0.570313 2.096924 -0.047119 0.036865 -0.016235
-0.017578 0.814697 1.982178 0.001831 -0.014771 0.035278
-0.595947 0.082275 1.989502 -0.034180 0.019653 -0.016846
-0.343994 0.526611 2.009766 -0.013794 0.005005 -0.004761
-0.442871 0.431396 2.010254 -0.006836 0.003418 0.009277
-0.012451 1.068604 2.046875 -0.002197 0.005615 0.026611
-0.148682 1.059082 2.016602 0.000854 0.002075 0.051758
-0.518799 0.330322 2.033203 -0.026611 0.019775 0.004883
0.285156 1.118896 1.979492 0.002686 -0.005249 0.028442
-0.848877 0.183838 2.065918 -0.046753 0.050171 -0.032837
-0.277344 0.722656 1.996094 -0.013062 0.009888 0.002319
-0.515625 0.509766 2.016846 -0.010010 0.006714 -0.002563
-0.243408 0.606689 2.007080 -0.005981 0.001343 0.003418
-0.250244 0.581787 2.029297 -0.004272 0.004395 0.014648
-0.850830 0.076172 2.015137 -0.050659 0.036621 -0.034058
-0.003174 0.986572 2.049072 0.002563 0.001709 0.036865
-0.995361 -0.422852 2.031494 -0.046631 0.019775 -0.030762
-1.022949 -0.466309 2.031982 -0.035522 0.020630 -0.029297
-1.592285 -0.071777 2.099121 -0.028198 0.021606 -0.000854
-0.177734 0.541992 2.003174 0.015869 -0.012695 0.066284
-0.426758 0.313477 2.008301 0.000000 0.008667 0.034424
-0.378906 0.612793 2.001465 0.012939 -0.005249 0.026123
-0.456787 0.583984 2.006104 0.010620 -0.005737 0.013428
-0.416748 0.510254 2.010254 0.009766 -0.010620 0.019409
-0.211426 0.602539 1.994629 0.011108 -0.005615 0.022705
-2.031006 -0.486084 2.142578 -0.065918 0.078247 -0.061768
-0.777100 -0.050537 2.027588 -0.049927 0.032715 -0.037842
-0.893555 -0.028564 2.054688 -0.013794 -0.001465 0.018188
0.008057 0.909912 1.998779 0.010864 -0.005249 0.030762
-1.040283 -0.240479 2.013916 -0.042114 0.030518 -0.018921
-0.272705 0.655029 1.983398 -0.000610 -0.003906 0.009399
-0.789551 0.061523 2.030273 -0.021729 0.011597 -0.007446
-0.389160 0.520752 2.006592 0.002075 -0.005127 0.020264
-0.453369 0.491699 2.006836 0.006226 -0.003540 0.021240
-0.485107 0.458984 2.005615 0.009888 -0.004761 0.026489
0.774902 2.175781 1.843262 -0.010986 0.011719 0.005005
-0.710693 0.344971 2.019287 -0.009277 0.002808 0.009155
-0.115479 0.800049 1.995605 0.003052 -0.007446 0.012939
-0.381104 0.523193 1.999268 -0.008301 0.001953 -0.011963
-0.439941 0.541504 1.992920 -0.003784 0.000488 -0.005249
-0.494629 0.505859 1.997559 -0.003296 -0.000244 0.008667
-0.423828 0.475098 1.999756 0.001587 -0.004883 0.026123
-0.387207 0.533936 1.997559 0.002319 -0.003296 0.011475
-0.336182 0.646973 1.997803 -0.000244 -0.000122 -0.006836
-0.918213 -0.248779 2.033203 -0.021851 0.008179 0.004150
-0.263672 0.667480 1.996094 0.013184 -0.015869 0.035034
-1.151611 0.261719 2.028320 -0.014893 0.018555 -0.005249
-0.365723 0.787354 1.985107 -0.008179 0.004150 -0.016113
-0.492920 0.552979 1.999023 -0.015869 0.006836 -0.034180
-0.584229 0.353027 2.004883 -0.011963 -0.000122 -0.024658
-0.417236 0.495361 1.999268 0.000244 -0.006958 0.009033
-0.389404 0.550293 1.996094 0.002930 -0.005005 0.022095
-0.399658 0.582764 1.999756 -0.000732 -0.000122 0.008667
-0.511963 0.534912 1.996582 -0.003052 0.000732 -0.001099
-0.452393 0.566895 1.998779 -0.000732 -0.006348 -0.001099
-0.360596 0.600342 1.992188 -0.001953 -0.007690 -0.002319
-0.307861 0.605957 1.996094 -0.007568 -0.000732 -0.011230
-0.417969 0.573975 1.998779 -0.011230 0.006226 -0.016602
-0.509766 0.537598 2.003662 -0.012939 0.005127 -0.022827
-0.499268 0.494385 1.999512 -0.011963 0.000000 -0.024414
-0.451660 0.430664 2.000244 -0.008789 -0.002197 -0.020508
-0.419678 0.483398 2.004639 -0.003784 -0.001831 -0.011597
-0.447754 0.576660 1.994873 -0.003418 -0.000488 -0.006714
-0.480713 0.559570 1.998535 -0.006592 -0.000854 -0.006958
-0.458008 0.536621 1.997314 -0.007813 -0.003540 -0.003296
-0.429932 0.461426 2.004639 -0.007690 -0.002808 -0.001587
-0.420410 0.505371 2.001465 -0.004395 -0.000732 0.001221
-0.481689 0.519043 2.002197 -0.004883 -0.000122 -0.002319
-0.468506 0.507324 1.996338 -0.005493 -0.002197 0.000977
