-0.289673 0.342896 0.953857 -0.004272 -0.016479 0.006348
-0.271240 0.340820 0.946045 -0.010498 -0.012451 -0.010376
-0.286377 0.345459 0.950195 -0.013184 -0.004150 0.002563
-0.311157 0.345215 0.945557 -0.011475 -0.009399 0.003784
-0.309692 0.345947 0.949707 -0.003418 -0.024536 0.000977
-0.268066 0.363281 0.951782 -0.012207 -0.016846 -0.014404
-0.250244 0.368042 0.950195 -0.022095 0.005005 -0.019165
-0.293823 0.353027 0.947510 -0.037720 0.018066 -0.036987
-0.315796 0.334839 0.947266 -0.033081 0.006104 -0.039429
-0.306152 0.330078 0.952148 -0.021851 -0.003418 -0.011963
-0.273071 0.342651 0.950317 -0.025879 0.000488 -0.030640
-0.306641 0.348267 0.949463 -0.031128 -0.000610 -0.026245
-0.288208 0.369873 0.946533 -0.032471 -0.002075 -0.030640
-0.296631 0.374146 0.945068 -0.059082 0.006836 -0.085693
-0.287354 0.267456 0.928589 -0.032593 0.019897 -0.127686
0.004272 -0.047729 0.986938 0.143433 0.107300 -0.000244
-0.342529 0.807861 0.976685 0.026489 -0.016357 -0.159180
0.188477 -0.540527 0.556519 0.307739 0.176636 0.464844
-0.121094 0.441284 0.946167 -0.043457 -0.031006 -0.026733
-0.214233 0.445923 0.938232 -0.027466 0.042358 -0.002075
-0.324829 0.318359 0.928955 0.004761 0.036865 0.087524
-0.266357 0.269287 0.860352 0.077393 0.102051 0.238770
-0.210938 0.110596 0.914185 0.041504 0.137817 0.277588
-0.383789 0.134399 0.997681 0.087524 -0.054199 0.188110
0.104126 0.659302 0.717407 -0.067749 0.191284 0.058838
-0.163574 0.480835 0.936035 0.024292 -0.007080 0.074951
-0.356934 0.400146 0.992188 -0.214844 0.194092 -0.153076
-0.188354 0.451050 0.922974 0.016235 0.006714 0.094727
-0.804321 -0.111084 1.003906 -0.094238 0.025146 -0.125610
-0.268066 0.369873 0.934448 -0.008301 0.002686 0.043945
-0.147339 0.812256 0.884644 -0.178101 0.081055 -0.057983
-0.338135 0.426514 0.926025 -0.113647 0.035767 0.019775
-0.253418 0.698242 0.948364 -0.110718 0.020752 0.040039
-0.255981 0.707520 0.986572 -0.131836 0.022583 -0.072144
-0.374023 0.401001 0.942139 -0.045898 0.000977 0.071045
-0.290039 0.506958 0.978516 -0.144653 -0.001465 -0.017334
-0.272217 0.668213 0.995728 -0.150635 0.010254 -0.037720
-0.354492 0.350708 0.924927 -0.055176 0.001587 0.056763
-0.354004 0.374878 0.918701 -0.081787 -0.033569 -0.001343
-0.337769 0.341187 0.929077 -0.029907 -0.022217 0.043091
-0.273438 0.330566 0.922485 -0.019531 -0.030151 0.047607
-0.375854 0.387939 0.980347 -0.037354 -0.032715 -0.003540
-0.209229 0.257690 0.918457 -0.038818 -0.061279 -0.053345
-0.446167 0.366089 0.970947 -0.060181 -0.050659 -0.086914
-0.524414 0.288208 0.965332 -0.046753 -0.040161 -0.089722
-0.360718 0.184082 0.921997 0.003662 -0.091431 -0.055786
-0.347900 0.332153 0.946655 -0.021240 -0.016846 -0.048096
-0.308838 0.354126 0.950317 -0.013062 -0.037598 -0.064087
-0.211182 0.498291 0.934570 -0.027222 -0.032959 -0.124146
-0.101685 0.259277 0.898071 0.072754 -0.143921 -0.139771
-0.415405 0.662842 0.953979 0.008911 -0.101196 -0.162476
0.332031 0.788940 0.934814 0.036255 -0.013794 -0.054443
-0.488647 0.293823 0.960327 0.025146 -0.052979 -0.028076
-0.390991 0.269653 0.914551 0.088013 -0.111572 -0.007324
-0.345459 0.253174 0.954590 -0.027832 -0.010010 -0.102417
0.350342 0.839478 0.840820 0.193604 -0.118530 0.042603
-0.625977 0.250610 0.986694 0.154175 -0.124390 0.065186
-0.397339 0.003174 0.943726 -0.002197 -0.006470 0.045898
-0.301147 0.366821 0.935425 0.031494 -0.038574 0.069702
-0.226807 0.415039 0.944824 0.005859 -0.015015 0.036011
-0.277466 0.364380 0.951660 -0.023438 0.014526 -0.001343
-0.323853 0.346436 0.944702 -0.031006 0.008423 -0.019165
-0.326050 0.316040 0.943237 -0.001831 -0.010254 0.036011
-0.251831 0.343506 0.945557 0.002686 0.012817 0.072998
-0.260498 0.410767 0.949829 -0.023804 0.027466 0.046509
-0.276855 0.396362 0.950317 -0.041504 0.043579 0.052002
-0.589478 0.114624 0.950195 -0.111694 0.053467 -0.032715
-0.281616 -0.124146 0.933350 0.033203 -0.011475 0.147339
-0.213013 0.319580 0.958618 -0.006714 -0.004150 0.136597
-0.558105 -0.097412 0.975098 -0.002563 0.012939 0.089722
-0.311523 0.118042 0.952881 -0.085327 0.039551 -0.001099
-0.287964 0.533447 0.960571 -0.066772 -0.001099 0.036133
-0.236816 0.424683 0.944824 -0.010864 -0.003540 0.098511
-0.127930 0.323853 0.949585 -0.114380 0.083008 0.006104
-0.284790 0.611572 0.955933 -0.081787 0.013184 0.033447
-0.367920 0.191284 0.952637 -0.089111 0.024048 0.037842
-0.229614 0.439697 0.946899 -0.015259 0.009033 0.096313
-0.435425 0.086914 0.980591 -0.050659 0.028198 0.066528
-0.019775 0.389893 0.941406 -0.193604 0.122803 0.013062
-0.349243 -0.096558 0.949463 0.075439 -0.052002 0.263306
0.088745 1.092773 0.926758 -0.210327 0.108643 -0.056152
-0.351440 -0.184448 0.962524 0.086304 -0.028198 0.233154
-0.030762 0.848755 0.919678 -0.136108 0.089111 0.025879
-0.365356 0.778931 0.959839 -0.137817 0.030762 -0.030518
-0.315186 0.454346 0.951904 -0.116089 0.041260 0.028442
-0.201294 0.560669 0.967529 -0.043091 0.018066 0.091431
-0.365234 0.112671 0.915283 -0.156250 0.070801 -0.071777
-0.229248 0.463745 0.958740 0.000977 -0.007813 0.119507
-0.240601 0.372070 0.928589 -0.142822 0.062500 -0.092896
-0.517578 -0.046021 0.971924 0.002441 -0.005249 0.148682
-0.120850 0.762451 0.940918 -0.152954 0.081543 0.036499
-0.217896 -0.068359 0.947632 -0.041870 0.018799 0.117065
-0.308960 0.405029 0.963867 -0.032227 0.011597 0.130615
-0.317871 0.339233 0.957642 -0.025146 0.000000 0.028564
-0.261475 0.387695 0.934326 -0.129883 0.066162 -0.026855
-0.164063 0.147461 0.936523 -0.131714 0.056274 -0.031738
-0.440308 0.315186 0.960693 -0.053345 0.020264 0.098511
-0.371094 0.513184 0.963013 -0.174683 0.045654 -0.143555
-0.882935 -0.189941 1.060547 -0.120239 0.050781 -0.067139
-0.245361 0.154053 0.957520 0.006470 -0.020874 0.085327
-0.250366 0.312988 0.952759 -0.033447 0.010010 0.030762
-0.322144 0.333740 0.941650 -0.089844 0.055176 0.011597
-0.347290 0.365845 0.954590 0.004883 -0.015015 0.128906
-0.310059 0.375366 0.959351 -0.067261 0.042480 0.039795
-0.502930 0.047852 0.965820 -0.026245 -0.009766 0.037842
-0.308105 0.286255 0.961426 -0.007568 0.002075 0.093506
-0.161133 0.312744 0.941895 -0.112305 0.057007 -0.007202
-0.433105 -0.158203 0.966064 -0.130371 0.030029 -0.064087
-0.351807 0.433960 0.951904 0.023804 -0.020752 0.163574
-0.197510 0.652954 0.955688 -0.160400 0.063843 -0.144043
-0.291870 0.123047 0.966797 -0.001709 -0.010132 -0.010986
-0.331299 0.299072 0.954590 0.000610 -0.010742 0.080933
-0.346191 0.256714 0.956909 -0.004639 -0.000488 0.090332
-0.354492 0.290527 0.954834 -0.015747 -0.005249 0.035522
-0.337280 0.305420 0.955688 -0.040283 -0.005005 -0.083740
-0.365601 0.215332 0.957886 -0.031250 -0.008667 -0.066406
-0.354858 0.236450 0.957275 -0.012207 -0.013550 -0.011353
-0.337524 0.280762 0.956543 -0.016479 -0.008057 -0.013306
-0.341064 0.254028 0.958618 -0.024414 -0.001587 -0.028076
-0.349609 0.257080 0.953125 -0.027100 -0.001343 -0.028198
-0.360962 0.249023 0.959229 -0.021484 -0.007813 -0.011963
-0.337524 0.263062 0.959839 -0.021118 -0.006836 -0.012573
-0.338623 0.263916 0.958984 -0.025391 -0.002075 -0.031982
-0.355225 0.250366 0.960327 -0.028320 0.001343 -0.025635
-0.358032 0.264526 0.958008 -0.037720 -0.002686 -0.055786
-0.349854 0.224487 0.963379 -0.028809 -0.005737 -0.036865
-0.345703 0.235474 0.959473 -0.025513 0.001587 -0.023193
-0.356079 0.245728 0.962036 -0.024780 -0.000488 -0.012207
-0.355713 0.249390 0.964111 -0.027222 -0.004761 -0.033691
-0.358521 0.243286 0.958496 -0.026123 -0.006348 -0.031860
-0.355957 0.245361 0.960327 -0.022217 -0.010864 -0.025269
-0.346802 0.252686 0.963867 -0.020752 -0.009399 -0.023560
-0.358032 0.235474 0.959961 -0.021851 -0.008545 -0.022095
-0.354492 0.221436 0.957397 -0.011841 -0.007324 -0.001953
-0.353516 0.248047 0.960938 -0.016479 -0.002319 0.010132
-0.372192 0.238403 0.958618 -0.014893 -0.008545 0.004395
-0.360474 0.230347 0.961304 -0.010498 -0.015625 0.016357
-0.338013 0.249268 0.957397 -0.013062 -0.007690 0.018188
-0.353882 0.253418 0.955322 -0.026855 -0.001831 -0.023315
-0.356079 0.234619 0.960327 -0.024658 -0.004028 -0.022217
-0.356934 0.230103 0.960693 -0.015503 -0.005493 0.004150
-0.346436 0.248657 0.959229 -0.018433 -0.003784 0.002441
-0.362061 0.245117 0.963745 -0.019165 -0.003052 0.005371
-0.355347 0.239014 0.959839 -0.016602 -0.005127 0.003418
-0.360718 0.255859 0.958862 -0.014648 -0.007568 0.001343
-0.359009 0.242432 0.958008 -0.014038 -0.010742 -0.016724
-0.356323 0.238037 0.961304 -0.007202 -0.011475 0.007568
-0.341797 0.269287 0.957764 -0.012451 -0.009521 -0.001709
-0.342407 0.260986 0.957275 -0.026978 0.000854 -0.014771
-0.356323 0.249634 0.961426 -0.026489 0.001343 -0.000366
