-0.127319 0.380127 0.975098 -0.021851 -0.008789 -0.029175
-0.117065 0.380493 0.975098 -0.011475 -0.026978 -0.015991
-0.089966 0.379883 0.981934 0.005249 -0.034668 0.028076
-0.076660 0.378784 0.980347 0.017578 -0.026855 0.070679
-0.066772 0.444214 0.981567 0.007690 -0.011475 0.056641
-0.103516 0.434204 0.971069 -0.012817 -0.014771 0.006470
-0.091919 0.387573 0.978638 -0.017212 -0.024780 -0.010864
-0.058960 0.399048 0.978638 -0.015137 -0.012207 -0.014038
-0.074463 0.387451 0.977173 -0.011597 0.004639 0.002563
-0.097290 0.384033 0.981812 -0.000366 0.000854 0.039551
-0.101440 0.419312 0.975342 -0.003174 -0.004761 0.036621
-0.100464 0.422607 0.970703 -0.010742 -0.016846 0.019653
-0.108154 0.394043 0.980103 -0.013550 -0.028076 -0.000854
-0.061890 0.399048 0.976807 -0.007813 -0.021729 -0.008911
-0.073486 0.396973 0.974854 -0.007202 -0.000977 -0.025269
-0.083252 0.428589 0.975220 -0.015503 0.002808 -0.054810
-0.074219 0.410645 0.975464 -0.023804 0.003784 -0.128662
-0.052368 0.383545 0.957153 0.013184 0.033936 -0.094238
-0.600830 0.648926 1.139404 0.074097 0.004150 0.103516
-0.043213 -0.018311 0.946655 0.219360 0.054810 0.442139
0.007568 0.477783 0.971313 0.031616 -0.080933 0.092041
0.432617 0.136597 0.803467 0.174194 0.112793 0.287842
0.254761 0.383423 0.924805 0.022949 0.011475 -0.013916
0.187134 0.248413 0.922119 0.063843 0.114014 0.100098
0.257324 0.175537 0.722412 0.124634 0.263306 0.278198
-0.722046 0.523071 1.099243 0.059692 0.034790 0.278442
-0.171143 0.458130 0.989990 -0.010376 0.121826 0.267090
0.437012 1.058960 1.072754 -0.089111 0.264893 0.032471
-0.100708 0.326050 0.937866 -0.015869 0.071777 0.135132
0.420410 0.991821 0.943970 -0.101196 0.162598 -0.083252
-0.297607 0.250854 0.944824 -0.044189 0.078979 0.125610
-0.039673 0.661499 0.992676 -0.129761 0.083740 0.139648
0.009399 0.278564 0.969727 -0.098999 0.052124 0.146729
0.142578 1.154907 0.989258 -0.187134 0.075073 -0.002930
0.086060 0.993774 1.016479 -0.160278 0.041382 0.021240
-0.092896 0.250366 0.893188 -0.061768 -0.002808 0.079712
-0.115967 0.625366 0.999634 -0.115967 -0.018921 -0.023193
-0.085449 -0.009888 0.898926 -0.077759 0.034668 -0.167236
-0.042847 0.353271 0.935303 -0.093262 0.005981 -0.184570
0.113525 0.375000 0.932129 -0.078613 -0.021606 -0.109741
-0.309814 0.403076 0.985474 -0.056519 -0.073853 -0.087036
-0.058228 0.579346 0.985474 -0.031982 -0.105713 -0.103394
-0.595337 0.067139 0.979126 0.012817 -0.122681 -0.123291
0.213379 0.782227 0.954468 0.014893 -0.119141 -0.086426
0.511353 0.489380 1.061523 0.000732 -0.058105 -0.130493
-0.613403 0.175171 0.924683 0.058594 -0.197510 -0.092773
0.037476 0.434937 0.972900 0.002930 -0.059326 -0.137207
0.259766 0.445801 1.056396 0.080811 -0.117188 -0.045044
0.076050 0.567017 0.939819 0.033325 -0.119873 -0.131348
0.242676 1.077881 0.971924 -0.040771 0.009399 -0.104370
-0.056396 0.462769 0.973267 -0.003418 -0.030151 0.024658
-0.024902 0.449585 0.970215 -0.009888 -0.012817 0.007324
-0.060425 0.390015 0.972778 0.004395 0.000122 0.037476
-0.078369 0.415771 0.973877 0.004883 0.007690 0.043945
-0.079956 0.408569 0.978271 0.004639 0.008911 0.077026
-0.079590 0.401123 0.975220 0.012573 0.010498 0.140869
0.277100 0.818115 0.942017 -0.170166 0.212158 -0.077637
-0.001099 0.508301 0.979858 0.007935 -0.026245 0.133423
-0.640503 0.056152 0.947144 -0.059692 0.033081 -0.002808
0.377319 0.742432 0.962402 -0.085815 0.129028 0.008057
-0.440186 0.061768 0.984985 -0.028931 0.021729 0.127075
0.172852 0.619263 0.969116 -0.117554 0.151245 0.032837
-0.415405 0.122192 0.959839 0.011108 -0.039673 0.205688
0.266235 0.587402 0.927124 -0.181763 0.164429 -0.191528
-0.010010 0.465820 0.980347 -0.017456 -0.003662 0.038696
-0.658325 -0.008789 0.984497 -0.061768 0.040283 -0.005249
0.474121 1.219238 0.947144 -0.206909 0.199707 -0.144775
0.350586 0.675171 1.072876 -0.105347 0.090576 -0.014771
-0.533081 0.276245 0.986328 0.002808 -0.013062 0.158447
0.116577 0.833862 0.955566 -0.180664 0.141968 -0.169312
0.020020 0.511963 0.983276 -0.023560 0.009155 0.058594
0.083618 0.691162 0.976074 -0.114014 0.086914 -0.088623
0.108765 0.767944 0.965332 -0.134033 0.106201 -0.126343
-0.066528 0.404541 0.974121 -0.009033 -0.009033 0.067261
-0.048340 0.399292 0.993774 -0.034668 0.007446 0.016724
-0.058716 0.473511 0.981079 0.001587 -0.048462 0.014526
-0.049194 0.403076 0.977905 -0.003296 -0.017334 0.044067
-0.078735 0.391724 0.984009 -0.012085 0.014404 0.057861
-0.104858 0.388306 0.989380 -0.015259 0.021362 0.090088
0.473145 0.716064 0.805420 -0.248901 0.182983 -0.290039
0.047119 0.538330 0.985107 0.028931 -0.075806 0.123291
0.234497 0.718018 0.970581 -0.081055 0.067505 -0.130249
-0.271484 0.021606 0.983276 0.017212 -0.039795 0.039673
0.148071 0.590454 0.932373 -0.061523 0.069092 -0.056396
-0.390503 0.111450 1.006470 -0.021606 -0.020752 0.061768
-0.006958 0.415283 0.993652 -0.035645 0.026245 0.092529
-0.021973 0.389160 0.942505 -0.131348 0.103882 -0.110229
-0.095703 0.334106 0.968262 -0.047607 0.033325 0.068848
-0.010986 0.416626 0.983765 0.005493 -0.017212 0.123901
-0.225220 0.030762 0.936890 -0.097900 0.080811 -0.103149
0.148071 0.721558 0.944458 -0.194824 0.157349 -0.192139
0.029053 0.481689 0.990723 0.002319 -0.022705 0.111816
-0.164795 0.223999 1.026489 -0.188232 0.145874 -0.203491
-0.009888 0.464355 0.991211 -0.006836 -0.025635 0.094116
-0.085449 0.353516 0.986206 -0.006348 -0.002197 0.021606
-0.119751 0.356323 0.988770 -0.000732 0.003540 0.053345
-0.103882 0.468750 1.009521 -0.044434 0.035034 0.012085
-0.057495 0.135376 0.981812 -0.080200 0.064819 -0.063477
-0.172974 0.281494 1.004883 -0.053833 0.009521 0.011108
-0.026733 0.490723 0.986572 -0.029175 0.018311 0.052246
-0.192993 0.030518 0.986206 0.013306 -0.018066 0.074219
-0.146606 0.298218 0.994629 0.005615 -0.005005 0.072632
-0.153076 0.347046 0.996704 0.009888 -0.003540 0.071167
-0.402710 0.343018 1.010254 -0.153442 0.119995 -0.216797
-0.270752 0.373047 1.005371 -0.001221 -0.030518 0.079712
0.164551 0.637329 0.939697 -0.106812 0.082642 -0.069946
-0.562744 -0.060425 1.009399 -0.013550 -0.031006 0.088867
-0.041016 0.380859 0.985596 -0.021362 0.018799 0.086426
-0.109253 0.049194 1.001709 -0.053467 0.045044 -0.042725
-0.710815 -0.238281 1.003906 0.024658 -0.038086 0.107910
-0.162964 0.316040 0.985352 0.013672 -0.025269 0.135986
-0.287964 0.207886 0.990112 -0.078857 0.090088 0.009766
-0.138184 0.297363 0.992432 -0.010132 -0.044556 0.061279
-0.029785 0.395752 0.987549 -0.021484 -0.005615 -0.015015
-0.167725 0.326294 0.996948 -0.016357 0.006714 0.016479
-0.166504 0.340576 0.992920 -0.007813 -0.009155 0.056763
-0.125366 0.374634 0.991089 -0.016846 -0.003052 0.016235
-0.153198 0.337402 0.992676 -0.026733 0.000000 -0.025879
-0.119507 0.355103 0.985352 -0.026001 0.007446 -0.029663
-0.146973 0.347778 0.994507 -0.018311 0.011719 -0.020264
-0.139160 0.360962 0.989990 -0.021484 0.013306 -0.027710
-0.160156 0.343628 0.994385 -0.028564 0.013306 -0.038574
-0.150146 0.349731 0.994751 -0.036133 0.009277 -0.053467
-0.151123 0.344849 0.992188 -0.032959 0.010254 -0.050537
-0.175415 0.322021 0.990601 -0.027222 0.002441 -0.039673
-0.172119 0.328613 0.993530 -0.021118 -0.010132 -0.010132
-0.143677 0.345947 0.991333 -0.021729 -0.012451 0.005005
-0.150146 0.324951 0.995239 -0.011963 -0.007446 0.001099
-0.146606 0.362549 0.992432 -0.017456 -0.003540 -0.019409
-0.168091 0.340820 0.992432 -0.019775 -0.009399 -0.022461
-0.171021 0.337402 0.990356 -0.011108 -0.021729 -0.008057
-0.150024 0.340820 0.993286 -0.011108 -0.019653 -0.000122
-0.134644 0.345093 0.988892 -0.012085 -0.010742 -0.005615
-0.156128 0.331543 0.998413 -0.011353 -0.009277 0.017212
-0.154907 0.341431 0.992432 -0.016968 -0.010742 -0.008301
-0.172852 0.336548 0.989014 -0.015259 -0.019653 -0.005493
-0.144897 0.324951 0.988770 -0.012451 -0.017334 -0.043579
-0.150146 0.343628 0.993042 -0.007935 -0.017212 -0.035034
-0.140137 0.340820 0.995483 -0.009155 -0.012817 -0.027710
-0.158447 0.338135 0.994751 -0.004150 -0.013550 -0.013062
-0.162476 0.357300 0.992798 -0.014404 -0.013550 -0.030273
-0.151123 0.338013 0.996216 -0.011108 -0.021606 0.001465
-0.138916 0.350464 0.991821 -0.014160 -0.013184 0.000610
-0.162354 0.329102 0.993408 -0.015015 -0.009521 -0.013306
-0.150391 0.339966 0.995972 -0.011597 -0.009399 -0.022583
-0.151978 0.341553 0.992676 -0.013062 -0.009277 -0.020752
-0.150879 0.342773 0.989136 -0.013916 -0.010620 -0.014893
-0.167969 0.329102 0.992920 -0.010986 -0.015137 -0.012695
-0.143677 0.340210 0.993042 -0.009399 -0.017578 -0.003540
-0.136475 0.338867 0.992432 -0.013184 -0.007568 0.005615
