-0.277344 0.242432 0.961060 -0.024902 -0.007446 -0.052124
-0.311035 0.267090 1.073364 0.090454 0.087646 0.083740
-0.303345 0.196289 0.963013 -0.021729 -0.003662 -0.021240
-0.377441 0.309326 0.987061 0.003418 0.014160 -0.010986
-0.215210 0.048340 0.903320 0.023193 0.008545 -0.014282
-0.267944 0.189819 0.970459 -0.011108 -0.015503 -0.023315
-0.252319 0.232422 0.935181 -0.004517 0.021484 0.015381
-1.029419 0.361572 1.242676 0.070190 0.133789 0.118896
-0.110840 0.082275 0.809204 0.010620 0.018188 -0.001953
-0.578003 0.304688 1.089966 0.034058 0.039429 0.055176
-0.249023 0.282349 0.965698 -0.009888 -0.009521 -0.021240
-0.325806 0.252808 0.968262 -0.016113 0.015381 -0.000977
-0.368652 0.259399 0.956543 -0.010254 0.008789 0.030518
-0.275879 0.215088 0.893188 0.017090 0.042480 0.055664
-0.840820 0.251343 1.277100 0.147339 0.165405 0.295654
-0.247314 0.501709 1.004028 0.096924 0.020020 0.175659
-0.266113 0.366333 0.978149 0.027832 0.002075 0.077881
-0.293701 0.333984 0.954590 -0.011597 0.023926 0.030029
-0.367432 0.256104 0.948730 -0.004272 0.034912 0.124268
-0.298706 0.265869 0.862061 -0.007446 0.094238 0.212402
-0.779419 0.205444 1.088135 -0.063965 0.174072 0.298218
-0.209351 0.486328 0.949097 0.028809 0.004517 0.211670
-0.221680 0.258667 0.922119 -0.014648 0.095581 0.291138
-0.312988 0.429810 0.931763 0.008545 0.073608 0.280762
-0.242310 0.499512 0.912354 -0.030884 0.067139 0.142212
-0.361328 -0.122192 0.953857 -0.134033 0.117920 0.039429
-0.361572 0.130859 1.012573 -0.121216 0.097168 0.008789
-0.097290 0.640381 0.906494 0.018066 0.009277 0.189209
-0.468140 0.221313 0.939331 -0.180420 0.121216 -0.037720
-0.246094 0.426880 0.921997 -0.053467 0.015503 0.049683
-0.176025 0.885986 0.909790 -0.123901 0.055420 0.031494
-0.435913 -0.102661 0.907593 -0.149048 0.038452 0.102173
-0.341919 0.780518 1.122314 -0.020874 0.024780 0.302856
-0.355103 -0.505127 0.910156 -0.223022 0.015015 -0.084961
-0.356445 -0.078613 0.832153 -0.174194 -0.028687 -0.021606
-0.376343 0.384399 0.969849 -0.039185 -0.022339 0.069580
-0.338135 0.371704 0.967896 -0.046753 -0.019897 0.063599
-0.173340 -0.179443 0.892822 -0.123535 -0.034912 -0.054565
-0.385376 0.323486 0.995972 -0.055420 -0.009155 0.097656
-0.349121 0.146729 0.940796 -0.156372 -0.029175 -0.039795
-0.296265 0.146606 0.900391 -0.067139 -0.051758 0.010742
-0.352295 0.287231 0.953003 -0.006104 -0.011475 0.084839
-0.536499 0.438843 1.017944 -0.036743 -0.062622 -0.002563
-0.381958 0.324951 0.996582 -0.036255 -0.003052 -0.006958
-0.596313 0.424072 1.069458 -0.049438 -0.063721 -0.043823
-0.414551 0.239746 0.941650 -0.030151 0.002319 -0.018066
-0.416138 0.269653 0.994995 -0.016602 -0.054199 -0.052124
-0.321411 0.264893 0.956299 -0.028931 -0.025146 -0.062012
-0.480713 0.260132 0.993042 -0.029663 -0.068726 -0.113037
-0.682007 0.349487 1.010620 0.016357 -0.076172 -0.046753
-0.173584 0.468384 0.988281 0.099609 -0.093628 0.024170
-0.458374 0.175415 0.971924 0.008789 -0.046875 0.005737
-0.288208 0.377563 0.942871 -0.005127 -0.050415 -0.007813
-0.480835 -0.086548 0.993408 0.010498 -0.060547 -0.017334
-0.340698 -0.141479 0.952881 0.029907 -0.061890 -0.057983
-0.465942 0.875000 0.940430 0.091675 -0.105347 -0.096313
-0.332275 0.324097 0.959839 0.031616 -0.035522 -0.112061
-0.522339 0.206055 0.959717 0.046387 -0.019409 -0.041748
-0.127808 0.472900 0.913818 -0.016235 -0.018311 -0.090942
-0.267822 0.700928 0.993042 0.214844 -0.156128 0.057129
-0.639771 -0.286743 0.934082 0.014526 -0.028442 -0.105713
-0.138794 0.709839 0.928345 0.149414 -0.081421 0.016479
-0.557007 -0.154297 0.943237 0.011353 -0.044922 -0.064209
-0.357666 0.253784 0.961670 0.002808 -0.024048 -0.035400
-0.312866 0.271240 0.968628 0.018188 -0.032715 0.008179
-0.266235 0.362183 0.959351 0.011353 -0.014893 0.022217
-0.375610 0.274292 0.969482 -0.018799 -0.019043 -0.031128
-0.286011 -0.099976 0.955200 0.156006 -0.123657 0.061279
-0.354248 0.339844 0.967896 0.003540 -0.008911 0.005737
-0.287598 0.290771 0.963623 0.001709 -0.006714 0.023315
-0.261719 0.320068 0.954712 -0.005127 0.015503 0.050293
-0.286743 0.321533 0.967407 -0.024658 0.044067 0.062988
-0.287476 0.418213 0.962280 -0.060547 0.064087 0.065674
-0.319702 -0.524170 0.940918 -0.250854 0.099854 -0.108521
-0.471680 -0.036743 1.001709 -0.068359 0.017456 0.045776
-0.374512 0.156006 1.025146 -0.270996 0.151733 -0.130737
-0.305908 0.157227 0.976318 -0.028076 -0.004761 0.081055
-0.299072 0.294922 0.960815 -0.043457 0.031738 0.121216
-0.437866 0.247925 0.902100 -0.281006 0.119263 -0.109863
-0.215332 0.429932 0.990601 -0.002197 -0.004761 0.153442
-1.141479 -1.073730 1.090332 -0.342407 0.165527 -0.134155
-0.041382 0.149658 0.854858 -0.226685 0.034180 -0.080688
-0.234985 0.365723 0.969971 0.008179 -0.035522 0.110229
-0.261963 0.299072 0.964600 0.008423 -0.015137 0.136963
-0.339722 0.270996 0.969238 0.001099 0.002930 0.178101
-0.477051 -0.463745 0.948486 -0.066650 0.058350 0.235840
-0.973389 -0.730103 1.102051 0.009644 -0.071411 0.222778
0.258545 1.136230 0.760620 -0.231812 0.136108 -0.015747
-0.189941 0.345093 0.965698 -0.008789 -0.001465 0.098755
-0.578003 0.555420 1.063232 -0.318237 0.108276 -0.202148
-0.396484 0.345947 0.972168 0.021240 -0.035156 0.179199
-0.214722 0.410889 0.956055 -0.018066 -0.004639 0.128540
-0.269775 0.040039 0.946289 -0.138306 0.014771 -0.094116
-0.257813 0.440186 0.959961 -0.077026 -0.002563 0.001709
-0.186279 0.828735 0.902466 -0.153320 0.028564 -0.136475
-0.298584 0.408203 0.961792 -0.036865 -0.004883 -0.053589
-0.801392 -0.180420 1.055786 -0.219604 -0.008423 -0.303223
-0.198364 0.334351 0.967041 -0.044678 -0.018799 0.043091
-0.279541 0.256958 0.971802 0.030396 -0.045898 0.131592
-0.135986 0.568237 0.916992 -0.109863 0.069580 0.038696
-0.391724 0.286011 0.969849 -0.061768 0.014282 -0.014282
-0.132202 0.517334 0.824951 -0.168091 0.089478 -0.125244
-0.583008 0.220947 1.068604 -0.131836 0.017700 -0.096802
-0.238525 0.324707 0.953857 -0.034668 0.010864 0.062744
-0.205811 0.126465 0.910889 -0.128540 0.065674 -0.067871
-0.221069 0.604614 0.902710 -0.121948 0.037476 -0.043945
-0.316528 0.276611 0.966064 -0.016235 -0.010376 0.014648
-0.359619 0.170288 0.978027 -0.017578 0.002563 0.069092
-0.307861 0.272095 0.962891 -0.030884 0.018555 0.068848
-0.239380 0.595581 0.941040 -0.152100 0.062134 -0.041626
-0.343628 0.373413 0.970581 -0.009644 -0.009766 0.059937
-0.684937 -0.546143 1.044067 0.015137 -0.030884 0.098022
-0.296997 0.219604 0.970703 0.000732 -0.004639 0.116455
-0.364136 0.194702 0.968750 -0.021362 0.011475 0.040405
-0.369385 0.196045 0.971069 -0.020508 0.002075 0.035156
-0.346436 0.210205 0.966919 -0.019897 0.001221 0.038574
-0.221924 -0.462646 0.977173 -0.111206 0.056152 -0.014526
-0.267212 0.182983 0.989136 -0.095215 0.022461 0.055542
-0.350342 0.396606 0.964844 -0.005859 -0.009277 0.052246
-0.374878 0.174683 0.972290 -0.038940 0.025391 -0.024658
-0.385742 0.163086 0.976929 -0.006470 -0.005005 0.049927
-0.331299 0.198364 0.971802 0.005493 -0.002075 0.121460
0.054932 1.289795 0.881714 -0.275513 0.129883 -0.171509
-0.310913 -0.558838 1.018555 0.065552 -0.046753 0.129761
0.254761 1.355225 0.794800 -0.206665 0.112305 -0.007202
-0.510986 0.083740 0.991455 -0.097412 0.012085 -0.078857
-0.316040 0.254761 0.967041 -0.014648 0.001099 0.043457
-0.359863 0.212280 0.971069 -0.018921 -0.000488 0.010986
-0.367554 0.199463 0.972290 -0.009521 -0.004395 0.078613
-0.313843 0.252441 0.972778 -0.042480 0.013062 0.013306
-0.363037 -0.215088 1.010620 -0.035889 0.024536 0.031738
-0.265747 0.271118 0.959961 -0.051270 0.021484 0.042480
-0.351685 0.207397 0.968506 -0.003662 -0.000732 0.048340
-0.360840 0.221191 0.963867 -0.023438 0.009399 0.001465
-0.389648 0.181519 0.970703 -0.014404 -0.011108 0.011108
-0.342285 0.190918 0.971924 -0.013916 -0.004517 0.065674
-0.318481 0.269287 0.960571 -0.051880 0.021240 0.034424
-0.022461 0.432861 0.837280 -0.277100 0.078369 -0.263062
-0.304077 0.406738 0.958862 -0.009155 -0.024780 -0.008789
-0.360352 0.180664 0.965820 -0.014282 0.001099 0.003784
-0.369019 0.196045 0.967529 -0.009888 -0.003662 0.037476
-0.367432 0.201904 0.975708 -0.014648 -0.007568 0.014282
-0.380005 0.167969 0.971680 -0.010742 -0.009277 0.057739
-0.341675 0.216919 0.966919 -0.014282 -0.005859 0.054077
-0.350830 0.192017 0.973633 -0.022949 0.002197 0.031128
-0.363770 0.188110 0.962402 -0.030762 0.005615 0.010254
-0.365112 0.187988 0.966553 -0.019409 -0.003296 0.048706
-0.373413 0.163330 0.971191 -0.016968 -0.003540 0.068359
-0.322998 0.248169 0.965454 -0.054688 0.018433 0.021362
-0.485474 -0.482544 1.048706 -0.032837 -0.008301 -0.012451
