-0.369141 0.838379 1.893555 -0.003296 -0.004517 -0.000977
-0.372070 0.831299 1.896729 -0.002808 -0.003662 -0.001221
-0.348145 0.897949 1.884277 -0.002441 -0.002197 0.000000
-0.366699 0.857910 1.902344 -0.006714 0.000366 -0.011108
-0.427490 0.810303 1.900146 -0.007813 0.000977 -0.014038
-0.439941 0.811768 1.903564 -0.006104 -0.002563 -0.016846
-0.431152 0.788330 1.900146 -0.003540 -0.005005 -0.019531
-0.447510 0.760254 1.893311 0.000488 -0.007690 -0.016357
-0.417236 0.787354 1.895020 0.004395 -0.010864 -0.005249
-0.335449 0.886475 1.898438 0.005737 -0.010376 0.009399
-0.340088 0.890381 1.879639 0.002075 -0.005737 0.003784
-0.350586 0.579102 1.859375 0.009277 0.008545 0.010132
-0.308838 0.628662 1.861084 -0.000122 -0.002808 0.006836
-0.473145 0.907959 1.926025 0.012939 0.002686 0.021484
-0.356201 0.885986 1.875977 0.005493 -0.003174 0.010864
-0.320801 0.631836 1.690918 0.008667 0.006226 0.010376
-0.216797 0.779053 1.858643 0.005981 -0.006836 0.021118
-0.491455 1.212158 1.922119 0.014893 0.017944 0.037476
0.018799 0.853760 1.769287 0.001953 0.010864 0.016357
-0.535889 1.102783 1.979492 0.011353 0.011230 0.029175
-0.673340 0.656982 1.927490 0.015015 0.028687 0.030151
0.245850 0.509766 1.692627 -0.000854 -0.011353 0.029053
-0.288574 1.060791 2.002441 0.010620 0.022705 0.036865
-0.014893 0.981689 1.874023 0.003662 0.009277 0.029541
-0.324463 0.879395 1.863037 0.003296 -0.007690 0.041748
0.002930 1.017822 1.803467 0.002808 0.010254 0.045288
-0.599365 0.964111 1.962402 -0.006348 0.044556 0.031860
-0.085449 0.919922 1.752930 -0.002930 0.014648 0.035767
-0.156006 1.009277 1.914795 0.000244 0.016479 0.037354
-0.063721 1.097168 1.830566 -0.002930 0.009155 0.027466
-0.073730 0.968018 1.835449 -0.014648 0.027222 0.009766
-1.015137 0.547852 1.879639 -0.019775 0.034790 0.003052
-0.183105 1.086670 1.848145 -0.001587 0.004517 0.039795
-0.581787 0.787354 1.894043 -0.017212 0.020142 0.018799
-0.554199 0.871826 1.866455 -0.036255 0.027832 0.005615
-0.977295 0.833252 1.860352 -0.029785 0.021606 0.021729
-0.092773 1.639893 2.133545 -0.008545 0.002197 0.045532
-0.457764 0.486084 1.746826 -0.035889 0.015137 -0.008179
-0.659912 0.874023 1.797852 -0.040039 0.015625 -0.011719
-0.482910 0.910645 1.867920 -0.009033 0.011353 0.016602
-0.407227 0.864258 1.793213 -0.009033 0.002686 0.010986
-0.070313 0.985840 1.768555 -0.015747 -0.002930 -0.007202
-0.867920 1.388184 2.051514 -0.036377 -0.016724 -0.048950
-0.824951 1.207275 2.022705 -0.016846 0.006226 -0.027710
0.048096 0.471680 1.682129 -0.027222 -0.029541 -0.026855
-0.646240 0.942139 1.917725 -0.007324 0.001465 -0.014648
-0.566406 0.848633 1.979736 -0.010498 -0.015625 -0.024170
0.194824 0.669189 1.757813 -0.013062 -0.026611 -0.033569
-0.714355 0.684814 1.995361 -0.009888 -0.010132 -0.027588
-1.424072 1.103027 2.117920 -0.010864 -0.003052 -0.026123
1.132080 2.016113 1.832275 0.008789 -0.047607 -0.006592
-0.780762 0.779541 1.920166 -0.006348 0.004395 -0.029663
-0.402588 0.871094 1.860352 0.000122 -0.019653 -0.019287
-0.428223 0.835693 1.917725 -0.006714 -0.007080 -0.030151
-0.642822 0.337158 1.806396 0.000732 -0.020142 -0.027710
-0.319092 0.739258 1.848145 -0.003174 -0.011108 -0.041016
-1.510498 0.421387 1.808838 0.020264 -0.026611 -0.016968
-1.150391 0.167969 1.859863 -0.005493 -0.003662 -0.041504
0.110596 1.683594 1.906250 0.041992 -0.036743 0.002197
-0.103760 0.875977 1.934082 0.034302 -0.027466 -0.001343
-0.768311 0.252686 1.826172 0.004883 -0.010010 -0.030029
-1.148682 -0.097656 1.656250 0.010620 -0.011475 -0.013062
-0.473145 0.812012 1.885010 -0.003662 -0.000366 -0.014282
-0.488281 0.767822 1.883545 -0.003052 -0.001343 -0.008789
-0.420898 0.824463 1.879639 -0.001587 -0.004517 -0.007080
-0.429932 0.804199 1.882813 0.000854 -0.006104 -0.002441
-0.434082 0.843262 1.885986 0.003052 -0.007690 0.004272
-0.391846 0.900391 1.877197 0.003296 -0.008667 0.008789
-0.402100 0.839111 1.882568 0.002075 -0.008423 0.013672
-0.322754 0.938965 1.879883 0.002319 -0.005859 0.025146
-0.291748 1.083984 1.899658 -0.008545 0.004761 0.021729
-0.405273 0.820801 1.878662 -0.011475 0.005005 0.017822
-0.679932 0.943604 1.859131 -0.034302 0.025757 -0.001221
-0.208252 0.901123 1.897949 -0.016357 0.004761 0.024048
0.104736 1.495605 1.891846 -0.019897 0.010376 0.014282
-0.388916 0.797363 1.892822 -0.016479 0.011230 0.014893
-0.725830 0.457275 1.911377 -0.032471 0.013550 -0.002563
-0.922363 0.340332 1.943848 -0.027344 0.023926 0.005371
0.321777 2.144531 1.910645 -0.010376 0.003418 0.021118
-0.262451 1.091797 1.841064 -0.024048 0.009155 0.007935
-0.198975 0.926025 1.901367 -0.004883 -0.004028 0.027222
-0.270752 0.883789 1.894531 -0.012695 0.002686 0.012207
-0.388428 0.839111 1.901855 -0.003540 0.000610 0.022095
-0.885498 0.181396 1.904297 -0.037598 0.019531 -0.018677
-0.364502 0.897949 1.901855 -0.011230 -0.003662 0.023071
-0.655518 0.324707 1.836182 -0.032715 0.015259 -0.007690
-0.328125 0.865234 1.900146 0.000977 -0.006470 0.026611
-0.640381 0.069824 1.852539 -0.032471 0.016846 -0.018066
-0.426514 0.923340 1.921875 -0.000854 -0.003296 0.022339
-1.151367 0.222900 1.852539 -0.051025 0.029419 -0.032593
0.211670 1.511230 1.950684 -0.002319 -0.005371 0.027100
-0.307129 0.865234 1.930176 -0.013672 0.006714 0.017578
-0.120605 1.021729 1.926025 -0.016235 -0.001953 0.010986
-0.362305 0.742920 1.884521 -0.029785 0.011719 -0.013916
-0.390625 0.795654 1.896973 -0.009521 0.000366 0.014526
-0.494385 0.700684 1.920654 -0.018311 0.008057 0.005615
-0.357422 0.888672 1.886719 -0.013062 0.001953 0.007568
-0.436768 0.728760 1.921143 -0.001343 -0.003906 0.018677
0.132080 1.534180 1.961914 -0.007080 0.002319 0.010742
-0.446533 0.712402 1.932861 -0.014038 0.000610 0.008179
-0.186768 1.028564 1.944336 -0.004272 -0.002930 0.012939
-0.404053 0.754883 1.921143 -0.017456 0.007935 -0.001831
-0.038086 1.248779 1.950928 -0.005005 -0.000977 0.014648
-0.420410 0.789307 1.892090 -0.011963 -0.000854 0.009277
-0.231445 0.725342 1.929199 -0.019409 0.006958 0.000488
-0.469971 0.711914 1.863770 -0.016235 0.005249 0.001587
-0.394775 0.728516 1.919922 -0.003418 -0.002563 0.015381
-0.308105 0.897461 1.949951 -0.006348 0.000610 0.010986
-0.117920 0.663818 1.901367 -0.029053 0.010620 -0.008301
0.046631 1.301270 1.904785 -0.008789 0.000610 0.008667
-0.473145 0.685791 1.913330 -0.026855 0.015625 -0.008789
-0.746582 0.525146 1.954834 -0.021362 0.007324 -0.002319
-0.061768 1.033691 1.949219 -0.005859 -0.003906 0.021973
-0.420654 0.894043 1.972656 -0.023682 0.014282 0.000122
-0.486084 0.673828 1.937744 -0.013184 0.001587 0.010742
-0.359863 0.822266 1.933105 -0.008667 0.001709 0.010132
-0.577637 0.617676 1.935059 -0.016357 0.008301 -0.002197
-0.365234 0.839844 1.947998 -0.007568 0.001221 0.009521
-0.510498 0.578857 1.934326 -0.016113 0.005493 0.010254
-0.720703 0.522461 1.967529 -0.040527 0.028687 -0.019165
-0.680908 0.359131 1.933350 -0.035522 0.012695 -0.017090
-0.385742 0.732666 1.940430 -0.005127 -0.003540 0.012939
-0.503418 0.858154 1.925537 -0.019531 0.008423 -0.005127
-0.572754 0.463867 1.930176 -0.014282 0.001343 0.005737
-0.411133 0.815918 1.946289 -0.004639 -0.001587 0.020386
-0.616211 0.542725 1.914551 -0.015991 0.005005 0.006592
-0.541504 0.555908 1.927002 -0.015503 0.004517 -0.000488
-0.558838 0.633789 1.947754 -0.009644 0.000977 0.005249
-0.185547 0.934326 1.927734 -0.012451 0.003418 0.006470
-0.701172 0.056885 1.953857 -0.039307 0.015869 -0.007324
-0.376953 0.802979 1.942871 -0.001343 -0.003052 0.019775
-0.771973 0.301758 1.943115 -0.020752 0.012573 -0.020630
-0.531738 0.662842 1.947266 -0.007568 -0.000122 -0.019409
-0.504883 0.621338 1.941650 -0.005493 -0.001831 -0.016724
-0.529053 0.628906 1.950928 -0.003296 -0.002808 -0.010864
-0.485107 0.662354 1.939453 -0.002197 -0.003540 0.000366
-0.478516 0.673584 1.941895 -0.002075 -0.002075 0.004272
-0.518799 0.656982 1.943359 -0.002319 -0.001343 -0.000122
-0.521240 0.666504 1.945313 -0.003052 -0.003052 -0.005005
-0.505615 0.641602 1.941650 -0.003296 -0.004395 -0.002319
-0.479736 0.667725 1.944092 -0.002441 -0.004272 0.001343
-0.496094 0.675537 1.944336 -0.003662 -0.002686 -0.001831
-0.497314 0.669434 1.939941 -0.005737 -0.002319 -0.003784
-0.505127 0.619385 1.951416 -0.007202 -0.002075 -0.003784
-0.523193 0.604004 1.943115 -0.005127 -0.002808 -0.003052
-0.517090 0.653320 1.949707 -0.002441 -0.004639 0.000122
-0.508301 0.668213 1.947021 -0.002686 -0.005737 -0.002197
-0.476318 0.656494 1.948975 -0.003540 -0.005737 -0.002441
-0.468262 0.658447 1.947754 -0.003418 -0.004395 0.001465
-0.477295 0.652832 1.942871 -0.003784 -0.002319 0.002808
