-0.115601 0.427734 0.962524 -0.012939 -0.012329 -0.004639
-0.133545 0.410278 0.962524 -0.005981 -0.023926 -0.004150
-0.084229 0.436401 0.960938 0.000122 -0.026367 0.022095
-0.085815 0.438477 0.965698 -0.004028 -0.010254 0.012207
-0.097778 0.443115 0.960938 -0.013428 0.003906 0.008667
-0.119995 0.408936 0.951050 -0.013428 0.005005 0.018555
-0.504272 0.785400 1.021973 0.054321 0.039307 0.125488
-0.044312 0.430908 0.945557 -0.018311 -0.020630 -0.007935
-0.224487 0.340942 0.949341 0.024048 0.032471 0.038208
-0.106689 0.449707 0.951904 0.039917 -0.009399 0.079590
-0.123291 0.676270 0.979126 0.071289 -0.021362 0.145630
0.110840 0.516968 0.964844 0.037720 -0.029297 0.092285
-0.797363 0.665649 1.147705 0.096069 0.126221 0.171265
-0.013062 0.380371 0.949951 0.002075 -0.031006 0.022827
-0.068359 0.397339 0.923584 0.020752 0.043945 0.075928
-0.869873 0.569336 1.066406 0.036865 0.096924 0.145752
0.338501 0.299194 0.825317 0.024048 0.042603 0.060425
0.169922 0.303711 0.852417 0.010132 0.089111 0.053711
-0.298706 0.395264 0.991577 0.013428 0.059570 0.083618
-0.069702 0.241333 0.950195 -0.016724 0.053955 0.012573
-0.000977 0.475342 0.943481 -0.015503 0.140137 0.051147
-0.362793 -0.066650 0.937256 -0.109863 0.123657 -0.150024
-0.190918 0.362427 0.955933 -0.058960 0.140137 -0.107544
0.212402 0.858276 0.895630 -0.073730 0.137817 -0.069702
0.145508 0.808228 0.945435 -0.025513 0.072876 0.081299
0.270996 1.348267 0.953003 -0.055054 0.099731 0.080566
-0.091553 0.445313 0.942261 -0.179565 0.113281 -0.058105
-0.157715 0.735229 0.960693 0.051880 0.007568 0.279419
-0.150513 0.507568 0.960693 -0.021851 0.033691 0.111938
-0.139526 0.236328 0.905029 -0.145874 0.034668 -0.063599
-0.143921 0.606079 1.002930 -0.032593 0.022827 0.129395
-0.158691 0.428101 0.945435 -0.013794 0.012207 0.139648
-0.134766 0.126831 0.811279 -0.198975 0.041260 -0.139160
-0.157959 0.515991 0.962280 -0.016968 0.013184 0.116333
-0.110474 0.539185 0.960327 -0.113647 0.029053 -0.032715
-0.230713 0.616821 1.020630 -0.034546 0.029419 0.064819
-0.174438 0.637817 0.992554 -0.021118 0.005737 0.111694
-0.143677 0.544678 0.975952 -0.026001 0.010986 0.083130
-0.168213 0.462769 0.976807 -0.049316 0.009888 0.013794
-0.212769 0.266846 0.936523 -0.078491 0.025024 -0.063354
-0.213135 0.478271 0.989258 -0.050781 -0.003540 -0.028320
-0.177734 0.442993 0.985474 -0.042969 -0.017944 -0.014893
-0.151367 0.342041 0.974121 -0.088989 -0.031738 -0.073120
0.115967 0.448486 0.937134 -0.050415 -0.068604 -0.031250
-0.237305 0.451172 0.970581 -0.041260 0.003540 -0.060547
-0.158081 0.343140 0.949707 -0.048096 -0.059937 -0.099609
-0.208618 0.397095 0.970703 -0.031372 -0.023682 -0.088135
-0.004883 0.406616 0.948730 -0.006958 -0.108398 -0.067993
0.274292 0.234619 0.903320 -0.009644 -0.206299 -0.065918
-0.327393 0.371704 0.994507 -0.007568 -0.027588 -0.045776
-0.196167 0.259155 0.954590 -0.037964 0.002808 -0.076782
-0.218628 0.338745 0.964844 -0.021851 -0.037109 -0.045532
-0.142456 0.399292 0.970337 -0.014038 -0.040527 -0.060669
-0.309814 0.096924 0.930298 0.064697 -0.185181 -0.021362
0.009644 0.734619 0.969482 0.041870 -0.097778 -0.042480
-0.198120 0.209106 0.933472 0.063110 -0.144409 -0.016479
-0.347778 0.080811 0.940186 -0.031006 -0.023682 -0.151978
-0.007813 0.407593 0.995483 0.091919 -0.133667 -0.001709
-0.213623 0.323608 0.963623 -0.005005 -0.068848 -0.067505
-0.201904 0.324707 1.051147 0.107056 -0.172729 0.035156
-0.145386 0.381104 0.959839 0.000488 -0.062500 -0.068237
-0.107178 0.533813 0.964966 -0.019287 -0.011353 -0.061646
-0.136719 0.419556 0.964600 -0.018921 -0.013306 -0.057495
-0.153809 0.381226 0.952515 0.002075 -0.036987 -0.059570
-0.071777 0.609375 0.961792 0.007446 -0.046753 -0.041260
-0.038574 0.380249 1.023560 0.071655 -0.126465 -0.009033
-0.070068 0.617310 0.961426 -0.008911 -0.021362 -0.027222
-0.094604 0.435059 0.959961 -0.015015 -0.008789 0.010742
-0.104736 0.442139 0.963257 -0.014404 0.002930 0.014282
-0.116455 0.427612 0.963013 -0.009155 -0.002441 0.021240
-0.103271 0.427246 0.964111 -0.010620 -0.001465 0.019775
-0.093628 0.422729 0.959717 -0.014160 0.016235 0.034058
-0.048462 0.464600 0.957397 -0.016846 0.034058 0.046753
0.089233 0.394409 0.935181 -0.120361 0.114014 -0.045288
-0.279419 0.069336 0.942017 -0.108887 0.096191 -0.016235
-0.155518 0.168823 0.929077 -0.135376 0.110718 -0.056396
0.029663 0.595459 0.998657 -0.036743 0.038574 0.081665
-0.444336 0.078247 0.968262 -0.055054 0.062866 0.068848
0.119629 0.495117 0.899536 -0.181519 0.131592 -0.113892
-0.041626 0.486938 0.968628 0.002686 0.006348 0.110840
-0.559326 0.054810 0.971802 -0.182373 0.187256 -0.144043
-0.050049 0.469482 0.967651 -0.041870 0.031006 0.045044
-0.304810 0.217407 0.963501 -0.096802 0.119385 -0.026001
-0.015747 0.526245 0.966064 0.038208 -0.052002 0.176758
0.086548 0.660400 0.972168 -0.062134 0.071289 0.032471
-0.041992 0.629517 0.960449 0.035034 -0.031250 0.178345
0.057983 0.640503 0.932861 -0.043945 0.047241 0.092529
-0.648315 -0.773926 0.918213 -0.231201 0.113159 -0.173096
-0.001709 0.541626 0.983521 -0.050537 0.031128 0.056274
0.218262 0.819092 0.865723 -0.104980 0.111450 -0.020264
-0.107544 0.404175 0.963867 -0.032837 0.001587 0.101196
-0.263916 0.198364 0.972290 -0.052734 0.031372 0.054932
-0.194092 0.409912 0.950928 -0.076050 0.071411 0.013062
0.070435 0.793457 0.902710 -0.083740 0.068970 0.016235
-0.044678 0.508301 0.967773 -0.003418 -0.016846 0.147705
0.026245 0.507202 0.973022 -0.016968 0.015381 0.125488
-0.066772 0.500000 0.975586 -0.010132 -0.000244 0.090088
-0.402832 0.117798 0.959473 -0.128418 0.104370 -0.109863
-0.096680 0.436035 0.972290 -0.013672 -0.008911 0.088867
-0.401001 0.601685 0.957520 -0.160156 0.146973 -0.140991
-0.469971 -0.089478 0.972290 -0.106079 0.079590 -0.045654
-0.168457 0.357788 0.965454 -0.029907 0.021484 0.071289
0.118896 0.759644 0.894043 -0.084229 0.089844 -0.057129
-0.069824 0.565674 0.969849 0.015137 -0.036255 0.107544
0.012329 0.499390 0.983887 -0.025513 0.023804 0.055908
-0.163574 0.270264 0.973999 -0.057373 0.026489 0.033325
-0.083008 0.526123 0.976807 0.005249 -0.007813 0.117798
-0.432373 -0.023315 0.982056 -0.069702 0.038940 -0.000732
-0.067993 0.453247 0.976318 -0.020996 0.005737 0.065308
-0.080933 0.327271 0.980347 0.003540 -0.033081 0.119141
-0.513428 0.051025 0.955444 -0.200195 0.151367 -0.155151
-0.095215 0.417847 0.967163 -0.010498 -0.013672 0.055786
-0.166504 0.388062 0.972290 -0.020508 0.009888 -0.008057
-0.196167 0.368530 0.976440 -0.018677 -0.000854 -0.014038
-0.155273 0.375977 0.982056 -0.013184 -0.002319 0.049194
0.023315 0.589600 0.990356 -0.130981 0.122803 -0.124146
-0.034668 0.634766 0.963257 0.009155 -0.029419 0.079834
-0.116211 0.416992 0.973755 -0.019043 0.007568 -0.003296
-0.181152 0.380249 0.976929 -0.018188 -0.002197 -0.001709
-0.188354 0.355225 0.972656 -0.009644 -0.007202 0.040283
-0.170776 0.369263 0.976929 -0.008301 -0.002563 0.056763
-0.175049 0.382446 0.967896 -0.014526 0.000122 0.041382
-0.164917 0.383057 0.980835 -0.024170 0.010010 -0.000732
-0.175293 0.375610 0.979004 -0.032227 0.019653 0.003662
-0.450195 0.172852 0.977173 -0.043457 0.018555 0.026001
0.111328 0.728638 0.925659 -0.145142 0.126709 -0.075806
0.460938 0.561768 0.904297 -0.104004 0.143066 -0.147583
-0.163452 0.250488 0.984985 0.024780 -0.050049 0.075317
-0.145508 0.393677 0.973389 -0.011841 0.008179 0.036621
-0.186523 0.367065 0.971191 -0.020264 0.020996 0.048950
-0.206421 0.349731 0.971069 -0.027466 0.026245 0.051636
-0.171631 0.401123 0.976440 -0.046143 0.038086 0.014648
-0.223022 0.133667 0.988525 0.006226 -0.027832 0.064941
-0.205322 0.337769 0.977173 -0.001343 -0.009766 0.074219
0.321777 0.846558 0.896240 -0.161743 0.162354 -0.153809
-0.102539 0.522339 0.971802 -0.009888 -0.010376 0.036377
-0.174194 0.390747 0.975342 -0.023804 0.011475 -0.001343
-0.206543 0.366455 0.971313 -0.020752 0.000610 0.012817
-0.203125 0.353516 0.973511 -0.017822 -0.005005 0.025269
-0.200195 0.357788 0.976685 -0.013916 -0.008667 0.024902
-0.162964 0.386475 0.973633 -0.010132 -0.007935 0.050903
-0.197388 0.387573 0.969482 -0.043823 0.017456 -0.001099
-0.181641 0.369873 0.971802 -0.015625 -0.005005 0.012207
-0.191406 0.368286 0.974243 -0.011230 -0.011719 0.026245
-0.213501 0.349976 0.978027 -0.006958 -0.011719 0.056519
-0.151245 0.392944 0.966431 -0.025757 0.015747 0.025391
-0.362305 0.336670 0.971558 -0.086914 0.029663 -0.083374
-0.169067 0.331665 0.972046 -0.016846 -0.004517 0.004761
-0.200806 0.350830 0.975708 -0.010986 -0.011108 0.033569
-0.139404 0.408203 0.973999 -0.025146 0.008301 0.048584
