-0.404541 0.824463 1.899170 -0.005615 0.001465 -0.002441
-0.480225 0.813721 1.897461 -0.005371 -0.000122 -0.002930
-0.489502 0.816162 1.894775 -0.004517 -0.003540 0.000244
-0.483154 0.822266 1.898438 -0.005249 -0.006714 -0.000732
-0.455566 0.838135 1.890625 -0.006836 -0.007935 -0.004761
-0.437256 0.787354 1.900146 -0.006470 -0.007324 -0.004028
-0.451904 0.825439 1.887939 -0.007080 -0.008423 -0.003174
-0.392822 0.831055 1.898438 -0.008301 -0.006348 -0.002930
-0.361816 0.845215 1.897461 -0.010742 -0.000977 -0.008301
-0.411865 0.785645 1.891602 -0.010254 0.002686 -0.010132
-0.453125 0.713623 1.898438 -0.004272 0.003174 -0.001465
-0.512451 0.738525 1.901611 0.001587 -0.000610 0.006104
-0.427246 0.845947 1.895508 0.000610 -0.001831 0.001709
-0.381592 0.840576 1.898193 -0.001465 0.001953 -0.006592
-0.397705 0.772461 1.889893 -0.000366 0.006592 -0.006348
-0.394775 0.580322 1.839355 0.013184 0.011963 0.000610
-0.520264 0.808594 1.885986 0.007690 0.006714 0.003540
-0.521240 0.817627 1.861816 0.024414 0.007568 0.022705
-0.383789 0.482666 1.736816 0.025146 0.007324 0.035522
-0.398438 1.020508 1.845947 0.023438 0.009888 0.040039
-0.371338 0.983643 1.862793 0.009766 0.006104 0.018311
-0.220947 0.940674 1.833496 0.003052 0.011475 0.004272
-0.502441 0.816650 1.780518 0.008911 0.013428 0.007202
-0.424072 0.810059 1.887207 0.004395 0.010742 0.026001
-1.477783 0.950684 2.163330 0.010010 0.010498 0.047119
0.111572 0.736572 1.699707 0.007568 0.026001 0.044678
0.316650 0.897461 1.566406 -0.004517 0.026245 0.040771
-0.071777 0.980225 1.786865 -0.007202 0.033081 0.036865
-0.095703 0.903320 1.859863 -0.005371 0.027954 0.051025
-0.989990 0.282959 1.950195 -0.001831 0.016113 0.059204
-1.103516 0.374512 1.955078 -0.007568 0.011353 0.043335
-0.842041 0.821533 1.848633 -0.040405 0.037964 0.013550
-1.246826 0.740723 1.968262 -0.030396 0.006958 0.027100
-0.875732 0.385498 1.843262 -0.011475 0.003296 0.049438
-0.024414 0.882568 1.599854 -0.063354 0.048096 0.002075
-0.833984 0.387939 1.868652 -0.040039 0.013550 0.015747
-0.573486 0.739258 1.866699 -0.013916 0.000977 0.031982
-0.479980 0.767334 1.861084 -0.013794 0.002808 0.031860
-0.269775 2.028320 1.993408 -0.062378 0.007446 -0.011353
-0.603516 2.267090 2.072754 -0.062744 0.003784 -0.011353
-0.425293 0.537598 1.763428 -0.009277 0.006348 0.031860
-0.660156 0.384521 1.714600 -0.017822 -0.000366 0.002930
-0.556885 0.950684 1.941650 -0.017700 -0.006226 0.000244
-0.395264 0.655762 1.848145 -0.021973 -0.009033 -0.006958
-0.505127 0.752686 1.922607 -0.017212 -0.001221 -0.015137
-0.695801 0.896240 2.014160 -0.024414 -0.012939 -0.031128
-0.362061 0.705811 1.792969 -0.015015 -0.007935 -0.029419
-0.341553 0.431641 1.834717 -0.003174 -0.014404 -0.015747
-0.652832 0.775635 1.926514 -0.003174 -0.017700 -0.017334
-0.415039 0.840820 1.888184 -0.007568 -0.014771 -0.022949
-0.689697 0.635254 1.944580 -0.001587 -0.013672 -0.020508
-0.072998 0.885742 1.839111 -0.006470 -0.003540 -0.029053
-0.768799 1.065918 1.995361 -0.004150 -0.015625 -0.027954
-0.152832 0.719727 1.849854 0.005737 -0.022827 -0.021851
-0.657227 0.679199 1.891357 0.005127 -0.013428 -0.027100
-0.877441 0.132324 1.811768 0.022217 -0.029297 -0.011108
-0.229980 1.115967 1.898193 -0.006348 -0.004517 -0.030273
-0.795410 0.563477 1.950439 0.007935 -0.026123 -0.016602
-0.837158 0.294678 1.815430 0.013794 -0.020508 -0.013062
-0.606201 0.852539 1.894531 -0.004395 -0.004761 -0.027466
-0.316650 0.756104 1.900635 0.008789 -0.022949 -0.024292
-0.426514 0.963867 1.914063 -0.004150 -0.009277 -0.037231
-0.399414 0.878906 1.897705 0.003418 -0.010254 -0.023804
-0.036377 1.482422 1.980713 0.001099 -0.013184 -0.013062
-0.472412 0.649658 1.908447 0.004639 -0.012207 -0.010498
-0.432861 0.785889 1.891846 -0.002441 -0.003052 -0.011108
-0.246826 1.088867 1.901855 -0.010254 0.004517 -0.009277
-0.551025 0.726074 1.903076 -0.012573 0.005737 -0.000977
-0.522217 0.735596 1.905273 -0.008789 0.000854 0.000244
-0.529785 0.755859 1.916992 -0.006348 -0.004272 -0.006470
-0.556641 0.681152 1.907471 -0.001709 -0.009521 -0.007446
-0.516846 0.697998 1.915771 0.003784 -0.013062 0.003540
-0.448486 0.717041 1.906982 0.007202 -0.011597 0.021484
-0.354004 0.864502 1.889648 0.003540 -0.001831 0.032837
-0.375732 1.095459 1.934570 -0.022827 0.014282 0.025024
-0.445068 0.898682 1.938232 -0.021729 0.008911 0.031494
-0.291260 0.885742 1.904053 -0.013184 0.007324 0.036499
-0.680664 0.486816 1.859375 -0.042480 0.028198 0.011353
-0.402588 0.987549 1.935303 -0.017090 0.009033 0.029541
-0.854492 0.488770 1.925781 -0.014282 0.001709 0.031006
-0.223389 1.091064 1.887451 -0.020874 0.008789 0.013916
-0.238037 0.919678 1.925293 -0.015381 0.005493 0.009155
-0.674072 0.634033 1.908691 -0.025269 0.013794 0.009277
-0.342041 1.035645 1.908203 -0.027710 0.011963 0.017090
-0.928467 -0.106445 1.874023 -0.005615 -0.010376 0.030884
-0.558594 0.459717 1.918457 -0.020874 0.004395 0.014526
-0.270752 0.910156 1.939697 -0.004639 -0.001221 0.023071
-0.529541 0.577148 1.915771 -0.015625 0.008423 0.012695
-0.224121 0.792236 1.859863 -0.027710 0.020874 0.007446
-0.522461 0.611816 1.927490 -0.001465 -0.003052 0.038086
-0.419922 0.560303 1.902100 -0.030151 0.023438 0.014526
-0.301025 0.708252 1.850586 -0.007446 0.005493 0.025635
-0.369141 1.013916 1.937012 -0.014648 0.006348 0.000977
-0.634521 0.397705 1.919189 0.000610 -0.006958 0.016235
-0.267822 0.946289 1.929199 -0.012573 0.007446 0.007202
-0.314209 0.979736 1.970459 -0.024658 0.018433 0.001343
-0.354980 1.164795 1.937988 -0.028442 0.014282 0.005615
-0.968506 -0.218750 1.898926 -0.002319 -0.003174 0.026855
0.252930 1.904297 1.898193 -0.047974 0.024292 -0.026855
-0.336914 0.802490 1.927246 -0.000854 -0.000366 0.018555
-0.486816 1.041260 1.950195 -0.044556 0.027222 -0.021973
-0.354004 0.754883 1.930908 -0.009644 0.000732 0.013306
-1.339111 -0.171875 1.920898 -0.029663 0.011719 -0.000610
-0.291992 1.244629 1.924316 -0.033569 0.006470 -0.011108
-0.444580 0.629883 1.932617 -0.003784 -0.007568 0.021362
-1.768066 -0.235840 2.070557 -0.021973 0.002319 0.018555
-0.171143 1.045166 1.942139 -0.023071 0.010864 0.006836
-1.051514 0.086426 1.966553 -0.012573 0.001099 0.021851
-0.239258 1.053223 1.926270 -0.029419 0.018066 -0.007446
-0.845703 0.109619 1.962891 -0.008179 -0.000244 0.009644
-0.464355 0.845215 1.894775 -0.018433 0.008301 0.002075
-0.598389 0.545898 1.935547 -0.007935 0.000122 0.019653
-1.247314 0.699219 2.099854 -0.030518 0.005981 0.003540
-0.031738 1.125977 1.929443 -0.030762 0.015991 -0.006348
-0.517334 0.709229 1.937012 -0.014648 0.003540 0.000977
-0.463379 0.669189 1.959473 -0.015137 0.007446 -0.003540
-0.638916 0.478516 1.940918 -0.009277 0.004028 0.003784
-0.535889 0.632568 1.940430 -0.007202 0.002075 0.006958
-0.532227 1.071289 1.961426 -0.035034 0.016357 -0.007446
-0.425293 0.559570 1.957275 0.000122 -0.009155 0.025635
-0.440918 0.703857 1.940918 -0.001953 -0.001953 0.012451
-0.517578 0.636963 1.940918 -0.004517 0.002075 0.009644
-0.569824 0.605225 1.946533 -0.003052 -0.000488 0.008789
-0.440430 0.843506 1.934814 -0.017578 0.004883 0.004517
-0.364502 0.838623 1.948486 -0.031250 0.011230 -0.007202
-0.383057 0.571777 1.963379 0.002686 -0.010620 0.014648
-0.366943 0.699219 1.940430 -0.006592 0.000610 -0.005005
-0.515869 0.613770 1.941650 -0.008057 0.001099 -0.005371
-0.581055 0.601074 1.949463 -0.003906 -0.002930 0.002808
-0.502930 0.585205 1.939209 -0.002930 -0.001587 0.002075
-0.419678 0.725586 1.930908 -0.010132 0.006592 0.002441
-0.541992 0.595703 1.955566 -0.004517 -0.000488 0.007324
-0.494141 0.634033 1.944092 -0.006104 0.001587 0.005371
-0.564697 0.555664 1.949463 -0.003174 0.000122 0.013794
-0.544922 0.613525 1.943115 -0.001709 -0.002075 0.016235
-0.479736 0.656494 1.952148 -0.004639 0.000122 0.006104
-0.396240 0.822510 1.957764 -0.015869 0.006592 -0.000977
-0.355957 0.769043 1.958496 -0.023193 0.014404 -0.005249
-0.666260 0.453857 1.965332 -0.000977 -0.008057 0.021729
-0.410645 0.663574 1.956299 -0.007324 -0.002319 0.021240
-0.861084 0.025146 1.974609 -0.003052 -0.005127 0.008545
-0.474609 0.740234 1.937012 -0.004517 -0.001709 -0.018921
-0.530273 0.615723 1.952393 -0.007690 0.000610 -0.025146
-0.617188 0.510010 1.954834 -0.003174 -0.001831 -0.002075
-0.502197 0.597412 1.943848 -0.001343 -0.001831 0.011719
-0.548340 0.621826 1.943848 -0.001587 -0.001709 0.018188
-0.517090 0.623535 1.946289 -0.003784 -0.002075 0.012573
-0.536377 0.583984 1.952881 -0.002930 -0.001465 0.014526
-0.543945 0.588867 1.950684 0.000000 -0.002441 0.024536
-0.479980 0.704834 1.963623 -0.010010 0.004517 0.019653
