-0.466064 0.785889 1.914795 -0.005127 -0.000977 -0.000366
-0.452881 0.776611 1.918457 -0.005371 -0.004028 0.001221
-0.408936 0.774414 1.910645 -0.005493 -0.004761 -0.002197
-0.406006 0.774414 1.911865 -0.004517 -0.003052 -0.004272
-0.373779 0.805908 1.902100 -0.003052 -0.000488 -0.003052
-0.467041 0.799316 1.918213 -0.004395 0.002197 -0.003784
-0.491943 0.774658 1.911865 -0.005371 -0.000854 -0.005859
-0.437988 0.747803 1.906006 -0.003662 -0.004761 -0.002197
-0.389404 0.794678 1.900635 -0.000122 -0.005859 0.004395
-0.409912 0.772217 1.885986 0.000244 -0.002563 -0.002686
-0.501953 0.795410 1.929688 -0.000977 -0.002686 -0.022461
-0.465820 0.770996 1.916260 -0.003052 -0.008423 -0.028198
-0.394775 0.812500 1.905518 -0.001587 -0.008301 -0.019043
-0.357910 0.657471 1.855469 -0.002197 -0.002808 -0.014160
-0.794678 1.935791 2.300049 0.065308 0.008179 0.046875
-0.492920 0.634277 1.897705 -0.001343 -0.011353 -0.008667
-0.321533 0.414795 1.745850 0.014771 -0.010620 0.012451
-0.456543 1.077148 1.968018 0.019409 -0.009521 0.026245
0.309570 0.383789 1.595947 0.005981 -0.002930 0.010864
-0.322021 0.747070 1.896240 -0.001709 0.003418 0.005005
-0.814209 0.962402 1.967773 0.008545 0.016968 0.017212
-0.407227 0.708984 1.864258 0.002686 -0.010132 0.012085
-1.082031 0.905029 2.063477 0.011719 0.009155 0.022949
-0.536621 0.878662 1.919922 0.009888 -0.004395 0.022217
-0.525391 0.824219 1.841797 0.015015 0.020020 0.026367
-0.335938 0.776855 1.890625 0.007813 -0.015381 0.032104
-0.121826 0.749023 1.682373 0.007202 0.010376 0.024780
-0.790527 0.893311 1.981445 0.011719 0.002686 0.039307
-0.217529 0.963135 1.864014 0.006958 -0.011108 0.038940
-0.976807 0.731689 1.941650 -0.005859 0.019897 0.021118
-0.303223 0.920166 1.866455 0.001099 -0.003906 0.032349
-0.116211 1.137451 1.829590 -0.014160 0.030273 0.007690
-0.984863 0.497803 1.931641 -0.013916 0.016357 0.010254
-0.188965 0.885254 1.875488 -0.008179 -0.004761 0.023560
-1.486328 0.100586 1.937500 -0.038086 0.042603 -0.023560
0.090088 1.541992 1.835449 -0.008789 0.003662 0.023071
-0.856445 0.600586 1.914307 -0.026733 0.023926 0.001953
-0.285156 1.020752 1.846680 -0.025269 0.015747 0.008667
-0.429688 0.720947 1.868652 -0.014526 0.005859 0.016235
-0.354492 0.894287 1.885986 -0.002441 0.004150 0.024170
-0.297363 1.271729 2.061523 -0.006592 0.007935 0.025146
-0.399658 0.990234 1.865479 -0.029541 0.007446 0.013428
-0.458740 0.925293 1.845947 -0.011230 -0.000366 0.041748
-0.276855 1.215820 2.060059 -0.017090 -0.000977 0.025757
-0.563232 1.471680 2.201172 -0.022949 0.004761 0.001953
-0.526367 0.993896 1.866455 -0.022583 0.008301 -0.007813
-0.512451 0.947754 1.923340 -0.015137 0.004150 -0.004639
-0.412598 0.531982 1.840332 -0.022705 -0.001221 -0.018188
-0.444092 0.740967 1.897461 -0.014282 -0.003540 -0.009399
-0.400879 0.888916 1.927979 -0.008423 -0.003418 -0.001587
-0.295166 0.689209 1.748291 -0.024780 -0.009644 -0.012207
0.349121 0.350098 1.809082 -0.027466 -0.010254 -0.023682
0.131592 0.718262 1.752197 -0.018311 -0.006958 -0.012817
-0.532959 0.738281 1.900391 -0.015625 0.005737 -0.016357
-0.440674 0.746094 1.898193 -0.010864 0.000854 -0.022095
-0.543213 0.779297 1.950439 -0.008301 -0.007080 -0.025269
0.521729 0.725342 1.778076 -0.011597 -0.025879 -0.032715
-0.645752 0.762451 1.972900 -0.011841 0.011597 -0.028809
0.200684 1.120361 1.849121 -0.001221 -0.026733 -0.013550
-0.558838 0.755127 1.907471 -0.007446 0.003540 -0.024170
-0.464111 0.706299 1.886230 -0.008423 -0.002075 -0.027466
-0.434814 0.756592 1.916016 -0.007080 -0.002686 -0.030396
-0.472900 0.771484 1.917725 -0.008423 -0.000366 -0.042847
-0.878906 0.438232 1.998535 -0.008789 -0.005249 -0.049927
0.310791 1.519043 1.919434 0.028198 -0.040771 -0.019287
-0.772705 0.391357 1.947998 -0.009521 0.000732 -0.054077
0.522217 1.669678 1.930176 0.050781 -0.051270 0.003296
-0.552734 0.703125 1.925537 -0.003296 -0.002075 -0.029541
-0.105957 1.309814 1.930176 0.013672 -0.018799 -0.013916
0.451660 1.359375 1.915039 0.027588 -0.028931 -0.001099
-0.661621 0.469971 1.880859 0.002075 -0.009155 -0.026855
-0.508789 0.766846 1.909424 -0.000610 -0.002563 -0.020874
-0.460449 0.820068 1.918945 0.000244 -0.005981 -0.017090
-0.458496 0.719238 1.918213 -0.001831 -0.004395 -0.006714
-0.429443 0.780273 1.914307 -0.001831 -0.003906 0.002197
-0.458496 0.765625 1.918701 -0.004761 -0.002075 -0.002930
-0.522705 0.670410 1.915771 -0.003540 -0.003174 -0.000977
-0.487305 0.752686 1.910400 0.002563 -0.007446 0.020752
-0.437256 0.826904 1.908203 0.001953 -0.008423 0.032104
-0.310303 0.940186 1.926758 -0.004761 -0.003174 0.030884
-0.599365 0.425293 1.868408 -0.019043 0.001953 0.015015
-1.052979 0.612305 1.956787 -0.018921 0.012329 0.014404
-0.195313 0.918213 1.939209 -0.000366 -0.007080 0.034790
-0.292969 0.784668 1.855713 -0.042725 0.026978 -0.009766
-0.464111 1.024414 1.894043 -0.007568 0.005493 0.021118
-0.618652 0.452881 1.914551 -0.013062 -0.003418 0.017822
-0.052734 1.314697 1.911133 -0.013184 -0.000610 0.020142
-0.712158 0.111816 1.882080 -0.034302 0.010986 0.000244
-0.127930 0.869873 1.863037 -0.019897 0.010254 0.009033
-0.300537 1.212891 1.997314 -0.016968 0.009033 0.014404
-0.319336 1.030273 1.970215 -0.009277 -0.001099 0.021118
-0.868896 0.467529 1.952148 -0.017212 0.006958 0.015869
-1.300049 0.450928 2.018555 -0.024780 0.013184 0.007568
-0.405762 0.779541 1.909668 -0.020264 0.002075 0.010376
-0.319092 0.822754 1.924805 -0.016357 0.004150 0.014648
-1.257813 -0.171631 1.951660 -0.029907 0.015015 0.000366
-0.200195 0.913818 1.926025 -0.001831 -0.005981 0.025635
-0.593018 0.425537 1.934814 -0.016602 0.008301 0.011963
-0.476074 1.172607 2.005859 -0.019409 0.011230 0.009766
-0.497314 0.474121 1.916260 -0.016602 0.004150 0.012817
-1.560303 -0.540283 1.960693 -0.049072 0.029541 -0.030884
-0.572754 0.548828 1.927002 -0.008789 -0.003540 0.017700
-0.374512 0.796875 1.949951 -0.003906 -0.000610 0.018188
-0.698975 0.416260 1.902832 -0.035522 0.022583 -0.024292
-0.458252 0.677490 1.943115 -0.002686 -0.005371 0.015137
-0.347412 0.792480 1.948730 -0.000732 -0.005981 0.020386
-1.180420 0.198242 1.904785 -0.051514 0.036865 -0.037109
-0.641602 0.514648 1.953857 -0.010864 -0.001099 0.013306
-0.343506 0.768066 1.937012 -0.004395 -0.001099 0.016113
-0.569336 0.645264 1.949463 -0.008911 0.007446 0.004517
-0.555664 0.599609 1.939697 -0.006226 -0.000244 0.006348
-0.395996 0.696045 1.954346 -0.002075 -0.005493 0.017334
-0.655273 0.755371 2.083984 -0.031616 0.018433 -0.013672
-0.729980 0.489258 1.933838 -0.021973 0.006714 0.008179
-0.428955 0.737793 1.947021 -0.003540 0.001099 0.025879
0.376953 2.124023 1.827393 -0.023071 0.015747 0.000977
-0.565918 0.710693 1.957275 -0.017456 -0.000366 0.011841
-0.162109 0.867432 1.945068 -0.002563 -0.006958 0.025269
-1.293457 0.042725 1.970215 -0.033936 0.020264 -0.014160
-0.419189 0.697754 1.942871 -0.005615 -0.000977 0.009033
-0.556152 0.640625 1.947021 -0.006470 -0.000244 0.007080
-0.437256 0.706055 1.947021 -0.007568 0.000854 0.012451
-0.552002 0.560303 1.952637 -0.014038 0.005981 0.003418
-0.736816 0.533691 1.963623 -0.026855 0.017090 -0.013428
-0.175049 0.998047 1.924561 -0.017944 0.001953 0.000732
-0.453125 0.400635 1.940186 -0.034912 0.005981 -0.010254
-0.176270 1.041504 1.985840 -0.009521 0.001465 0.009766
-1.699707 -0.794189 1.964844 -0.046143 0.022339 -0.038818
-0.395752 0.648682 1.962158 -0.005005 -0.004272 0.005859
-0.105713 1.598633 2.021484 -0.011230 0.001953 0.006836
-1.110352 -0.594238 1.942871 -0.061768 0.020630 -0.046753
-0.424805 0.559326 1.961426 -0.014038 -0.003906 0.012817
-1.364258 -0.499756 1.976318 -0.054565 0.027222 -0.047241
-0.430908 0.673340 1.955811 -0.000977 -0.004639 0.014282
-0.532471 0.609619 1.962891 -0.004395 -0.000244 0.009888
-0.503906 0.568359 1.973389 -0.007080 0.000854 0.002441
-0.538330 0.538086 1.966553 -0.007935 0.001465 -0.004517
-0.548584 0.537109 1.968506 -0.004395 -0.001587 0.002563
-0.518066 0.586426 1.969727 -0.003174 -0.002319 0.007568
-0.457031 0.606689 1.956055 -0.006104 -0.001953 0.011475
-0.494629 0.560303 1.967773 -0.002686 -0.001709 0.018555
-0.880615 0.427246 1.969482 -0.032593 0.026611 -0.001709
-0.588135 0.453369 1.967529 -0.020264 0.000244 0.008667
-0.297363 0.600830 1.972168 -0.008667 -0.005127 0.009644
-0.282715 0.641602 1.960938 -0.002808 -0.002197 0.002075
-0.558105 0.581787 1.972412 -0.005859 0.005981 -0.014526
-0.618652 0.465820 1.973877 -0.004150 0.000366 -0.002319
-0.507324 0.522461 1.966309 0.000488 -0.002319 0.018677
-0.532227 0.574463 1.965332 0.004395 -0.001343 0.035522
-0.569824 0.583740 1.957764 0.002808 -0.002075 0.027710
