0.373291 0.320313 0.966431 -0.007080 0.012939 0.023315
0.377441 0.315674 0.956421 -0.009277 -0.002808 0.030396
0.392822 0.309204 0.948486 -0.014893 -0.000122 0.001831
0.379517 0.331543 0.948608 -0.020630 0.001587 -0.019287
0.373535 0.318359 0.957642 -0.032959 0.002075 -0.002075
0.381958 0.302734 0.952026 -0.038940 -0.004150 0.000244
0.377563 0.320435 0.943237 -0.041016 0.001465 0.000366
0.386719 0.340820 0.935791 -0.055054 0.012451 0.013184
0.395020 0.348145 0.920288 -0.081543 0.029053 0.016479
0.363037 0.344116 0.951904 -0.114380 0.043213 0.048584
0.344727 0.299072 0.999390 -0.088989 -0.030273 -0.043213
0.323608 0.237915 0.967651 -0.078979 -0.022949 -0.011841
0.380005 0.255005 0.956909 -0.041260 -0.026855 -0.007202
0.367065 0.279785 0.962036 -0.022827 -0.018188 0.045532
0.458496 0.272217 0.967896 -0.007935 -0.004761 0.109497
0.322266 0.264282 0.963745 0.005127 0.042114 0.056396
0.537476 0.200928 0.980103 0.003296 0.004883 0.100464
-0.199707 0.511841 0.897095 0.124146 0.239990 -0.192749
0.417603 0.266846 0.967041 -0.010498 -0.004883 0.082642
0.851440 0.021973 1.036255 0.023071 0.023193 0.078125
0.309204 0.665771 0.923340 0.204712 0.287964 -0.103027
0.993042 -0.109863 0.925537 0.060913 0.080322 0.205811
0.135376 0.574951 1.073853 0.113892 0.217773 -0.069336
0.078003 0.538330 0.978882 0.092773 0.212891 -0.060425
0.221802 0.517456 1.001953 0.101318 0.161499 0.046997
0.406494 0.240845 0.965942 -0.025757 -0.046143 0.275024
0.498535 0.250122 0.970093 0.063232 0.061157 0.200928
0.222412 0.400513 0.973633 0.083374 0.137329 0.143188
0.441772 0.267334 1.001587 0.079102 0.141846 0.148071
0.001099 0.209961 0.933472 0.041870 0.151489 0.075195
0.010742 0.294922 0.966187 0.002930 0.026855 0.089722
0.284058 0.281250 0.974854 -0.015015 -0.021606 0.082764
0.336182 0.336548 0.964355 -0.002563 -0.013062 0.018311
0.230225 0.370361 0.971558 -0.009888 -0.019165 0.021606
0.364868 0.326782 0.980347 -0.034790 -0.064209 0.202393
0.758789 0.467896 0.912720 0.184448 0.275635 -0.061890
0.391724 0.199707 0.960693 0.007324 0.042725 0.042847
0.381958 0.273560 0.970093 -0.018921 -0.017822 0.085693
0.356445 0.283081 0.971191 0.008545 0.002808 -0.006348
0.324585 0.304077 0.970581 0.026855 0.011597 -0.015869
0.346436 0.299805 0.973145 0.041748 0.009277 0.041870
0.043701 0.472412 0.994385 0.036255 -0.024902 0.039063
0.306519 0.298950 1.228271 -0.104980 -0.371094 0.129028
0.407837 0.179443 0.954468 0.024048 -0.308594 -0.074585
0.548218 0.245728 0.823486 0.118042 -0.167358 -0.088867
0.461304 0.307495 0.909912 0.122925 -0.054077 -0.071899
0.432983 0.338135 0.910278 0.175415 0.058228 -0.112061
0.367798 0.462769 0.847900 0.172729 0.124878 -0.041382
0.294800 0.503662 0.883301 0.074097 0.134521 0.065918
0.311646 0.451294 0.937378 -0.005615 0.123291 0.110840
0.285645 0.432251 0.937622 -0.041260 0.118896 0.101563
0.242065 0.384888 0.975098 -0.103882 0.043701 0.153809
0.343750 0.301880 0.983032 -0.096069 0.013672 0.159180
0.328369 0.310669 0.963501 -0.066284 0.012085 0.130493
0.343140 0.306885 0.962402 -0.067627 -0.005249 0.106201
0.361328 0.315918 0.973267 -0.056641 0.001587 0.061890
0.336792 0.345581 0.953979 -0.045288 0.010010 0.037109
0.326904 0.363403 0.948364 -0.062378 0.006104 0.047729
0.320068 0.349121 0.972290 -0.076538 0.008179 0.060791
0.323730 0.331909 0.981445 -0.082031 -0.005493 0.056030
0.342896 0.317505 0.954346 -0.086792 -0.007935 0.041626
0.354492 0.321655 0.953125 -0.089233 -0.004639 0.048218
0.348145 0.317261 0.966797 -0.094238 0.018311 0.039795
0.275146 0.245605 1.001831 -0.070190 0.004150 -0.057129
0.369141 0.238892 0.965454 -0.025391 0.017822 -0.093506
0.319702 0.297485 0.969482 0.016479 0.025513 -0.093628
0.291504 0.353760 0.970825 0.017212 0.017334 -0.028442
0.276733 0.357056 0.974976 -0.003662 -0.003906 -0.017944
0.306030 0.358643 0.969360 -0.026611 -0.023438 0.012939
0.331299 0.335449 0.968262 -0.042480 -0.032471 0.044067
0.344360 0.308594 0.969727 -0.046875 -0.024292 0.044922
0.350464 0.292480 0.976196 -0.031006 -0.012207 0.044434
0.337158 0.299561 0.979004 -0.014648 -0.003662 0.042236
0.340698 0.305664 0.970093 -0.007568 -0.003174 0.022583
0.325073 0.318359 0.964111 -0.005615 -0.001465 0.020020
0.442505 0.231445 0.967651 0.000244 0.006226 0.028076
0.065308 0.600098 0.987305 0.052246 0.087646 -0.020508
0.702271 0.231689 0.928589 0.063599 0.088745 -0.009033
0.029541 0.547241 0.978394 0.010132 0.050415 0.060181
0.356934 0.244507 0.975586 -0.017212 -0.001709 0.058716
0.219482 0.381104 0.959106 0.043579 0.099854 -0.089966
0.225464 0.326416 0.969116 0.051147 0.079468 -0.041626
0.075195 0.471802 0.968506 0.037109 0.103882 0.003174
0.177979 0.335815 0.979736 -0.029907 -0.010132 0.073364
0.416382 0.261230 0.981201 -0.019775 -0.019653 0.062744
0.121948 0.440796 0.970337 0.017822 0.057617 0.012085
0.398071 0.267822 0.962402 0.002686 0.025391 0.090454
0.306519 0.324097 0.975098 -0.000244 -0.000366 0.139771
0.446533 0.159424 0.938721 -0.001099 -0.000244 0.104004
0.078491 0.339722 0.944580 0.085449 0.160522 -0.057861
0.636353 0.168091 0.921021 0.012085 0.077637 0.019165
0.560913 0.242188 0.976563 -0.047729 -0.056152 0.136597
0.264771 0.233276 0.975830 -0.043579 -0.017090 0.062988
0.477783 0.051514 0.954468 0.033203 0.035400 0.007202
-0.211182 0.546265 0.981445 -0.000122 0.036133 0.125366
0.487549 0.128052 0.967285 0.084229 0.141602 -0.003784
0.209106 0.776367 1.068115 0.128784 0.212646 -0.062500
-0.019897 0.629883 1.026611 0.076172 0.165405 -0.045410
0.245239 0.374756 0.986694 0.003052 0.020630 0.075439
0.052246 0.523804 0.965454 0.063843 0.107666 0.032837
0.399170 0.261475 0.975220 0.024414 0.016602 0.014648
0.227295 0.400269 0.977661 0.010864 0.008545 0.073608
0.052612 0.532471 0.964355 0.069336 0.094727 0.051392
0.629272 0.171509 0.934448 0.011353 0.049927 0.027588
0.184082 0.468506 0.986694 -0.027710 -0.012939 0.082642
0.380493 0.141968 0.917725 0.016968 0.067139 -0.003296
0.365723 0.340332 0.974365 -0.036621 -0.034302 0.044556
0.298218 0.314819 0.976074 -0.009033 -0.005493 -0.007202
0.282593 0.365112 0.978638 -0.001099 0.014526 -0.051025
0.255005 0.367920 0.976196 -0.011719 0.008545 -0.005615
0.239258 0.350830 0.974365 -0.014160 -0.000854 0.017944
0.275269 0.345947 0.973877 -0.009399 -0.004272 0.014038
0.282593 0.365356 0.974121 -0.011230 -0.002197 -0.007568
0.259399 0.354126 0.970703 -0.017090 -0.003540 -0.016602
0.256226 0.331421 0.976440 -0.011841 -0.009277 -0.003418
0.206421 0.316162 0.982056 0.008179 -0.030273 0.047852
0.261108 0.316650 0.980713 0.043945 -0.037109 0.037354
0.241455 0.419189 1.033691 -0.004395 -0.078247 0.044678
0.301514 0.310059 1.010742 0.031128 -0.099243 -0.025635
0.299072 0.288330 0.993896 0.087280 -0.093384 -0.087769
0.399658 0.120972 1.019653 0.204102 -0.068970 -0.178589
0.271484 0.184448 1.038208 0.313110 -0.038696 -0.202515
0.303101 0.310303 0.977051 0.363403 -0.060547 -0.245483
0.292969 0.468872 0.894897 0.357178 -0.069702 -0.227295
0.286133 0.616699 0.843628 0.274536 -0.047974 -0.192627
0.226196 0.649414 0.849243 0.149536 -0.031616 -0.144897
0.221924 0.619873 0.870361 0.031006 -0.041626 -0.078247
0.242310 0.490845 0.912231 -0.033447 -0.055054 -0.032471
0.275757 0.453125 0.938721 -0.055786 -0.060913 -0.027100
0.284424 0.398438 0.946289 -0.066895 -0.067627 -0.036987
0.306030 0.414307 0.930298 -0.066162 -0.082153 -0.061401
0.265259 0.440063 0.939697 -0.077637 -0.098633 -0.057861
0.243286 0.424561 0.941040 -0.082520 -0.125488 -0.061890
0.251587 0.439453 0.934326 -0.089722 -0.182373 -0.047607
0.279663 0.427979 0.966797 -0.081909 -0.217407 -0.033691
0.310181 0.427368 0.939331 -0.046753 -0.220825 -0.004028
0.330688 0.440186 0.894775 -0.037476 -0.199341 -0.010254
0.308105 0.451172 0.908569 -0.065063 -0.216309 -0.009277
0.359497 0.445557 0.907227 -0.090454 -0.217651 -0.003540
0.380371 0.440186 0.910034 -0.100464 -0.132080 -0.066284
0.341797 0.424927 0.934326 -0.088623 -0.068726 -0.096924
0.329102 0.463989 0.911499 -0.054077 -0.036499 -0.056274
0.328369 0.431152 0.908936 -0.058838 -0.030273 -0.019043
0.312988 0.431641 0.922729 -0.062378 -0.024414 -0.026489
0.316528 0.433350 0.943481 -0.081055 -0.044556 -0.020020
0.345703 0.403320 0.939941 -0.078735 -0.048462 -0.002075
0.342163 0.368164 0.938599 -0.056763 -0.027466 -0.007813
0.351196 0.394531 0.925415 -0.012329 -0.008179 -0.019775
0.320068 0.407715 0.940063 -0.017456 -0.009033 -0.017090
0.343262 0.409912 0.928955 -0.009399 -0.019897 -0.013672
