0.392944 0.265503 0.965820 -0.016724 -0.008057 -0.009155
0.399048 0.270264 0.958984 -0.020020 -0.007080 -0.019531
0.393311 0.272705 0.965454 -0.018677 -0.002563 -0.011841
0.384644 0.266602 0.965332 -0.018799 -0.003784 -0.003296
0.392456 0.258789 0.961304 -0.020996 -0.010620 -0.001343
0.386475 0.278687 0.959473 -0.017456 -0.010010 -0.004272
0.406372 0.254883 0.959473 -0.024902 -0.010864 -0.011108
0.409302 0.263428 0.944458 -0.022339 -0.000732 -0.026978
0.379761 0.265991 0.970703 -0.026489 0.010620 -0.028687
0.376221 0.284668 0.963867 -0.031250 0.007446 -0.021118
0.386719 0.276733 0.960205 -0.040283 0.002441 -0.010986
0.486206 0.222046 0.952637 -0.048462 -0.010132 -0.002197
0.381714 0.334351 0.937988 -0.062988 0.014404 -0.005493
0.372925 0.308594 0.946777 -0.090576 0.023071 0.000366
0.415039 0.263550 0.965698 -0.115356 0.020508 0.024292
0.384888 0.256104 0.967407 -0.120972 0.020386 0.020142
0.338623 0.138794 1.005859 -0.098755 -0.000488 -0.046631
0.393433 0.176880 0.973022 -0.051880 -0.009399 -0.062988
0.374390 0.217285 0.973389 -0.006714 -0.020142 -0.036377
0.381104 0.259521 0.970825 0.003174 -0.028442 -0.045166
0.378052 0.286499 0.964600 -0.010132 -0.040405 -0.056152
0.370361 0.287231 0.974365 -0.032593 -0.048218 -0.034790
0.387817 0.263184 0.971924 -0.045532 -0.052856 -0.049805
0.373535 0.249390 0.969604 -0.054443 -0.060669 -0.044800
0.381104 0.242065 0.967407 -0.049683 -0.064331 -0.052124
0.383423 0.230225 0.967529 -0.041138 -0.069458 -0.049194
0.383667 0.223633 0.967773 -0.024048 -0.071655 -0.027832
0.317017 0.286621 0.960693 0.019775 -0.030884 -0.030151
0.042725 0.480591 0.961914 0.014771 -0.030640 0.028198
0.689819 0.038818 0.975830 0.010254 -0.050415 0.084351
0.110962 0.429199 0.959717 0.040771 0.024414 -0.005005
0.519531 0.114136 0.958130 -0.067871 -0.075073 0.067871
0.533813 0.095825 0.973511 -0.063721 -0.109619 0.117554
0.734375 0.015991 0.963989 0.100952 0.014282 0.037476
0.059814 0.474365 0.936646 0.104492 0.091187 -0.003662
0.861450 -0.099731 0.974731 0.058838 0.024658 0.072754
0.151489 0.615723 0.933105 0.080811 0.034546 0.306641
0.007202 0.467407 0.997925 0.059326 0.071777 0.181641
-0.016846 0.685059 1.047363 0.152588 0.160522 0.173096
0.253296 0.358765 1.022827 0.198853 0.214233 0.137085
-0.036865 0.329224 0.952026 0.085571 0.090088 0.185059
0.434814 0.251709 0.973267 0.054932 0.039673 0.116821
0.520752 0.236450 0.968750 0.029297 0.008911 0.057373
0.390015 0.254639 0.967773 0.010010 0.001831 0.034180
0.404663 0.278076 0.966431 0.006348 0.002930 0.024048
0.382568 0.278809 0.966431 0.001587 0.008911 -0.009521
0.360962 0.270386 0.969116 0.006714 0.007202 -0.040039
0.246582 0.390625 0.968018 -0.015015 -0.030884 -0.033447
0.360229 0.204102 1.147217 -0.079102 -0.245361 0.094971
0.508789 0.091919 0.989990 0.085327 -0.168091 -0.093628
0.424683 0.224976 0.910156 0.172119 -0.087280 -0.004761
0.512329 0.312622 0.883423 0.177612 0.010620 -0.026367
0.419312 0.387451 0.870605 0.145386 0.079102 -0.001831
0.362427 0.426147 0.889038 0.059448 0.080078 0.097900
0.402344 0.366455 0.921509 -0.012207 0.072998 0.124512
0.368774 0.353149 0.944824 -0.068237 0.055542 0.115356
0.381226 0.275757 0.967529 -0.110474 0.026611 0.089600
0.399292 0.235840 0.972046 -0.100098 0.012329 0.061646
0.396362 0.234619 0.973389 -0.070679 0.010376 0.037109
0.415894 0.251343 0.962158 -0.049438 0.005981 0.010864
0.399536 0.292603 0.950806 -0.037231 0.019653 -0.011841
0.392090 0.325684 0.945068 -0.056152 0.015747 -0.019653
0.375854 0.326050 0.937378 -0.089478 0.018433 0.007202
0.373047 0.289063 0.969116 -0.117310 0.019043 0.025757
0.323120 0.229248 0.996216 -0.082764 -0.011597 -0.043335
0.379883 0.194214 0.964600 -0.058716 -0.011353 -0.028564
0.423828 0.226440 0.969604 -0.016724 -0.012451 -0.018555
0.408813 0.274292 0.967163 -0.001831 -0.005127 -0.032959
0.387329 0.295288 0.961426 -0.009521 -0.001465 -0.022217
0.379883 0.281250 0.960693 -0.023071 -0.004272 -0.034424
0.362793 0.266724 0.963257 -0.023682 -0.006836 -0.002686
0.380371 0.270874 0.967041 -0.019287 -0.012085 0.012329
0.379517 0.272095 0.967651 -0.017456 -0.015991 0.032227
0.399414 0.270630 0.962769 -0.016235 -0.018799 0.056396
0.405518 0.264160 0.964966 -0.012451 -0.008301 0.012695
0.392212 0.275146 0.960205 -0.014648 -0.006714 0.005981
0.381104 0.274170 0.961060 -0.017700 -0.009521 0.004150
0.381348 0.273804 0.964111 -0.020874 -0.014160 0.019531
0.396362 0.267700 0.961914 -0.020020 -0.014648 0.025391
0.388794 0.263184 0.960571 -0.018311 -0.014160 0.032593
0.395874 0.266357 0.969971 -0.019287 -0.012207 0.016724
0.371338 0.270752 0.963257 -0.018188 -0.012573 0.009521
0.398926 0.252686 0.965820 -0.009644 -0.015869 0.032104
0.422119 0.338623 0.958008 0.035156 0.023560 -0.015991
0.388550 0.273560 0.950195 -0.001587 0.001465 -0.000977
0.395752 0.254395 0.968506 -0.009277 -0.009399 0.053833
0.252319 0.367188 0.958008 0.012207 0.014648 0.054810
0.141602 0.581299 0.964355 0.079346 0.106079 -0.005981
0.388550 0.178223 0.976318 -0.009888 -0.012329 0.097534
0.519653 0.358643 0.995972 0.099609 0.069336 0.005371
0.435791 0.201782 0.966309 0.024658 0.026245 0.045044
0.588867 0.312622 0.979248 0.017578 0.017822 0.080322
0.404297 0.375488 0.994873 0.036987 0.029907 0.012329
0.687256 -0.063965 0.917725 0.043091 0.022461 0.053101
0.326416 0.387451 0.972656 0.018433 0.001709 0.139404
0.364502 0.280884 1.015015 0.083862 0.079102 0.007568
0.192627 0.432007 0.994751 0.045532 0.035034 0.138794
0.417480 0.325684 0.840454 0.189209 0.135986 0.072998
0.018188 0.753662 0.967163 0.041748 0.046875 0.237061
0.653442 0.450928 1.046021 0.139038 0.174561 -0.031616
0.522583 0.168213 0.968994 -0.068481 -0.067261 0.221558
0.638794 0.265991 0.931641 0.159302 0.088867 0.076538
0.228271 0.329834 0.974731 -0.011230 0.011230 0.115967
0.690674 -0.117920 0.927612 0.062378 0.031494 0.078857
0.282104 0.603271 0.977783 0.024292 0.001953 0.131958
0.365112 0.277222 0.966675 0.006104 0.018433 -0.000366
0.366333 0.294556 0.966187 -0.010132 -0.000488 -0.025879
0.358032 0.293213 0.962402 -0.007446 -0.004272 0.015991
0.397583 0.278320 0.964355 -0.008423 -0.006348 0.014404
0.385132 0.285034 0.965698 -0.004150 0.002563 -0.004150
0.380371 0.286865 0.956177 0.002563 0.015137 -0.069946
0.329102 0.326904 0.959351 -0.000488 0.011353 -0.071777
0.340698 0.312988 0.962158 -0.018188 -0.007813 -0.013306
0.386230 0.272095 0.960571 -0.017822 -0.011230 -0.012207
0.390137 0.228027 0.964600 0.006226 -0.005371 -0.036743
0.358154 0.252686 0.967285 0.042236 0.007690 -0.066650
0.367798 0.301636 0.984009 0.060059 -0.005127 -0.015747
0.270874 0.231079 1.149658 0.058105 -0.090210 -0.102905
0.437500 0.179321 1.019531 0.163452 -0.130615 -0.264648
0.395264 0.268555 0.913086 0.210327 -0.104004 -0.253906
0.348755 0.323120 0.921997 0.182373 -0.082153 -0.205322
0.396851 0.370117 0.912598 0.170532 -0.072144 -0.231934
0.354126 0.429199 0.917969 0.139771 -0.074463 -0.213745
0.364136 0.444092 0.893799 0.099854 -0.057007 -0.172363
0.340088 0.444580 0.904907 0.042480 -0.052002 -0.149292
0.366577 0.400757 0.922974 0.005737 -0.060059 -0.120605
0.334961 0.375977 0.947998 -0.003540 -0.081543 -0.120483
0.377930 0.370728 0.945068 -0.019775 -0.087646 -0.192017
0.363892 0.329346 0.930542 -0.025635 -0.110474 -0.203247
0.408203 0.358276 0.924805 -0.012573 -0.098389 -0.238525
0.385254 0.407104 0.919312 -0.002075 -0.090942 -0.219849
0.358643 0.418457 0.907227 0.007324 -0.061157 -0.183716
0.343140 0.451294 0.906128 0.014282 -0.052124 -0.126831
0.333496 0.466187 0.911743 -0.013672 -0.054932 -0.072266
0.380859 0.419800 0.902466 -0.035767 -0.043335 -0.041992
0.337036 0.424561 0.916382 -0.040039 -0.027100 0.008911
0.383667 0.390747 0.930664 -0.049805 -0.042603 0.009033
0.368774 0.380615 0.922974 -0.030029 -0.030518 -0.026367
0.367065 0.387573 0.916138 -0.019653 -0.015869 -0.033081
0.364136 0.406982 0.929688 -0.019897 -0.015381 -0.006104
0.367676 0.417603 0.925293 -0.018188 -0.016113 -0.003540
0.357300 0.409912 0.912598 -0.026733 -0.010498 0.007446
0.365601 0.422607 0.911743 -0.031494 0.000122 0.024902
0.365967 0.384521 0.943359 -0.041626 -0.000854 0.031372
0.367920 0.375000 0.938599 -0.033813 -0.012085 0.017456
0.379639 0.377563 0.921387 -0.018799 -0.007568 0.004028
0.364502 0.388916 0.933838 -0.015259 0.000610 0.017334
0.379150 0.387085 0.917358 -0.008789 0.001831 0.024414
0.373413 0.411743 0.912598 -0.012573 0.007568 0.038086
0.358154 0.388428 0.936401 -0.035156 0.002808 0.015869
