0.399048 0.253174 0.970459 -0.029907 0.003296 -0.026001
0.393921 0.265381 0.968506 -0.016846 0.000610 -0.033691
0.398560 0.263672 0.957642 -0.014893 -0.002319 0.035889
0.407959 0.250854 0.966064 -0.010864 0.004272 0.015381
0.390381 0.269531 0.967896 -0.011475 -0.011475 -0.019653
0.429443 0.268677 0.934326 -0.016479 -0.015869 -0.024902
0.403564 0.288086 0.943970 -0.017334 0.005127 -0.009399
0.413574 0.299805 0.935181 -0.027100 0.017700 -0.028564
0.374878 0.300293 0.941772 -0.035278 0.032471 -0.042114
0.445190 0.305054 0.935547 -0.052246 0.031494 -0.029419
0.329468 0.171875 1.194092 -0.061890 0.045166 -0.072266
0.378662 0.262085 0.953369 -0.043213 0.007568 -0.072632
0.359741 0.272461 0.968018 -0.017822 0.013550 -0.026245
0.372925 0.282837 0.962402 -0.023193 0.003296 0.017578
0.378540 0.273315 0.963379 -0.030029 -0.013184 0.049805
0.395874 0.265747 0.964844 -0.031982 -0.020508 0.072021
0.397461 0.259399 0.965942 -0.030273 -0.018921 0.075928
0.417725 0.239258 0.963501 -0.023926 -0.010742 0.075562
0.417603 0.258301 0.967041 -0.007690 0.006714 0.061523
0.397217 0.267334 0.962646 -0.004883 0.004883 0.117798
0.383057 0.269165 0.966553 -0.007080 -0.000610 0.163940
0.416138 0.249512 0.969238 -0.007935 -0.005005 0.183594
0.383911 0.275024 0.957886 -0.000854 0.003784 0.167725
0.617920 0.076050 0.992188 0.012085 0.013672 0.138062
-0.002319 0.642944 0.950317 0.067261 0.121826 -0.018311
0.685669 0.177368 0.944092 0.083740 0.132568 0.030518
0.274780 0.342651 0.968506 -0.006714 0.013062 0.225952
0.522583 0.161621 0.977295 -0.009644 -0.018921 0.276978
0.516724 0.192139 0.969360 0.046021 0.053955 0.102783
0.341187 0.343994 0.974365 0.039185 0.048218 0.150513
0.715698 0.076172 0.981934 0.102417 0.116699 0.097168
0.230103 0.313232 0.927368 0.089722 0.177246 -0.089600
0.076050 0.587036 0.993286 0.070435 0.142212 0.007324
0.600708 -0.028931 0.969360 -0.008301 0.029785 0.077271
0.564819 0.265503 1.007690 0.038574 0.072144 0.048828
0.189453 0.479492 1.006836 0.110840 0.109619 0.054810
-0.070801 0.356445 0.970825 0.026978 0.093140 0.114136
0.083130 0.298584 0.932739 0.027466 0.076294 0.092896
0.187256 0.279053 0.942261 0.049072 0.163696 -0.073975
0.478027 0.188599 0.977295 -0.049561 -0.045288 0.080444
0.354614 0.255737 0.978027 -0.014160 -0.031372 0.108276
0.418091 0.249390 0.992310 -0.007080 -0.019287 0.107422
0.551636 0.106079 0.985107 0.016968 -0.007324 0.086914
0.365356 0.338989 0.969238 0.041626 0.026978 0.026733
0.331909 0.303711 0.968506 -0.026245 -0.010986 -0.006592
0.392822 0.234741 0.977173 -0.026367 -0.011475 -0.019775
0.387939 0.216797 0.978149 0.003174 0.008301 -0.064575
0.335693 0.277222 0.976318 0.039429 0.016113 -0.091309
0.269409 0.339844 0.979126 0.011719 -0.048828 -0.065552
0.047852 0.302002 1.232666 -0.070679 -0.244873 -0.091431
0.517456 0.120850 1.035400 0.023071 -0.375732 -0.154053
0.548218 0.213989 0.838257 0.173828 -0.187622 -0.102783
0.495728 0.381836 0.809082 0.181274 -0.024292 -0.114136
0.454102 0.423706 0.836426 0.111084 0.096313 -0.076172
0.388428 0.415161 0.877075 0.047241 0.104858 0.062622
0.361084 0.398804 0.924683 -0.031006 0.086548 0.130493
0.343628 0.327637 0.978516 -0.080688 0.067627 0.108398
0.379272 0.253174 0.976807 -0.090942 0.050293 0.092041
0.375488 0.215942 0.982422 -0.066772 0.048218 0.063843
0.332886 0.240601 1.008545 -0.028198 0.030273 0.058960
0.380371 0.259888 0.987305 -0.007446 -0.004883 -0.001587
0.368896 0.316406 0.955078 0.005127 -0.010620 -0.009888
0.344971 0.340088 0.942017 -0.021851 -0.001465 0.028809
0.380859 0.334717 0.939941 -0.047363 0.010010 0.043579
0.346313 0.321411 0.968018 -0.078369 0.001587 0.062256
0.383179 0.279419 0.971436 -0.098999 -0.015747 0.044556
0.367432 0.272583 0.972656 -0.093872 -0.015869 0.010132
0.380615 0.250977 0.958862 -0.086426 -0.001343 0.011475
0.374878 0.267700 0.966064 -0.072998 0.015625 0.026855
0.350464 0.277832 0.973022 -0.066406 0.030029 0.024780
0.317505 0.246460 1.269775 -0.077637 0.013306 0.036865
0.425659 0.208862 0.975586 -0.049805 0.005615 -0.046265
0.364258 0.218384 0.979492 -0.014648 0.012695 -0.051147
0.344360 0.276123 0.977905 0.003540 0.012939 -0.034058
0.352905 0.290283 0.977539 -0.003784 0.003662 0.019409
0.342896 0.298706 0.975830 -0.017212 -0.005371 0.031860
0.369995 0.286133 0.971680 -0.034424 -0.016968 0.036133
0.365112 0.272949 0.971802 -0.042480 -0.018188 0.034546
0.369385 0.257690 0.974121 -0.042480 -0.016235 0.037964
0.380493 0.241211 0.972168 -0.031860 -0.015503 0.046387
0.389648 0.246704 0.971191 -0.016846 -0.004761 0.024902
0.373047 0.255005 0.973145 -0.007446 0.004028 0.024048
0.344727 0.283936 0.974487 -0.008911 0.002930 0.021118
0.374146 0.267822 0.969482 -0.015137 -0.002197 0.026367
0.377319 0.258057 0.976196 -0.006470 0.009766 0.010620
0.392090 0.250977 0.972900 -0.024414 -0.012451 0.043213
0.371948 0.242065 0.971802 -0.014893 -0.009644 0.061157
0.703979 0.081543 0.960205 0.042358 0.054321 -0.019653
0.514038 0.284790 0.975342 -0.035889 -0.042969 0.069702
0.395508 0.232178 0.975708 -0.034546 -0.030518 0.063965
0.399780 0.230469 0.977417 -0.018799 -0.020020 0.067383
0.445190 0.281494 0.958252 0.048096 0.057861 -0.018921
0.196167 0.379761 0.973877 0.029175 0.074829 0.003174
0.338013 0.239502 0.979492 -0.026978 -0.000488 0.069092
0.368774 0.259277 0.967896 0.049683 0.100342 -0.062988
0.387207 0.237183 0.980469 -0.028442 -0.022217 0.051392
0.390991 0.211426 0.975098 0.014160 0.010864 0.047363
0.217529 0.329224 0.965210 0.053223 0.060669 -0.049438
0.000854 0.457886 0.983276 0.081909 0.176147 -0.126221
0.400513 0.214478 0.979736 -0.035034 -0.016724 0.088135
0.409180 0.209351 0.981079 -0.031372 -0.028076 0.116211
0.495239 0.217285 0.911499 0.147217 0.202148 -0.156616
0.805054 0.091553 0.956055 0.003052 0.001709 0.055542
0.096436 0.225342 0.971069 0.050537 0.130371 -0.094238
0.469116 0.217773 0.977905 -0.007202 0.012451 0.103516
0.302002 0.342285 0.990845 0.039063 0.063599 0.026733
0.356567 0.231079 0.983276 0.005005 0.036621 0.067261
0.353516 0.238159 0.983887 0.017700 0.044556 0.044312
0.458252 0.224487 0.990356 0.029785 0.057861 0.012939
0.320313 0.097778 0.941650 0.014893 0.060791 -0.071777
0.251831 0.254883 0.978271 0.040649 0.078857 -0.045044
0.429321 0.333496 0.958130 0.033691 0.141235 -0.086670
0.375244 0.246948 0.988892 0.002686 0.078003 0.020752
-0.046997 0.409302 1.005737 0.066650 0.118896 -0.075806
0.095825 0.224365 0.912231 0.053955 0.152832 -0.084595
0.236206 0.097778 0.966675 0.039307 0.117065 -0.044800
0.826782 -0.219971 0.918213 0.014526 0.018311 0.021729
0.063599 0.278809 0.982178 -0.000732 0.026367 -0.009766
0.318604 0.283813 0.978149 0.002075 -0.002441 0.054810
0.275635 0.344116 0.981445 0.009766 0.012207 -0.057861
0.273926 0.327148 0.983643 -0.010132 0.009766 -0.084106
0.280396 0.310913 0.983032 -0.017456 -0.005005 -0.076294
0.299072 0.291626 0.984131 -0.020508 -0.018311 -0.014648
0.339111 0.286133 0.987549 -0.004639 -0.006104 -0.007935
0.311157 0.313354 0.987305 0.003174 0.011108 -0.051270
0.275269 0.327637 0.985718 -0.007324 0.009399 -0.042969
0.288940 0.304199 0.981079 -0.016113 0.000244 -0.002686
0.289185 0.306885 0.986206 -0.010376 -0.000854 -0.009399
0.298096 0.305298 0.987915 -0.008179 -0.002197 -0.033936
0.281372 0.312378 0.984619 -0.010132 -0.002563 -0.037842
0.291748 0.315308 0.981689 -0.009033 -0.004272 -0.042725
0.285278 0.312744 0.988159 -0.010498 -0.002808 -0.037354
0.292480 0.309814 0.982788 -0.013062 -0.002808 -0.024780
0.287964 0.319702 0.986816 -0.015015 -0.004028 -0.027832
0.271851 0.303833 0.987549 -0.018921 -0.011108 -0.010132
0.290894 0.286499 0.979980 -0.007568 -0.013672 -0.010498
0.303955 0.280640 0.986450 0.013062 -0.012451 -0.019287
0.291260 0.286987 0.986938 0.034058 -0.004883 -0.039551
0.289551 0.316406 0.982666 0.043579 -0.007935 -0.016113
0.234619 0.337036 0.981934 0.034912 -0.020630 0.014648
0.257080 0.320923 1.018066 0.024902 -0.061646 0.056519
0.317871 0.216431 1.087524 0.076660 -0.103394 -0.050415
0.281494 0.251831 1.027588 0.147339 -0.111328 -0.167480
0.295532 0.287842 0.969604 0.180542 -0.107910 -0.188232
0.335449 0.328369 0.957031 0.191772 -0.109619 -0.154297
0.313354 0.395752 0.940552 0.189941 -0.110107 -0.156128
0.325562 0.451538 0.891479 0.139404 -0.120361 -0.171753
0.337891 0.468994 0.878540 0.070801 -0.070313 -0.116455
0.291992 0.482300 0.917725 0.004028 -0.045166 -0.058838
0.272827 0.431152 0.961914 -0.032104 -0.041992 -0.031494
