0.398071 0.297363 0.947754 -0.008667 -0.005005 -0.001709
0.393311 0.318237 0.947754 -0.013672 -0.003540 -0.010376
0.386108 0.315674 0.947388 -0.020264 -0.006470 -0.001709
0.394897 0.315308 0.946045 -0.021240 -0.006836 0.002197
0.399170 0.304077 0.940430 -0.024902 0.003296 0.001831
0.383667 0.321777 0.948242 -0.035034 0.002930 -0.010010
0.401855 0.287720 0.959595 -0.034180 -0.001953 -0.012329
0.382568 0.312500 0.956421 -0.032593 -0.006226 -0.011719
0.396118 0.323975 0.939087 -0.036621 -0.005371 0.004028
0.397949 0.283447 0.949707 -0.034912 0.000122 0.018311
0.399170 0.284668 0.956909 -0.028076 0.005005 -0.008545
0.380737 0.299072 0.954956 -0.020264 0.003784 -0.042358
0.382080 0.319458 0.955200 -0.022949 -0.010132 -0.004761
0.401855 0.322144 0.942871 -0.029419 -0.004639 -0.019653
0.392090 0.311768 0.954834 -0.051514 -0.002686 -0.008545
0.403931 0.291260 0.937866 -0.052856 0.002197 -0.003906
0.399414 0.302490 0.944824 -0.050903 0.017700 0.002441
0.384277 0.319946 0.949829 -0.058228 0.028320 0.009644
0.388550 0.332275 0.940918 -0.072754 0.026245 0.004028
0.374268 0.337524 0.943481 -0.099731 0.025269 0.017212
0.362061 0.341919 0.941406 -0.116943 0.020386 0.032349
0.434326 0.237305 0.962646 -0.105103 -0.019897 -0.057983
0.372559 0.198364 0.969482 -0.065186 -0.010376 -0.050049
0.492310 0.150269 0.965210 -0.026367 0.009521 -0.008057
0.452515 0.255615 0.961914 0.012817 0.003906 -0.026611
0.331909 0.313965 0.964355 0.013184 0.030273 -0.048340
0.350464 0.321167 0.963013 -0.006836 0.008057 -0.032104
0.394165 0.294922 0.962402 -0.019287 0.002441 0.001465
0.360962 0.282837 0.961304 -0.020386 0.006958 0.026611
0.371338 0.280273 0.964600 -0.014526 0.000488 0.074707
0.441772 0.256836 0.971924 0.003662 0.015991 0.102173
0.208984 0.347412 0.948853 0.016846 0.040161 0.160400
0.458008 0.161743 0.958130 0.078857 0.110596 0.149292
-0.129272 0.547241 0.932373 0.077026 0.163086 0.011108
0.345337 0.306396 0.927124 0.064819 0.166626 -0.040283
0.420288 0.040161 0.941162 0.049072 0.118164 -0.028442
0.582031 0.359375 0.974976 0.093750 0.094238 0.096313
0.401733 0.224976 0.969482 -0.027710 -0.029907 0.180664
0.660645 0.245361 0.940430 0.114624 0.101440 0.078491
0.079224 0.405518 1.005493 0.100830 0.215088 -0.253784
0.407715 0.332520 1.030884 0.010132 0.089844 0.150391
0.264038 0.154297 0.949707 0.056641 0.150635 0.088257
0.680176 0.286743 0.986206 0.137085 0.175903 -0.017578
0.177612 0.393188 0.974609 -0.025513 -0.024780 0.232788
-0.013062 0.397583 0.956299 0.160278 0.246826 -0.152344
0.391479 0.331665 0.980957 -0.017578 -0.019165 0.075684
0.331055 0.262451 0.973755 -0.019043 -0.005127 -0.031250
0.306519 0.325317 0.971680 -0.003784 -0.000610 -0.094604
0.303955 0.323730 0.976807 -0.006714 -0.017212 -0.029297
0.260010 0.271484 0.975098 0.005127 -0.040405 -0.035767
0.021973 0.444336 1.047119 -0.017700 -0.142334 0.048340
0.585083 0.138062 1.130005 0.020752 -0.260010 0.089233
0.382446 0.258423 0.954712 0.180664 -0.130859 -0.159302
0.444214 0.340942 0.829956 0.189331 -0.060913 -0.118652
0.327148 0.456665 0.884888 0.140869 0.040771 0.009644
0.367676 0.435059 0.913208 0.082275 0.077026 -0.043823
0.306519 0.439087 0.917358 0.004395 0.024658 0.094727
0.355957 0.377808 0.915405 -0.051270 0.021362 0.052490
0.324341 0.368286 0.959351 -0.079224 0.006836 0.066772
0.342773 0.301514 0.980225 -0.075562 0.002686 0.071655
0.335205 0.283813 0.992188 -0.045532 -0.003784 0.056274
0.346558 0.301514 0.969849 -0.018311 -0.009766 0.026489
0.329590 0.336060 0.953125 -0.008545 -0.010986 0.019653
0.349609 0.360352 0.944580 -0.020752 -0.021362 0.041992
0.353882 0.362671 0.952637 -0.030884 -0.001587 0.059937
0.330811 0.350098 0.959961 -0.042603 -0.005127 0.065186
0.346680 0.332886 0.957764 -0.049683 -0.002197 0.074585
0.355713 0.334595 0.943481 -0.064331 0.001587 0.074097
0.352661 0.343140 0.939819 -0.077881 0.006714 0.065552
0.353638 0.335693 0.968750 -0.101318 0.008667 0.043701
0.341187 0.332153 0.946289 -0.115234 0.005737 0.058472
0.301758 0.324341 1.004639 -0.114746 0.011719 0.093384
0.330933 0.259033 1.048096 -0.092651 -0.015137 0.067993
0.409180 0.267578 0.970093 -0.056641 -0.018921 0.060669
0.385132 0.289185 0.970215 -0.032593 -0.013184 0.043457
0.359741 0.302368 0.967407 -0.024902 0.003174 0.011841
0.350342 0.310669 0.964355 -0.026978 0.003174 0.016846
0.347656 0.297974 0.972656 -0.031616 -0.001465 -0.000732
0.327271 0.309082 0.973022 -0.033691 -0.007935 -0.021362
0.327026 0.313232 0.967163 -0.039673 -0.019897 -0.009888
0.353638 0.301147 0.967285 -0.043335 -0.026001 0.032593
0.374268 0.279541 0.967773 -0.039673 -0.021362 0.045288
0.373291 0.271606 0.969238 -0.026855 -0.006348 0.016968
0.360962 0.289429 0.965332 -0.015259 0.000977 0.029297
0.357300 0.292603 0.970459 -0.009888 0.005737 0.015015
0.347778 0.291992 0.970459 -0.007324 0.005859 -0.007690
0.333740 0.297363 0.967896 -0.004272 0.003540 -0.006836
0.370728 0.304688 0.966064 0.006836 0.012817 0.005981
0.339844 0.305908 0.971436 -0.009033 0.004150 0.018188
0.346924 0.273193 0.976074 -0.009033 0.003296 0.010498
0.347168 0.293945 0.968628 0.000854 0.002319 0.017944
0.346191 0.303589 0.972778 -0.000122 -0.001221 0.022461
0.345947 0.308350 0.968506 -0.005859 0.000000 0.018799
0.409790 0.274902 0.970947 0.002075 0.019165 0.000244
0.371826 0.281372 0.972290 -0.007446 -0.000854 0.028564
0.080933 0.631104 1.004639 0.112671 0.137451 -0.081055
0.349243 0.446289 0.978271 0.044189 0.061279 0.002441
0.432373 0.241089 0.967285 -0.015747 -0.010132 0.063110
0.277100 0.369019 0.973389 0.009766 0.021484 -0.008911
0.344116 0.292603 0.973633 -0.016724 -0.004395 0.002197
0.360962 0.380005 0.953003 0.100586 0.091309 -0.083740
0.161499 0.395264 0.985107 0.034058 0.067017 -0.054565
0.237671 0.313721 0.988647 -0.021851 0.008545 0.069580
0.492065 0.189819 0.952881 0.037109 0.043579 0.003296
0.203491 0.362427 0.977661 -0.013184 -0.016357 0.082642
0.896973 -0.172974 0.860229 0.062622 0.032837 0.046875
0.296021 0.232788 0.936768 0.145752 0.194702 -0.292847
0.289429 0.403076 0.976196 0.030029 0.089233 0.031128
0.492065 0.254639 1.010254 -0.005493 -0.009888 0.098145
0.441650 0.223022 0.972290 0.075562 0.078857 -0.040283
0.050049 0.334106 0.969604 -0.024780 0.014282 0.031372
0.225098 0.280029 0.873901 0.048096 0.146362 0.001953
0.365479 0.328979 0.938599 0.102539 0.151733 -0.128418
0.226318 0.776489 1.070190 0.067505 0.039917 0.173462
0.172363 0.564209 0.987915 0.042969 0.039673 0.191284
0.314209 0.409668 0.975220 0.051514 0.078125 0.134521
0.573242 0.084106 0.955933 0.039917 0.067261 0.054932
-0.298584 1.009277 1.060669 0.115845 0.119751 -0.094727
0.434692 0.228394 0.968018 0.015625 0.060425 0.047119
0.023193 0.576172 0.973877 0.064209 0.120239 -0.095459
0.166260 0.377808 0.993164 -0.000244 0.050781 0.011719
0.360962 0.279907 0.976440 -0.020874 -0.020142 0.073364
0.273438 0.363159 0.972656 0.000366 -0.003906 -0.011108
0.222046 0.409790 0.977295 -0.020630 -0.010376 0.037842
0.395508 0.354614 0.976196 0.003662 0.025391 0.103516
0.239136 0.253662 0.921997 0.031494 0.073853 -0.013794
0.380371 0.124634 0.968628 -0.055908 -0.031128 0.052734
-0.096436 0.378296 0.991577 -0.020996 0.054565 -0.153564
0.280151 0.303955 0.972290 -0.019165 0.006104 -0.152344
0.258545 0.378662 0.974976 -0.011230 -0.009766 -0.106445
0.269531 0.330933 0.975952 -0.014160 -0.021851 -0.036865
0.280518 0.270264 0.975952 0.011597 -0.016968 -0.008545
0.278931 0.305664 0.962891 0.053711 -0.005615 -0.004883
0.156128 0.338135 1.047241 -0.022095 -0.012451 0.018921
0.332764 0.186279 1.114502 0.168945 -0.150635 -0.041016
0.351196 0.140503 1.082275 0.352051 -0.103149 -0.302368
0.226196 0.498291 0.911133 0.487427 -0.068848 -0.442871
0.201416 0.504883 0.825928 0.318848 -0.179932 -0.429077
0.390137 0.505615 0.819702 0.162231 -0.147461 -0.321655
0.231323 0.590088 0.885010 0.109985 -0.051758 -0.150879
0.226440 0.549683 0.931274 0.056763 -0.064941 -0.051514
0.257080 0.485718 0.889282 0.028320 -0.083740 -0.046875
0.265137 0.499756 0.878784 -0.023682 -0.078003 -0.011230
0.227173 0.448975 0.930908 -0.064575 -0.098022 0.052124
0.313477 0.429688 0.952881 -0.061279 -0.111694 0.058350
0.273926 0.447510 0.920288 -0.062622 -0.087891 -0.030762
0.268555 0.454834 0.933960 -0.093750 -0.107056 -0.035034
0.270874 0.450317 0.945068 -0.116577 -0.140381 -0.093750
0.282471 0.457031 0.913330 -0.146973 -0.186279 -0.121826
0.263428 0.426636 0.924438 -0.176880 -0.217285 -0.043091
