0.447632 0.285278 0.938843 -0.020874 -0.020386 -0.012817
0.467773 0.295532 0.926758 -0.015747 -0.018188 -0.004761
0.464722 0.308838 0.915161 -0.018921 -0.010132 -0.004150
0.448242 0.287354 0.935059 -0.023315 -0.018555 -0.017944
0.450073 0.288574 0.917480 -0.024414 -0.017822 -0.028076
0.456055 0.287231 0.925049 -0.021729 -0.021606 -0.020752
0.460327 0.291382 0.914185 -0.024414 -0.020020 -0.011841
0.463379 0.295532 0.910278 -0.024536 -0.011353 -0.008545
0.465210 0.302124 0.916138 -0.029297 -0.001343 -0.000977
0.484741 0.292114 0.911987 -0.037842 -0.004395 -0.021729
0.436523 0.289307 0.936646 -0.049072 -0.018433 -0.010742
0.442505 0.286255 0.911743 -0.043213 -0.006348 -0.013550
0.428955 0.293091 0.926514 -0.039673 0.002441 -0.021118
0.448486 0.309570 0.926636 -0.040527 -0.012329 0.048218
0.448486 0.293335 0.928223 -0.042236 -0.008057 0.067139
0.444824 0.268066 0.939331 -0.039917 -0.024902 0.087646
0.510864 0.267456 0.932617 -0.025024 -0.007813 0.023071
0.473877 0.283691 0.926880 -0.018555 -0.010620 -0.004517
0.468262 0.280029 0.927490 -0.018555 -0.004517 -0.023193
0.461792 0.262573 0.932129 -0.006348 -0.001343 -0.024780
0.443359 0.270142 0.918945 0.004883 0.004028 -0.039917
0.442871 0.302246 0.925293 0.000977 0.002319 -0.034424
0.451172 0.312622 0.926758 -0.013306 0.001465 -0.039551
0.436890 0.310669 0.926880 -0.030273 -0.005981 -0.022339
0.436890 0.285278 0.931152 -0.035400 -0.019531 0.013184
0.454102 0.263062 0.929443 -0.027466 -0.027832 0.025391
0.463135 0.272949 0.926025 -0.014404 -0.022217 0.010376
0.447754 0.285889 0.930664 -0.013794 -0.018799 0.010742
0.483765 0.277710 0.927856 -0.012573 -0.015015 0.019531
0.481812 0.261475 0.935791 0.003296 0.000610 0.022827
0.466431 0.278320 0.921509 0.038696 0.028076 0.063721
0.670898 0.179443 0.910278 0.098999 0.124634 0.025269
0.266968 0.450439 0.897583 0.018799 0.037476 0.093872
0.225586 0.467529 0.903809 0.000122 0.012817 0.090210
0.092651 0.421387 0.922852 0.025879 0.073364 0.075073
0.473877 0.284058 0.926880 0.128052 0.139404 0.107178
0.343750 0.153076 0.908081 0.129272 0.137451 0.198486
0.664063 0.305298 0.904785 0.224976 0.282349 0.083130
0.457642 0.277100 0.927368 0.067505 0.081177 0.218262
0.584717 0.038818 0.910278 0.118286 0.124390 0.055054
0.622803 0.192505 0.933594 0.049805 0.089355 0.063843
0.328125 0.473999 0.932495 0.018799 0.043335 0.074585
0.574585 0.213623 0.928589 0.033203 0.060303 0.012573
0.441528 0.275269 0.954590 -0.005005 -0.017456 0.200806
0.680054 0.294556 0.941650 0.096069 0.135132 -0.011230
0.315308 0.242920 0.882935 0.028198 0.040649 0.077393
0.509888 0.267456 0.936768 -0.027588 -0.007568 -0.002930
0.435303 0.293823 0.942627 -0.010132 0.010376 -0.050537
0.427734 0.299194 0.938721 -0.005005 0.010986 -0.058838
0.390991 0.337402 0.931396 -0.014160 0.003662 -0.046143
0.318359 0.397705 0.944092 -0.053589 -0.046509 -0.011841
0.155518 0.434814 1.047241 -0.265625 -0.256714 0.182373
0.475952 0.083496 1.140991 -0.036865 -0.246826 -0.010620
0.646729 0.095337 0.885498 0.152222 -0.143311 -0.156250
0.524536 0.214355 0.797241 0.208618 0.016968 -0.112671
0.535522 0.313843 0.835938 0.180542 0.075439 -0.082275
0.467896 0.389160 0.839844 0.137939 0.091919 -0.022217
0.387329 0.449585 0.879517 0.069824 0.080566 0.049683
0.418335 0.409790 0.880493 -0.003662 0.067261 0.087769
0.404907 0.382935 0.913330 -0.058594 0.049805 0.084351
0.422729 0.331299 0.917358 -0.080078 0.030151 0.094116
0.391724 0.301147 0.946411 -0.081177 0.005859 0.096069
0.421509 0.266479 0.976074 -0.064697 -0.019409 0.044434
0.450928 0.284180 0.925537 -0.046753 -0.032837 -0.004761
0.445679 0.329590 0.908325 -0.059937 -0.024170 -0.022827
0.434692 0.340454 0.905884 -0.079590 -0.012817 -0.010620
0.422852 0.342163 0.917847 -0.098755 0.001587 0.005371
0.421753 0.313721 0.952515 -0.099854 -0.006836 0.016846
0.440674 0.293457 0.943359 -0.095215 -0.010986 0.025757
0.428833 0.282349 0.955078 -0.081543 -0.008301 0.016479
0.432617 0.283569 0.941040 -0.061035 0.000854 0.035034
0.438354 0.290771 0.934448 -0.054688 0.007080 0.046143
0.430420 0.277588 0.946411 -0.048584 0.014648 0.019165
0.410889 0.226318 0.979980 -0.021362 0.000732 -0.033936
0.437012 0.237305 0.937378 0.003906 0.014771 -0.042358
0.454224 0.292358 0.935059 0.018677 0.019409 -0.019409
0.418701 0.299438 0.940552 0.017090 0.024780 -0.036621
0.416748 0.306152 0.934937 0.013062 0.020142 -0.026489
0.402588 0.339844 0.929932 -0.002441 0.004395 -0.004883
0.397095 0.332642 0.935059 -0.028931 -0.013550 0.002808
0.429443 0.294434 0.935791 -0.035889 -0.020142 0.012695
0.438477 0.266357 0.942139 -0.023926 -0.016479 0.015259
0.433838 0.278076 0.935547 -0.009888 -0.010498 0.012329
0.421997 0.303345 0.945801 -0.007568 -0.005615 0.016479
0.424438 0.305786 0.938599 -0.014160 -0.007202 0.017944
0.423218 0.301636 0.936646 -0.020020 -0.011475 0.021118
0.416992 0.304199 0.937744 -0.024170 -0.014648 0.022583
0.428833 0.292114 0.942993 -0.025269 -0.016235 0.034180
0.439087 0.277710 0.937988 -0.014648 -0.006592 0.040161
0.426758 0.287231 0.940308 -0.013672 -0.012573 0.052856
0.537720 0.179688 0.942261 0.037964 0.035278 0.000854
0.402100 0.342651 0.942383 0.020752 0.021729 0.066650
0.496338 0.193848 0.956177 0.042114 0.027832 0.077759
0.359863 0.181030 0.914673 0.051880 0.061279 0.049316
0.305542 0.289917 0.910889 0.036377 0.043579 0.023071
0.342896 0.360718 0.929688 -0.000366 0.016724 0.033936
0.452026 0.219116 0.926514 0.034302 0.034180 0.024536
0.501831 0.214844 0.955811 0.034424 0.047485 -0.000610
0.562134 0.237671 0.934448 0.071045 0.108398 -0.004517
0.529297 0.187378 0.942017 0.041748 0.072998 0.028564
0.475586 0.250244 0.949219 -0.017944 -0.010254 0.108521
0.731323 0.132813 0.948730 0.084961 0.130127 -0.031982
0.348633 0.248047 0.913574 0.020630 0.005005 0.150024
0.302734 0.404053 0.944702 0.062256 0.101685 0.097900
0.349243 0.236694 0.924316 0.069702 0.116577 0.079712
0.494507 0.158691 0.943848 0.006836 0.017456 0.101318
0.356689 0.349243 0.965698 0.028320 0.054565 0.066406
0.336914 0.300049 0.966064 0.050659 0.077271 0.077515
0.157837 0.535278 0.972900 0.015259 0.009888 0.157593
0.446899 0.176025 0.916138 0.058960 0.076904 0.082520
0.319824 0.292480 0.941895 -0.037842 -0.026855 0.099487
0.434937 0.202637 0.939819 0.048706 0.042236 0.023804
0.027100 0.626831 0.961060 0.003418 0.036865 0.089355
0.327026 0.325195 0.945313 -0.019287 -0.007935 0.121826
0.307495 0.450195 0.939209 0.013794 0.016479 0.032104
0.430298 0.346069 0.938232 0.015015 0.046265 -0.055420
0.401367 0.318726 0.947388 -0.016357 -0.001953 -0.022583
0.405273 0.317627 0.942993 -0.015869 -0.013428 0.024292
0.403931 0.316284 0.946289 -0.014160 -0.009644 0.039917
0.405151 0.303345 0.946777 -0.009155 -0.001221 0.039917
0.403931 0.292603 0.947388 -0.001343 0.001343 0.016479
0.397339 0.324341 0.950684 -0.002808 0.001709 0.020874
0.383911 0.317261 0.946045 -0.006836 0.001709 0.026367
0.404053 0.317749 0.945557 -0.004150 0.007813 0.014526
0.364624 0.328003 0.948486 -0.007080 -0.002197 0.034424
0.392212 0.305298 0.945068 -0.002808 -0.004761 0.017456
0.421875 0.301025 0.949341 -0.002075 -0.001465 -0.029175
0.411255 0.286011 0.949097 0.010010 0.010010 -0.036011
0.377686 0.306030 0.947144 0.022705 0.009766 -0.015991
0.313965 0.335693 0.963989 0.019043 -0.029053 0.055786
0.246216 0.268066 1.111816 0.038574 -0.096802 -0.061279
0.499878 0.189209 0.996094 0.127075 -0.210449 -0.208130
0.454224 0.317749 0.858521 0.136597 -0.156616 -0.266235
0.476196 0.364136 0.857544 0.083984 -0.097168 -0.200806
0.435547 0.411133 0.864502 0.059570 -0.046265 -0.148804
0.416382 0.426270 0.881226 0.017700 -0.015015 -0.091919
0.320190 0.424316 0.948975 -0.021240 -0.039673 -0.058960
0.332642 0.384277 0.974243 -0.048706 -0.103394 -0.057983
0.444702 0.322021 0.919189 -0.031372 -0.085571 -0.075806
0.437378 0.334473 0.900146 -0.014282 -0.051514 -0.056152
0.411987 0.331787 0.930176 0.000488 -0.038452 -0.044067
0.410278 0.325317 0.944824 0.020752 -0.046997 -0.060913
0.427246 0.340332 0.926147 0.030518 -0.058838 -0.097778
0.426514 0.363037 0.903076 0.024170 -0.057251 -0.099121
0.453003 0.391846 0.871582 0.008911 -0.031250 -0.090698
0.397095 0.433838 0.883057 -0.014893 -0.003662 -0.059326
0.361328 0.437500 0.908203 -0.048828 -0.008301 -0.010986
0.322998 0.410156 0.965088 -0.072754 -0.055054 -0.004639
0.440308 0.332886 0.918335 -0.054443 -0.054565 -0.017090
0.440063 0.353882 0.909912 -0.044678 -0.025146 -0.027832
