-0.277100 -0.052246 1.020874 -0.007935 -0.005981 -0.018677
-0.276733 -0.045410 1.013428 0.007568 -0.001221 -0.011108
-0.291138 -0.035278 1.011230 0.003174 -0.007324 -0.013916
-0.272827 -0.030029 1.021851 0.010742 0.001343 -0.002319
-0.276733 0.003540 1.015137 -0.013306 0.005249 0.004517
-0.295410 -0.028320 1.011597 -0.028442 -0.001099 -0.003052
-0.293457 -0.060547 1.006226 -0.010254 -0.002930 -0.027222
-0.299561 -0.050415 1.008057 0.003906 -0.010498 -0.033936
-0.292114 -0.003906 1.023193 0.007690 -0.015015 -0.041382
-0.271729 -0.001953 1.015869 -0.002686 -0.003784 -0.064697
-0.284912 -0.005127 1.035278 -0.026611 0.002319 -0.059448
-0.290405 -0.049438 1.019409 -0.028320 0.000488 -0.045776
-0.291260 -0.079468 0.997070 -0.004517 -0.005005 -0.043945
-0.317017 -0.049316 0.995605 0.004517 -0.020630 -0.058838
-0.305176 -0.016724 0.997437 0.001099 -0.041382 -0.048096
-0.313599 -0.027222 1.006104 0.005249 -0.052734 -0.039429
-0.296509 -0.063232 1.006836 0.013306 -0.065430 -0.017334
-0.287109 -0.078979 1.017334 0.048706 -0.075806 0.020630
-0.280151 0.006470 1.071289 0.025391 -0.056519 -0.012451
-0.254639 -0.013672 1.020752 0.055054 -0.029663 0.031372
-0.268799 0.023193 1.026855 0.032837 -0.011475 0.003174
-0.285645 0.009033 1.019531 0.004761 -0.013794 0.014771
-0.284790 -0.034180 1.028442 0.007324 -0.018799 0.032227
-0.279053 -0.012329 1.020752 0.008423 -0.024292 0.049561
-0.264160 0.002319 1.023315 0.003052 -0.015137 0.074463
-0.255005 -0.013428 1.023193 -0.006836 -0.007813 0.086792
-0.273682 -0.036865 1.024536 -0.021973 -0.015503 0.101440
-0.293213 0.030884 1.034180 0.003418 -0.000854 0.129028
-0.277344 -0.002319 0.981445 -0.155884 -0.053833 0.070557
-0.201172 -0.248657 1.047607 0.010376 0.038818 0.222534
-0.046753 -0.613525 1.075562 -0.046997 -0.010742 0.184204
-0.493286 -0.074463 1.044556 -0.138916 -0.084961 0.033936
-0.024292 -0.108032 1.002075 -0.014160 0.009766 0.131714
-0.287964 0.469116 0.971191 -0.189331 -0.052856 0.026978
-0.372192 0.023682 1.081421 -0.078247 0.000000 0.204468
0.107788 -0.490845 1.052246 -0.083496 -0.030151 0.271240
-0.079346 -0.032227 0.948242 -0.219116 -0.105103 0.184814
-0.071655 -0.183105 1.023438 -0.080078 -0.067505 0.219360
-0.699341 0.793091 1.024902 -0.305054 -0.212769 -0.159424
-0.073486 -0.222656 1.034302 0.013794 -0.004883 0.139526
-0.128906 -0.366943 1.047607 -0.060303 -0.023193 0.129883
-0.368286 0.123047 1.025024 0.009888 0.015991 0.085815
-0.317261 0.075806 1.028442 -0.036743 -0.016357 -0.019409
-0.237183 -0.034180 1.027100 -0.067749 -0.029053 -0.064453
-0.177612 -0.253540 1.039551 0.004517 0.002686 -0.004028
-0.017700 -0.282593 1.092773 0.175903 0.130005 0.183594
-0.259521 0.179810 1.139404 0.097412 0.162720 0.125977
-0.309448 0.222778 0.947266 -0.064941 0.150513 0.059326
-0.376587 0.122314 0.957397 -0.192383 0.059204 -0.031128
-0.296021 -0.076294 0.975952 -0.206421 0.024292 0.031494
-0.297729 -0.171021 1.009277 -0.151489 0.011475 0.033447
-0.368652 -0.148682 0.948486 -0.070068 -0.029663 0.046143
-0.308960 -0.095337 0.979370 -0.015747 -0.069824 0.035400
-0.267212 -0.014893 1.023315 -0.004761 -0.071533 0.020752
-0.245117 -0.024780 1.040283 -0.018677 -0.063965 0.006958
-0.255859 -0.048462 1.032349 -0.005615 -0.048096 -0.013672
-0.270996 -0.045288 1.023926 0.000366 -0.040405 -0.021851
-0.267456 -0.085571 1.018433 0.006958 -0.039673 -0.008545
-0.278442 -0.048828 1.019165 0.012451 -0.044189 0.010864
-0.252441 -0.053345 1.031860 0.015869 -0.037964 0.028931
-0.270996 -0.005249 1.029297 -0.000977 -0.039673 0.034790
-0.251709 -0.032227 1.027466 -0.005981 -0.037842 0.009399
-0.251343 -0.042236 1.037109 0.002075 -0.028931 -0.006348
-0.245117 -0.045044 1.024536 0.008423 -0.020996 -0.027710
-0.247681 -0.042114 1.021973 0.024902 -0.011841 -0.035400
-0.275391 -0.063843 1.005127 0.027222 -0.028076 -0.042236
-0.289307 -0.042847 1.019653 0.032593 -0.043213 -0.018555
-0.263794 -0.084229 1.024780 0.037964 -0.056885 0.018066
-0.200317 0.000977 1.085571 0.043579 -0.031982 0.036987
-0.253052 0.082520 1.019653 -0.008545 -0.021851 0.024048
-0.248413 0.025146 1.027710 -0.045288 -0.011108 -0.008911
-0.259033 -0.029907 1.027832 -0.055908 -0.012207 -0.018433
-0.254395 -0.081787 1.029297 -0.033813 -0.012085 -0.013672
-0.239258 -0.099121 1.026489 0.002441 -0.003540 0.020874
-0.284546 -0.023804 1.021851 0.005005 -0.010986 0.044189
-0.257568 -0.008057 1.029541 0.035522 0.002808 0.079468
-0.260498 0.024414 1.023193 -0.000244 -0.007324 0.034912
-0.252563 -0.013428 1.025391 -0.019409 -0.010376 0.002563
-0.263672 -0.027588 1.029907 -0.024536 -0.009033 0.008545
-0.261475 -0.031006 1.026367 -0.030884 -0.014893 0.011108
-0.141113 -0.155396 1.030518 -0.002319 -0.014404 0.062378
-0.298096 0.082520 1.021484 -0.033081 -0.009888 0.056274
-0.248779 -0.019775 1.028320 -0.013550 0.001709 0.064941
-0.341187 0.063843 1.016724 -0.109741 -0.054443 -0.020996
-0.277954 -0.012085 1.031738 0.018677 -0.001465 0.052612
-0.230103 -0.007813 1.030273 -0.024292 -0.012085 0.032959
-0.225342 -0.139038 1.029419 -0.091431 -0.034668 0.023315
-0.284546 -0.164551 1.063232 -0.013184 -0.015747 0.068726
-0.343994 0.029297 1.024170 -0.069946 -0.035156 0.029419
-0.357422 0.099243 1.029297 -0.048096 -0.033691 0.006104
-0.272095 0.029419 1.021362 -0.037109 -0.010864 0.002075
-0.264526 0.039307 1.032349 -0.042725 -0.001953 0.001831
-0.183472 -0.133057 1.026367 -0.132080 -0.050537 -0.131104
-0.288696 0.069702 1.028198 -0.052124 -0.026733 -0.066040
-0.003540 -0.320679 1.030762 -0.032593 -0.009155 0.027344
-0.007202 -0.373779 1.050537 0.033447 -0.006104 0.105103
-0.207031 0.111206 1.000000 -0.050293 -0.027100 0.026611
-0.179932 -0.153076 1.039917 -0.034058 -0.016602 0.058838
-0.390503 0.301636 0.939453 -0.154785 -0.061768 -0.002563
-0.213867 -0.270264 1.042969 -0.075195 -0.032715 0.054443
-0.260010 0.003052 1.015991 -0.072632 -0.023438 0.047485
-0.281494 0.279175 0.947876 -0.116577 -0.047974 0.033936
-0.176514 -0.145996 1.050293 0.031494 0.003418 0.183228
-0.244263 -0.091919 1.003784 -0.230347 -0.125854 -0.056641
-0.179810 -0.011841 1.007813 -0.112915 -0.032959 0.100708
-0.355957 0.089966 1.032593 -0.101807 -0.114990 0.038452
-0.424072 0.262573 1.017334 -0.033081 -0.056763 0.079956
-0.306519 0.230103 1.017822 -0.060913 0.000854 0.121948
-0.029907 -0.634155 1.089478 -0.042969 -0.032837 0.147217
-0.310791 0.000000 1.036987 -0.070435 -0.024902 0.069824
-0.237793 -0.150391 1.041504 0.012329 -0.016357 0.047363
-0.217773 0.054565 1.031128 0.001099 -0.015381 -0.018677
-0.199463 -0.032349 1.029541 -0.064087 -0.009277 -0.047119
-0.229248 -0.110474 1.035522 -0.058472 -0.005493 -0.009399
-0.230713 -0.107788 1.035767 -0.036133 -0.010254 -0.001953
-0.215088 -0.125000 1.033691 -0.004883 -0.005371 -0.004395
-0.215454 -0.092041 1.035400 0.032227 0.010376 0.050659
-0.195190 -0.032959 1.036133 0.023193 0.025024 0.084717
-0.102295 0.082642 1.134888 -0.026611 0.084595 0.062012
-0.196045 0.074219 1.097778 -0.097656 0.177368 -0.031982
-0.240967 -0.081909 1.008423 -0.099365 0.168457 -0.054321
-0.268677 -0.120850 1.009644 -0.061768 0.136963 -0.072998
-0.304565 -0.131470 0.996582 -0.047974 0.104736 -0.072266
-0.303223 -0.182007 0.975220 -0.003784 0.068359 -0.033569
-0.337402 -0.110962 0.981323 0.023682 0.022827 -0.020752
-0.300781 -0.061157 0.965088 0.031372 -0.028076 -0.033569
-0.244385 -0.041626 1.034546 0.014893 -0.038940 -0.037354
-0.235962 -0.025146 1.056152 -0.016357 -0.012451 -0.054443
-0.266357 -0.062622 1.010498 -0.025269 -0.015991 -0.071899
-0.266479 -0.074951 1.013062 -0.019287 -0.022095 -0.067139
-0.254517 -0.089355 1.019287 -0.020752 -0.023560 -0.060425
-0.247192 -0.138672 1.036377 -0.009399 -0.021851 -0.042114
-0.258057 -0.102295 1.018066 0.026733 -0.013428 -0.013794
-0.258545 -0.083008 1.018311 0.017944 -0.022461 -0.005737
-0.250122 -0.056641 1.029541 0.017822 -0.014282 -0.020142
-0.233398 -0.082886 1.032349 0.012451 -0.011230 -0.036011
-0.252075 -0.056152 1.026611 0.021240 -0.001953 -0.047485
-0.252075 -0.070435 1.034668 0.001831 -0.003662 -0.026733
-0.250854 -0.087891 1.025024 0.009399 0.007813 -0.022583
-0.251953 -0.094360 1.017212 0.018311 0.003662 -0.010376
-0.269287 -0.072266 1.017944 0.038208 0.005249 -0.034546
-0.263184 -0.038330 1.005493 0.036255 -0.004883 -0.063110
-0.249756 -0.052368 1.035522 0.028442 -0.005493 -0.090820
-0.263062 -0.045776 1.021973 0.017212 -0.010010 -0.105469
-0.243530 -0.089844 1.047119 -0.010132 -0.016724 -0.063599
-0.232544 -0.107422 1.034668 0.004395 0.000977 -0.026978
-0.271851 -0.059814 1.013550 -0.006958 -0.008179 -0.004028
-0.239380 -0.090576 1.033325 0.001709 -0.006104 -0.005615
-0.272461 -0.052856 1.019409 -0.016113 -0.012817 -0.004639
-0.260010 -0.080688 1.032715 -0.016968 -0.014038 0.005615
