-0.318604 -0.007813 1.005371 -0.024780 -0.007813 0.005005
-0.313965 -0.030640 1.010620 -0.011841 -0.014526 0.006470
-0.298096 -0.013428 1.012085 0.001953 -0.007813 0.028564
-0.310669 0.025391 1.007324 0.000854 -0.001221 0.028076
-0.321655 0.020264 1.005737 -0.018555 -0.007324 0.005371
-0.319946 -0.004639 1.001587 -0.022217 -0.009033 -0.009644
-0.333984 0.001587 1.017456 -0.013550 -0.012085 -0.014771
-0.301147 -0.005249 1.006714 -0.010620 -0.016479 -0.017090
-0.308716 0.010864 1.015381 -0.014648 -0.013550 -0.020508
-0.315063 0.008057 1.010742 -0.019409 -0.008301 -0.007324
-0.323730 0.001709 1.008667 -0.023193 -0.009155 -0.012573
-0.333496 0.038940 1.008179 -0.040894 -0.015503 -0.052368
-0.308716 -0.014160 1.010132 -0.052612 -0.019409 -0.050171
-0.296387 -0.061646 1.009033 -0.036377 -0.010986 -0.008545
-0.319824 -0.038208 1.011230 0.005127 0.001099 0.041382
-0.319946 0.042236 1.011597 0.003418 -0.005127 0.037842
-0.340454 0.034180 1.013550 -0.018188 -0.015747 0.019165
-0.327026 0.017700 1.013062 -0.031250 -0.025757 0.003296
-0.285278 -0.052002 1.015259 -0.027344 -0.025879 0.031006
-0.367676 -0.148682 1.049561 -0.151123 -0.067993 -0.016724
-0.282227 -0.062744 0.998291 -0.096191 -0.053589 0.037109
-0.374268 0.149292 1.019165 0.028076 0.012451 0.123779
0.012817 -0.355957 0.957886 -0.202637 -0.071289 -0.032104
-0.184204 -0.488525 1.043579 -0.162720 -0.064575 0.106079
-0.210327 0.309570 0.952271 -0.209106 -0.084595 0.143433
-0.173096 0.386475 1.023804 -0.144287 -0.096924 0.123779
-0.144531 -0.254517 1.003784 -0.144653 -0.057739 0.045288
-0.177002 0.254639 0.910889 -0.113037 -0.037842 0.077515
-0.523193 0.048828 1.016113 -0.223755 -0.061890 0.111328
-0.473999 0.321411 1.029297 -0.074341 -0.028442 0.240845
-0.277100 -0.115112 1.040283 -0.018921 0.005127 0.247803
-0.352295 0.081787 1.012939 0.010010 0.024048 0.060547
-0.400146 0.212280 1.004395 0.025391 0.030518 0.010132
-0.298096 -0.023315 1.020264 -0.064697 -0.006592 -0.053101
-0.298828 -0.086426 1.017944 -0.060059 -0.018188 -0.068481
-0.259277 -0.231445 1.023804 0.004150 -0.007202 -0.030884
-0.227905 -0.455933 1.071533 0.196411 0.041382 0.220459
-0.237061 0.235352 1.159424 0.232178 0.141968 0.209961
-0.328369 0.254761 0.960083 0.004395 0.167480 0.050171
-0.377319 0.121460 0.918213 -0.136963 0.086060 -0.022705
-0.358276 0.012451 0.980103 -0.157837 0.045532 -0.005127
-0.377930 -0.132080 0.964478 -0.169434 0.014648 0.005981
-0.384399 -0.178711 0.936401 -0.086182 -0.027100 0.062500
-0.351318 -0.102295 0.968262 -0.006958 -0.073120 0.104736
-0.292847 -0.030518 1.029541 0.026245 -0.090210 0.063477
-0.271484 0.020142 1.036011 0.015747 -0.062012 0.038208
-0.250854 0.017578 1.057007 0.000244 -0.023560 0.026489
-0.294312 -0.002808 1.020020 -0.025391 0.005981 0.029175
-0.323242 -0.040527 0.993042 -0.040894 0.006104 0.045288
-0.340088 -0.070190 0.980225 -0.021973 -0.010010 0.036621
-0.336914 -0.041870 0.990845 0.001099 -0.029053 0.023560
-0.308105 -0.031860 0.998413 0.020508 -0.043457 0.024902
-0.291382 0.007446 1.025146 0.017700 -0.036011 0.012207
-0.292969 0.013062 1.031494 -0.001221 -0.018555 -0.010742
-0.304565 -0.013916 1.009277 -0.019897 -0.013550 -0.011475
-0.312866 -0.042603 0.998657 -0.018799 -0.024170 -0.019775
-0.311646 -0.047485 1.004761 -0.007568 -0.033325 -0.024780
-0.318726 -0.048218 1.011230 0.002319 -0.038452 -0.005127
-0.307983 -0.046265 0.996826 0.009033 -0.041870 -0.002563
-0.294678 -0.004028 1.017578 0.016846 -0.051270 -0.005737
-0.276611 -0.008667 1.024170 0.010132 -0.037354 -0.012573
-0.305664 -0.000977 1.000000 -0.003540 -0.035156 -0.022217
-0.297119 -0.017456 1.020020 -0.016968 -0.044312 -0.042969
-0.279419 0.012207 1.035522 -0.023560 -0.033447 -0.070190
-0.297241 0.035522 1.012573 -0.029541 -0.017212 -0.042358
-0.276245 -0.071045 1.015991 -0.041992 -0.012451 -0.022217
-0.301392 -0.052979 1.015381 -0.022095 -0.010132 -0.002319
-0.287354 -0.038818 1.017334 -0.009766 -0.012451 0.004150
-0.284058 -0.019409 1.018311 -0.006592 -0.009521 0.013184
-0.289307 -0.017456 1.018311 -0.015747 -0.007080 -0.005981
-0.301880 -0.034058 1.013672 -0.016479 -0.003662 0.000488
-0.293335 -0.058105 1.021973 -0.004761 -0.008423 0.010376
-0.282959 -0.050537 1.016113 0.008789 -0.009033 0.005615
-0.280518 -0.006226 1.008667 0.013062 -0.002319 0.031494
-0.311523 0.021362 1.012329 -0.001587 0.004272 0.045410
-0.300171 -0.020386 1.014282 -0.016357 -0.001221 0.041748
-0.305908 -0.052856 1.017334 -0.005981 -0.008057 0.031738
-0.296387 -0.063599 1.017700 0.023682 -0.015015 0.041382
-0.285034 -0.015259 1.012207 0.039917 -0.014282 0.046753
-0.271118 0.034790 1.009155 0.029297 -0.005127 0.073853
-0.288086 0.034058 1.009644 -0.008667 0.001953 0.050659
-0.345703 0.058594 1.022827 -0.035645 -0.002808 0.050049
-0.409058 -0.160034 1.029907 -0.163086 -0.058594 -0.080078
-0.389160 0.146606 1.013184 0.066650 -0.002075 0.058105
-0.288818 0.060791 1.015381 0.011230 -0.011597 0.033569
-0.255371 0.027588 1.014160 -0.001465 0.000732 0.037109
-0.283691 -0.014893 1.016113 -0.023315 0.009155 0.010864
-0.357422 0.122559 1.032471 -0.035400 0.005859 0.013672
-0.152710 0.022827 1.016846 -0.005493 -0.007935 0.026978
-0.321777 -0.134399 1.015503 -0.095337 -0.036743 -0.037842
-0.407837 0.171997 1.026978 0.008057 -0.008057 0.070435
-0.090454 -0.446167 1.023682 -0.074341 -0.045532 -0.033447
-0.314209 0.094971 1.020630 0.017456 0.012695 0.067627
-0.299438 0.098999 1.006714 -0.085449 -0.037109 0.006348
-0.063232 -0.388184 1.013062 -0.084961 -0.048828 0.009033
-0.360107 0.182495 0.997925 -0.090698 -0.053101 -0.011597
-0.372559 0.148193 1.013306 0.012207 0.002930 0.080200
-0.237183 0.017578 0.981445 -0.090576 -0.045898 -0.018921
-0.171875 -0.079468 1.001953 -0.076538 -0.051514 0.026978
-0.416626 0.307495 1.025024 0.012573 0.024048 0.107056
-0.137207 -0.281006 1.007813 -0.099976 -0.040527 0.036987
-0.232544 -0.213623 1.030151 -0.041748 -0.016235 0.066406
-0.398804 -0.228027 1.049927 -0.142578 -0.026855 -0.058716
-0.326416 -0.280029 1.088135 -0.145142 -0.049805 -0.118896
-0.286011 -0.257935 1.050659 -0.138184 -0.049805 -0.041870
-0.517456 0.066528 1.026001 -0.123779 -0.071899 -0.044067
-0.451050 0.626953 0.949951 -0.012573 0.013794 0.104370
-0.007080 -0.415649 1.054199 -0.190308 -0.085938 -0.006836
-0.435791 0.056519 1.032837 -0.038208 -0.006348 0.073730
-0.300171 -0.196289 1.039307 -0.011719 -0.001709 0.033936
-0.264771 0.016602 1.023315 -0.017700 -0.009888 -0.044067
-0.280518 -0.046631 1.019531 -0.039429 -0.005859 -0.050293
-0.275757 -0.080566 1.019775 -0.039429 -0.008667 -0.036865
-0.285400 -0.059570 1.021118 -0.031006 -0.015625 -0.046265
-0.277832 -0.054810 1.023438 -0.036011 -0.024902 -0.085205
-0.228638 -0.143066 1.017822 -0.013062 -0.011475 -0.000488
-0.246460 -0.081177 1.017944 0.020386 0.004883 0.074463
-0.285156 0.023682 1.016235 0.006104 0.009888 0.063965
-0.301392 -0.027222 1.016968 -0.044556 -0.003052 -0.015991
-0.295532 -0.081421 1.019897 -0.037598 -0.015869 -0.059082
-0.256104 -0.085938 1.019043 -0.023193 -0.020142 -0.051392
-0.249390 -0.067749 1.019409 -0.013794 -0.009033 -0.018433
-0.276001 -0.041382 1.019287 -0.023682 -0.001709 -0.017944
-0.296387 -0.053589 1.024414 -0.033813 -0.007202 -0.039063
-0.262451 -0.107910 1.020264 -0.037231 -0.023804 -0.076050
-0.247803 -0.090820 1.017456 -0.023315 -0.019287 -0.040894
-0.254761 -0.052246 1.018921 -0.013794 -0.001465 0.027222
-0.285522 -0.038208 1.020386 -0.013672 0.012207 0.076416
-0.258545 0.002563 1.019897 -0.032227 0.014526 0.089233
-0.255493 0.089966 1.015259 -0.106201 0.042603 0.068848
-0.091675 -0.156494 1.225464 -0.225586 0.129517 -0.012085
-0.139038 0.059204 1.235718 -0.126709 0.289185 -0.062988
-0.374756 0.084229 0.930542 -0.254517 0.268188 -0.219604
-0.335449 -0.113525 0.854248 -0.267334 0.160645 -0.138672
-0.383179 -0.097290 0.936523 -0.271606 0.089111 -0.118652
-0.369507 -0.265625 0.923584 -0.250610 0.048950 -0.166748
-0.379395 -0.297607 0.912354 -0.114502 0.005493 -0.122437
-0.368286 -0.247314 0.955200 -0.009766 -0.054321 -0.084961
-0.286499 -0.199585 1.012939 0.046143 -0.064575 -0.046021
-0.271851 -0.125732 1.034424 0.058716 -0.037476 -0.020264
-0.274536 -0.058716 1.026123 0.028442 -0.004761 -0.020386
-0.313965 -0.133179 1.000488 0.004517 -0.001709 -0.053223
-0.323486 -0.173096 0.986816 0.016846 -0.003540 -0.052246
-0.328491 -0.164551 0.982910 0.039795 -0.015503 -0.047241
-0.346069 -0.161499 0.983154 0.075684 -0.033813 -0.054810
-0.330078 -0.162964 0.973633 0.130005 -0.058350 -0.070557
-0.287476 -0.145386 1.019653 0.141968 -0.060669 -0.000732
-0.229736 -0.084961 1.035156 0.151123 -0.019531 0.072998
-0.251465 -0.032959 1.034790 0.137451 0.020630 -0.034546
-0.296753 0.009521 0.993896 0.132813 0.046021 -0.099854
