-0.361206 -0.017822 0.996338 0.000244 0.001465 -0.007813
-0.353638 0.008179 1.001099 -0.000244 0.005005 -0.009277
-0.359985 -0.003662 0.984619 -0.008179 0.006226 0.007813
-0.374878 -0.034668 0.981201 -0.010620 -0.003906 0.000854
-0.376465 -0.020508 0.980835 0.004517 -0.017944 -0.005249
-0.363403 -0.003662 0.983276 -0.002808 -0.031982 -0.012207
-0.341675 0.007568 0.997437 -0.000610 -0.033569 -0.014404
-0.351440 -0.005615 0.996216 -0.003540 -0.030396 -0.023560
-0.346924 -0.033691 0.988403 -0.005859 -0.027466 -0.025391
-0.343140 -0.021118 0.997437 0.002319 -0.032104 0.002441
-0.347534 -0.028564 0.994873 0.007202 -0.026245 0.007446
-0.372192 -0.006348 0.974365 0.007080 -0.031494 0.007202
-0.389160 -0.005127 0.974243 0.002686 -0.053223 0.015137
-0.399414 -0.014893 0.958984 0.004272 -0.090576 -0.000977
-0.375122 -0.060181 0.983276 0.024414 -0.122192 -0.019409
-0.336670 -0.064453 1.010010 0.062866 -0.136108 0.011841
-0.291992 -0.019165 1.037842 0.085205 -0.129517 0.028809
-0.335449 0.082886 0.991211 0.074951 -0.046631 0.004272
-0.304199 0.061523 1.002686 0.041748 -0.015503 0.032959
-0.319214 0.067017 0.996338 0.007324 -0.009766 0.033203
-0.239990 -0.019653 1.001221 -0.050781 -0.016113 0.028687
-0.315796 0.018311 1.002808 -0.057739 0.010376 0.036743
-0.334106 -0.038452 1.010254 -0.055054 0.009644 0.022949
-0.164307 -0.269165 0.989868 -0.075439 -0.013184 0.018311
-0.172852 -0.196045 0.956055 -0.183594 -0.045654 -0.072388
-0.462036 -0.083374 1.062500 -0.057129 0.003052 0.171753
-0.432251 0.183472 1.067627 -0.088745 -0.013062 0.135742
-0.244141 0.076172 0.972412 -0.052002 -0.033203 0.134033
-0.471436 0.577148 0.959839 -0.051392 0.004028 0.061890
-0.189697 0.153198 0.953979 -0.082275 -0.002808 0.121826
-0.823730 -0.067505 1.071533 -0.231445 -0.051514 -0.026489
-0.236694 -0.226563 1.094971 -0.201660 -0.080688 0.080566
-0.264526 0.421875 0.925049 -0.175537 -0.104126 0.058228
-0.847534 0.435913 0.973755 -0.092773 -0.026001 0.139771
-0.226196 0.003418 0.981323 -0.013062 -0.006836 0.149658
-0.177368 -0.109741 1.011597 -0.005249 -0.009155 0.092407
-0.312256 0.024292 1.002686 -0.002441 0.011230 0.031372
-0.324829 -0.016113 1.013306 -0.028564 0.007446 -0.003540
-0.345581 -0.035034 1.009399 -0.027344 -0.000488 -0.019653
-0.328003 -0.023682 1.004761 -0.012817 -0.009888 -0.051514
-0.309448 0.000610 1.005371 -0.027222 -0.011475 -0.080811
-0.289917 -0.054443 1.001587 -0.040161 -0.003784 -0.104004
-0.281250 -0.150635 1.012939 -0.013184 0.017578 -0.049805
-0.238892 -0.239746 1.019653 0.111328 0.073853 0.122070
-0.217407 0.105591 1.167969 0.162231 0.151733 0.139771
-0.404053 0.223389 0.965210 0.052612 0.207153 0.043701
-0.435791 0.147461 0.911499 -0.085938 0.117188 -0.061768
-0.441040 0.039673 0.940552 -0.106323 0.054810 -0.002808
-0.397827 -0.067505 0.940308 -0.123657 -0.005127 -0.016846
-0.348145 -0.102295 0.994141 -0.067871 -0.021484 0.020630
-0.354492 -0.072998 0.979248 -0.026733 -0.023193 0.038086
-0.358521 -0.034668 0.973877 -0.009277 -0.043823 0.042236
-0.316528 -0.011230 1.019165 -0.017578 -0.050415 0.042358
-0.322144 -0.016602 1.006714 -0.021729 -0.031372 0.042969
-0.323486 -0.018066 1.016968 -0.030029 -0.017456 0.034668
-0.338013 -0.012329 0.988892 -0.020752 -0.007324 0.019653
-0.335083 -0.027954 1.012451 -0.023315 -0.006592 0.012329
-0.358887 -0.042236 0.988159 -0.021362 -0.008423 0.005981
-0.352661 -0.044922 0.992310 -0.018555 -0.022705 0.013428
-0.351929 -0.037476 0.990356 -0.006592 -0.032104 0.023682
-0.340088 -0.034668 0.993896 0.009399 -0.040527 0.031128
-0.337646 -0.011230 0.993164 0.010376 -0.043823 0.010742
-0.344238 -0.008911 0.979980 0.011230 -0.049805 -0.004395
-0.351685 -0.018799 0.992676 0.014282 -0.064209 -0.011353
-0.338013 -0.029785 0.986206 0.018677 -0.083252 -0.016235
-0.311279 -0.056885 1.018677 0.020508 -0.088989 0.016846
-0.289429 0.019043 1.007324 0.014404 -0.031616 0.005371
-0.275024 0.031494 1.010742 -0.035767 -0.019775 0.001709
-0.315430 -0.037354 1.001221 -0.059082 -0.008301 -0.003540
-0.331543 -0.074585 1.007446 -0.040894 -0.011108 -0.003784
-0.321655 -0.069092 1.005127 -0.008301 -0.015015 0.012573
-0.325195 -0.018433 1.007202 0.013306 -0.016602 0.023682
-0.319946 0.008911 1.005981 0.008423 -0.014404 0.021484
-0.318726 0.012329 1.005981 -0.010254 -0.011841 0.001343
-0.324097 -0.004639 1.002197 -0.021973 -0.008667 -0.008057
-0.326782 -0.016113 1.010132 -0.022827 -0.005737 0.003784
-0.320923 -0.019409 1.006958 -0.023926 -0.005371 0.011841
-0.334351 -0.019897 1.004150 -0.022705 -0.003174 0.023315
-0.316040 -0.030762 1.011597 -0.017578 -0.005249 0.019165
-0.319458 -0.030884 1.006226 -0.008911 -0.003174 0.032471
-0.317871 -0.022949 1.008423 -0.006714 -0.004395 0.036865
-0.316406 -0.015137 1.005127 -0.005981 -0.004028 0.046875
-0.304688 -0.016602 1.008545 -0.006348 0.005493 0.038696
-0.332886 0.016602 1.003540 -0.030029 -0.000366 0.023071
-0.128540 -0.305664 1.006104 -0.087036 -0.045776 -0.030884
-0.294678 -0.016846 1.001221 -0.005005 -0.004761 0.020264
-0.345703 0.046021 1.006226 -0.033813 -0.005005 0.008545
-0.349365 0.021729 1.001953 -0.038452 -0.003296 0.033691
-0.266479 -0.021851 0.996460 -0.011353 -0.015015 -0.021240
-0.552368 0.317017 0.974854 -0.054321 -0.020996 0.013916
-0.248535 -0.101807 1.012207 0.003906 -0.009644 0.055542
-0.304321 -0.116089 1.014282 -0.054321 -0.014526 0.006836
-0.332153 0.033203 1.000244 -0.007080 0.000610 0.029053
-0.322632 0.002441 0.995483 -0.066040 0.004272 0.019043
-0.200928 -0.177368 0.984741 -0.149292 -0.065796 -0.092407
-0.356812 0.061401 1.006226 0.049683 0.019531 0.113403
-0.343384 0.087646 1.003052 0.017944 0.017700 0.057617
-0.241699 -0.445435 1.019409 -0.152954 -0.043945 -0.090576
-0.408081 0.192383 0.982422 -0.028687 0.001709 0.030029
-0.281738 -0.098267 1.046631 -0.124268 -0.055786 -0.024780
-0.274292 0.035522 1.012573 -0.027832 -0.014771 0.096191
-0.198242 -0.366455 1.023193 -0.139526 -0.044800 -0.004883
-0.352539 -0.073486 0.999878 -0.071777 -0.048950 -0.007690
-0.380249 0.281372 0.991211 -0.004272 0.015137 0.081543
-0.179443 -0.204468 0.995605 -0.110840 -0.045288 0.013916
-0.329956 -0.230835 1.047607 -0.118896 -0.032349 0.041748
-0.485962 0.246338 1.010132 -0.067017 -0.013794 0.056396
-0.443115 -0.062866 1.030273 -0.046753 -0.016724 0.052856
-0.249878 -0.111206 1.017700 -0.006104 -0.019165 0.095337
-0.698975 0.133667 1.062012 -0.145142 -0.027710 0.043701
-0.337646 -0.222656 1.031128 -0.047852 -0.004272 0.100342
-0.306030 0.058472 1.002197 0.040894 0.011230 0.100586
-0.340210 0.116577 1.010132 -0.033203 -0.002197 0.002686
-0.234741 0.020630 1.008667 0.028809 -0.001099 0.077759
-0.301514 -0.040894 1.007935 0.007690 -0.003296 0.035156
-0.345703 0.033936 1.018677 -0.011230 -0.001221 0.062378
-0.183838 -0.606445 1.013550 -0.185059 -0.095947 -0.108398
-0.374146 0.069824 1.006226 -0.000854 -0.011841 -0.049194
-0.286987 -0.068848 1.011719 -0.012207 -0.015137 -0.035400
-0.309448 -0.025635 1.005737 -0.011719 -0.005493 -0.026978
-0.304932 -0.039673 1.008423 -0.024780 -0.000977 -0.023926
-0.318726 -0.058594 1.011963 -0.030273 -0.007446 -0.027832
-0.323486 -0.043335 1.012085 -0.022217 -0.011230 -0.037842
-0.301758 -0.041016 1.008545 -0.033569 -0.019775 -0.081543
-0.307861 -0.052856 1.009399 -0.034668 -0.017578 -0.073242
-0.299072 -0.061523 1.012695 -0.032471 -0.017090 -0.078857
-0.307617 -0.088013 1.014160 -0.014038 -0.005493 -0.029175
-0.296509 -0.072632 1.009888 0.005737 0.003174 0.024658
-0.303955 -0.023315 1.005859 0.000244 0.002686 0.031982
-0.300903 -0.041626 1.014526 -0.020020 0.001221 0.018066
-0.322998 -0.048218 1.015747 -0.023193 0.001343 0.027588
-0.317871 -0.072510 1.009888 -0.015015 -0.002319 0.023193
-0.317017 -0.053711 1.009521 -0.012207 -0.007568 -0.004028
-0.306519 -0.039551 1.006226 -0.023071 -0.013794 -0.039917
-0.301514 -0.055420 1.008179 -0.030762 -0.010742 -0.040405
-0.318848 -0.061646 1.007568 -0.032837 -0.009155 -0.045166
-0.311523 -0.088257 1.012451 -0.027222 -0.016602 -0.055298
-0.291626 -0.077759 1.006958 -0.017944 -0.017090 -0.040161
-0.298340 -0.065918 1.007935 -0.013062 -0.007324 -0.015869
-0.294312 -0.035034 1.012329 -0.015381 0.004272 0.017334
-0.289795 -0.028198 1.010864 -0.042480 0.013184 0.034424
-0.296143 -0.050781 1.014404 -0.053101 0.035522 0.051270
-0.316895 -0.091553 1.108887 -0.061890 0.041504 0.024170
-0.075562 -0.056641 1.160034 -0.062256 0.158569 -0.066650
-0.383789 0.095459 0.969727 -0.144409 0.233276 -0.138184
-0.426025 0.072754 0.942627 -0.212524 0.203735 -0.242432
-0.395874 -0.135864 0.927246 -0.199585 0.132568 -0.216675
-0.420654 -0.221436 0.919434 -0.155029 0.072266 -0.143188
-0.407593 -0.249146 0.930908 -0.082275 0.011108 -0.084473
-0.375854 -0.201782 0.964111 -0.014771 -0.038452 -0.037964
