0.436890 0.265015 0.949097 -0.015259 0.000000 -0.017090
0.424194 0.264893 0.943237 -0.009644 0.004639 -0.025146
0.428467 0.272461 0.942261 -0.006348 0.009521 -0.034424
0.440186 0.283691 0.942749 -0.002808 0.014648 -0.036865
0.419922 0.292114 0.942505 -0.003540 0.015503 -0.053101
0.375244 0.303467 0.944336 -0.016235 -0.002686 -0.056152
0.382324 0.341187 0.947998 -0.048096 -0.030396 -0.032837
0.425415 0.276489 0.940308 -0.056519 -0.042603 -0.016846
0.455688 0.256104 0.943604 -0.040405 -0.029053 -0.011597
0.419922 0.252686 0.942993 -0.023071 -0.018677 0.010132
0.436157 0.266846 0.944702 -0.011841 -0.022949 0.025269
0.426636 0.289185 0.938477 -0.008911 -0.020630 0.039185
0.421753 0.304321 0.941528 -0.021118 -0.017944 0.011963
0.410522 0.305420 0.941650 -0.036987 -0.028076 0.038818
0.421753 0.285278 0.945557 -0.050781 -0.040039 0.055298
0.441772 0.240601 0.944580 -0.025391 -0.033325 0.091187
0.382202 0.287354 0.943970 -0.003784 -0.010498 0.098755
0.334229 0.224976 0.941528 0.007690 -0.014404 0.109985
-0.055786 0.621826 0.865234 0.058960 0.117188 -0.005371
0.683594 0.098999 0.978149 0.060181 0.057617 0.017334
0.497314 0.260010 0.954834 -0.007568 -0.022705 0.041504
0.653809 0.125488 0.963379 0.082520 0.072021 0.016968
0.063232 0.701904 0.912842 0.119019 0.151123 0.114136
0.928467 -0.066406 0.898193 0.140015 0.180664 0.144653
0.813599 -0.017090 0.916870 0.172852 0.241211 0.053101
-0.199463 0.703003 0.967163 0.052979 0.087402 0.239014
0.138428 0.600098 0.936890 0.099365 0.134277 0.210693
0.064331 0.336304 0.912964 0.191650 0.200195 0.231567
0.406128 0.699463 0.971680 0.103760 0.176392 0.168457
0.609497 -0.029907 0.920410 0.119385 0.136475 0.074219
0.327759 0.366211 0.949707 -0.053589 -0.037598 0.139038
0.478271 0.225586 0.953613 -0.019653 -0.025146 0.029785
0.428711 0.280640 0.951782 0.001831 -0.003418 -0.049805
0.315308 0.347778 0.954468 -0.007080 -0.019653 -0.012207
0.261230 0.359375 0.956421 -0.039673 -0.100098 0.142090
0.261719 0.184326 1.313843 0.073486 -0.277466 0.068848
0.680176 0.034058 0.898193 0.268677 -0.158936 -0.139404
0.573364 0.360474 0.750977 0.267334 -0.006470 -0.139771
0.512085 0.397339 0.827881 0.188721 0.038574 -0.055542
0.426147 0.475952 0.806763 0.135010 0.112183 0.028931
0.369629 0.488525 0.870605 0.027954 0.102661 0.125244
0.363281 0.407349 0.932251 -0.042725 0.062988 0.140137
0.385376 0.367554 0.921997 -0.085815 0.044067 0.112061
0.379272 0.335693 0.930176 -0.118530 0.036987 0.116089
0.414307 0.255615 0.965576 -0.117432 0.011230 0.078369
0.393677 0.261597 0.986084 -0.067627 -0.008667 0.023315
0.415161 0.282349 0.955322 -0.048096 -0.023682 -0.029297
0.415894 0.342163 0.927612 -0.057129 -0.025269 -0.039429
0.407959 0.368774 0.916626 -0.084106 -0.015015 -0.012817
0.413696 0.365723 0.903320 -0.122314 -0.004150 0.020264
0.393555 0.363403 0.933228 -0.161011 0.003174 0.041748
0.412598 0.315186 0.930054 -0.194092 -0.006836 0.034668
0.409302 0.268433 0.985229 -0.174438 -0.001831 0.024902
0.381348 0.214600 0.949951 -0.071533 -0.024902 -0.020142
0.392700 0.233032 0.958984 -0.015625 -0.015259 -0.018311
0.411133 0.308228 0.945068 -0.010498 -0.001831 -0.030273
0.364868 0.354370 0.952148 -0.046509 -0.013184 -0.018799
0.400024 0.303101 0.949341 -0.074829 -0.036011 0.017700
0.445068 0.235596 0.957153 -0.057007 -0.025757 0.014771
0.452393 0.231812 0.952637 -0.019409 0.008301 -0.025269
0.422119 0.243042 0.950684 0.009888 0.022461 -0.031006
0.383057 0.289673 0.952637 0.020752 0.017334 0.025757
0.368286 0.314087 0.950684 0.014648 0.000610 0.076172
0.401978 0.306519 0.955688 0.001709 -0.003784 0.055298
0.585693 0.135132 0.926758 0.072021 0.073853 0.027832
0.634888 -0.041626 0.874390 0.083130 0.080811 0.108276
0.930542 0.090332 0.930298 0.080322 0.172363 0.020264
0.691284 0.123535 0.943726 0.110107 0.123169 0.067139
0.185303 0.600098 0.931763 0.053589 0.103760 0.026611
0.026367 0.473389 0.908447 0.085693 0.149414 0.014404
-0.017578 0.344604 0.940552 -0.030151 -0.024292 0.133789
-0.121094 0.469604 0.862915 0.169922 0.228149 -0.003784
0.727783 -0.115234 0.993408 0.041748 0.069458 0.079468
-0.032104 0.550171 0.944702 -0.043945 0.008911 0.130615
0.061646 0.652344 0.923706 0.029541 0.053711 0.093140
0.562622 0.334717 0.992310 0.089722 0.150879 0.099731
0.204956 0.402466 0.956421 0.034546 0.075806 0.079834
0.532349 0.149414 0.975830 0.023315 0.059448 0.029541
0.404053 0.143799 0.962769 -0.007690 -0.019165 0.050049
0.205322 0.401001 0.961914 0.022461 0.019775 0.088867
0.360596 0.256592 0.973999 0.028931 0.024414 0.091797
-0.512939 0.890991 0.906372 0.022827 0.109619 0.077148
-0.079224 0.615112 0.901001 0.026245 0.046265 0.015015
0.478882 0.153198 0.964233 -0.055786 -0.054688 0.008667
0.433838 0.223633 0.963379 -0.000854 0.006226 -0.081787
0.349731 0.308838 0.968018 0.010498 0.025635 -0.080322
0.332520 0.355103 0.961182 -0.010376 0.007324 -0.013428
0.332275 0.307251 0.961060 -0.012573 0.007202 -0.005493
0.334351 0.308716 0.967407 -0.000854 0.001953 -0.005859
0.344849 0.308716 0.965820 0.005859 -0.006958 -0.005371
0.306763 0.310669 0.967041 0.022217 -0.021362 0.090698
0.374146 0.315308 0.964233 0.027832 -0.045288 0.173096
0.499756 0.406616 1.083374 0.000854 0.015015 0.132080
0.203369 0.175659 1.057251 0.123291 -0.080933 -0.024048
0.396362 0.263550 0.931885 0.148682 -0.051025 -0.109741
0.311157 0.368408 0.958374 0.102783 -0.088989 -0.117432
0.370117 0.393066 0.929199 0.083008 -0.081055 -0.080078
0.358032 0.399170 0.900513 0.047363 -0.073120 -0.053101
0.380981 0.358887 0.891235 0.008179 -0.066040 -0.069702
0.405884 0.361328 0.919556 0.014771 -0.033325 -0.063843
0.372437 0.393555 0.925049 -0.005127 -0.036011 -0.078369
0.277466 0.388550 0.972168 -0.026367 -0.069580 -0.066162
0.369507 0.304443 0.943359 -0.014771 -0.056885 -0.057129
0.386353 0.336670 0.925171 0.002686 -0.022583 -0.054688
0.373779 0.364136 0.926514 0.005615 -0.012573 -0.038208
0.333008 0.385864 0.944214 -0.010254 -0.026123 -0.039551
0.337891 0.375977 0.952148 -0.028320 -0.063599 -0.045166
0.337036 0.348877 0.977173 -0.038818 -0.105103 -0.067139
0.396362 0.320801 0.943604 -0.018921 -0.097412 -0.105713
0.415161 0.317383 0.928955 0.014282 -0.065552 -0.092529
0.399536 0.371826 0.908936 0.031738 -0.015503 -0.103394
0.365967 0.436890 0.894165 -0.005005 -0.008667 -0.081909
0.346802 0.404419 0.892334 -0.051636 -0.020630 -0.090820
0.380859 0.372314 0.926880 -0.078247 -0.033936 -0.117188
0.381470 0.367065 0.938965 -0.088135 -0.036499 -0.163086
0.341431 0.327026 0.964722 -0.061401 -0.027466 -0.125854
0.366089 0.372681 0.938721 -0.045166 -0.008423 -0.108521
0.346558 0.348145 0.956909 -0.026855 -0.002686 -0.071777
0.347534 0.378540 0.937622 -0.019287 0.002197 -0.048340
0.363037 0.383789 0.921387 -0.017334 0.009033 -0.028687
0.337402 0.394531 0.935425 -0.035889 -0.003906 -0.024048
0.364014 0.391357 0.922607 -0.048828 -0.004272 -0.017090
0.382080 0.375854 0.934448 -0.067017 -0.007935 0.004395
0.350952 0.369629 0.960083 -0.062134 -0.014038 -0.011719
0.343262 0.322266 0.958740 -0.051025 -0.023804 -0.034668
0.352661 0.345215 0.954590 -0.025879 -0.019287 -0.029907
0.351929 0.354980 0.954468 -0.017822 -0.018677 -0.015991
0.370117 0.364624 0.938721 0.002686 -0.004272 -0.005005
0.343994 0.384399 0.920288 -0.014648 -0.000488 0.017090
0.355347 0.381714 0.943604 -0.027954 0.002075 0.022461
0.365967 0.336426 0.945679 -0.025879 -0.004028 0.019531
0.356201 0.349731 0.942993 -0.016113 0.000366 0.017456
0.365967 0.359253 0.952393 -0.018433 -0.002686 0.007813
0.365723 0.357910 0.942261 -0.009766 0.001587 0.002075
0.348511 0.363159 0.943970 -0.009277 -0.004639 0.003906
0.353760 0.362183 0.955200 -0.011719 -0.009155 -0.004517
0.349854 0.375854 0.925781 -0.012085 -0.005615 0.007080
0.351685 0.375977 0.955322 -0.017090 -0.008911 -0.000854
0.369019 0.339233 0.941040 -0.011230 -0.010986 -0.014160
0.358032 0.365723 0.937256 -0.008545 -0.005493 -0.007568
0.363770 0.374634 0.948853 -0.008423 -0.003296 -0.017944
0.348999 0.368286 0.935181 -0.010864 -0.006470 -0.015259
0.350952 0.374512 0.935791 -0.015381 -0.003662 -0.002686
0.342529 0.382690 0.944946 -0.023315 -0.006714 -0.001099
0.365234 0.362549 0.939209 -0.021484 -0.006958 -0.000610
0.355591 0.358765 0.959229 -0.016968 -0.009888 0.005737
0.359253 0.354736 0.960938 -0.017456 -0.011841 -0.000122
0.358643 0.359253 0.935547 -0.007202 -0.007813 -0.000977
0.360107 0.377319 0.939941 -0.008911 -0.003174 0.005249
0.339233 0.384155 0.936279 -0.021362 -0.004272 0.013428
