0.480591 0.291382 0.917236 -0.020020 -0.008911 0.004395
0.490601 0.298828 0.902222 -0.011353 -0.006714 0.005737
0.476685 0.320679 0.896362 -0.015869 0.002319 0.003784
0.473389 0.321167 0.907593 -0.026978 0.007935 0.006592
0.477051 0.316284 0.899902 -0.031250 0.008911 0.012329
0.480347 0.317505 0.897827 -0.034424 0.010742 0.013184
0.472656 0.296753 0.913452 -0.040894 0.011108 0.023804
0.468872 0.302124 0.924316 -0.039063 0.004883 0.041504
0.491943 0.291260 0.904175 -0.033813 0.003296 0.054688
0.468628 0.317383 0.898315 -0.035767 0.005981 0.039063
0.484985 0.326782 0.880981 -0.049316 0.025757 0.036377
0.475586 0.358154 0.879639 -0.072632 0.037598 0.033691
0.462646 0.357178 0.872925 -0.116577 0.038208 0.099365
0.395508 0.283569 0.911133 -0.156494 0.069580 0.086670
0.406006 0.293701 0.990601 -0.142212 0.036621 0.101318
0.541260 0.189941 0.925293 -0.076416 -0.046997 0.032104
0.520752 0.216797 0.922607 -0.003906 -0.018311 -0.023926
0.514282 0.268311 0.920166 0.010254 -0.004761 -0.023438
0.458496 0.315063 0.919922 0.001587 0.000732 -0.013916
0.462769 0.312256 0.917480 -0.019409 -0.012329 0.016479
0.468750 0.276611 0.917358 -0.031006 -0.027588 0.042847
0.531006 0.192139 0.922119 -0.012817 -0.018066 0.046387
0.508789 0.233887 0.919434 -0.006714 -0.013428 0.070801
0.490356 0.265015 0.923584 0.018799 0.010620 0.033813
0.579834 0.272583 0.938477 0.084351 0.051758 0.018799
0.327271 0.459106 0.916504 0.144043 0.179077 0.021973
0.380493 0.314575 0.949707 0.139282 0.133179 0.185547
0.345581 0.508423 0.985840 0.207764 0.273682 0.119629
0.313110 0.465454 0.903076 0.191650 0.191406 0.234009
0.531372 -0.020874 0.837158 0.016846 0.061646 0.168091
0.409790 0.162109 0.895752 0.005127 0.049438 0.080688
0.418945 0.234131 0.921631 0.011475 0.009888 0.055054
0.472046 0.283813 0.923096 0.009766 0.000610 0.010864
0.446167 0.337402 0.926270 0.003296 0.009644 -0.028198
0.444092 0.309937 0.928223 -0.018921 0.001587 -0.019165
0.460693 0.280396 0.929199 -0.021851 -0.002686 -0.012329
0.450439 0.289551 0.922974 -0.013550 -0.006958 0.008179
0.377563 0.342896 0.933960 -0.027344 -0.019531 0.044434
0.395630 0.125854 1.148560 0.030518 -0.137085 0.017456
0.526001 0.076660 1.009155 0.204102 -0.156616 -0.180176
0.583984 0.296753 0.791626 0.281006 -0.081055 -0.259888
0.519531 0.447632 0.788940 0.226929 0.007935 -0.146851
0.432007 0.503906 0.800659 0.119995 0.061279 -0.008545
0.414917 0.466553 0.874023 -0.003052 0.054565 0.086060
0.421631 0.416626 0.854858 -0.055542 0.049072 0.122314
0.449097 0.339966 0.888672 -0.127197 0.029541 0.130981
0.479980 0.267456 0.934814 -0.110474 0.033936 0.114380
0.467163 0.239136 0.944580 -0.062012 0.029907 0.073730
0.456665 0.259399 0.950439 -0.025024 0.024170 0.047363
0.458008 0.312378 0.927856 -0.017822 0.005493 0.032593
0.449219 0.345215 0.887939 -0.044922 0.015381 0.051270
0.469482 0.343384 0.905396 -0.079590 0.019287 0.053711
0.459473 0.337891 0.916992 -0.082031 0.020996 0.020142
0.419189 0.318848 0.922729 -0.099976 0.020386 0.076660
0.453247 0.298706 0.926636 -0.096802 0.021484 0.115601
0.467407 0.290283 0.927612 -0.091919 0.014160 0.096680
0.439575 0.286865 0.919800 -0.098633 0.017578 0.079956
0.521606 0.234375 0.953979 -0.046021 -0.036133 0.016479
0.414673 0.188477 0.935425 -0.002441 -0.021484 0.005371
0.468872 0.291992 0.924072 -0.001953 -0.008667 0.005615
0.455688 0.312500 0.925537 -0.011719 -0.005249 0.005127
0.458374 0.286743 0.930054 -0.021240 -0.004150 -0.001831
0.457031 0.266724 0.926636 -0.017212 -0.003906 -0.008423
0.443848 0.276855 0.924683 -0.010254 -0.008179 -0.009399
0.438965 0.290405 0.923096 -0.009521 -0.011841 0.012695
0.440308 0.290039 0.930908 -0.016235 -0.024780 0.038574
0.480835 0.278198 0.923950 -0.014160 -0.018066 0.014282
0.468872 0.297119 0.925293 -0.017456 -0.002808 -0.023804
0.442749 0.290894 0.926025 -0.025757 -0.003296 -0.011353
0.460815 0.280884 0.923828 -0.025024 -0.006836 -0.010498
0.453613 0.279663 0.931519 -0.023560 -0.012573 -0.000122
0.453125 0.293701 0.923950 -0.029053 -0.016968 0.009644
0.443481 0.283813 0.926147 -0.029053 -0.024536 0.047119
0.462646 0.284180 0.930298 -0.024658 -0.028076 0.050049
0.484619 0.272461 0.925293 -0.021484 -0.016968 0.038208
0.501343 0.218140 0.936035 0.013672 0.003174 0.086548
0.425781 0.335938 0.959717 0.111450 0.138306 -0.010986
0.625854 0.256226 0.895264 0.224976 0.255981 -0.173096
0.110107 0.257446 0.929810 0.133057 0.161987 0.014282
-0.171265 0.459351 0.893555 0.129272 0.132813 0.001587
0.989746 -0.155273 0.869507 0.165894 0.223999 -0.047852
0.432739 0.275513 1.001587 0.066406 0.133911 0.073120
0.357910 0.304443 0.897095 0.044556 0.096069 -0.042114
0.142700 0.630615 0.954224 0.006958 0.072510 -0.095825
0.561523 0.218750 0.937866 -0.031738 0.005737 -0.134155
0.338257 0.345459 0.940796 -0.012939 0.020142 -0.133789
0.362549 0.339844 0.937988 -0.028809 -0.004028 -0.052979
0.417480 0.298340 0.941284 -0.022583 -0.018433 0.026489
0.407837 0.312622 0.942383 -0.006592 -0.004639 0.008301
0.407471 0.322876 0.939575 0.002319 0.002075 -0.007935
0.382324 0.365601 0.937134 -0.011719 -0.002441 -0.020264
0.379761 0.321777 0.941772 -0.019165 -0.016724 0.023315
0.424561 0.303833 0.938477 -0.011719 -0.021606 0.063965
0.393066 0.321167 0.936523 -0.002075 -0.024414 0.076416
0.353516 0.359985 0.947876 -0.025879 -0.037964 0.093872
0.444946 0.152466 1.041504 0.039551 -0.061157 -0.004639
0.387207 0.091187 1.114136 0.198120 -0.128052 -0.140137
0.475464 0.192139 0.952271 0.293579 -0.113281 -0.284546
0.422241 0.401855 0.836060 0.265503 -0.075195 -0.203735
0.404785 0.497559 0.820068 0.161499 -0.049561 -0.166626
0.383179 0.548950 0.830322 0.054932 -0.041748 -0.107422
0.363892 0.565308 0.836792 -0.055420 -0.038940 -0.034912
0.377075 0.433105 0.903809 -0.111694 -0.034546 0.016113
0.400513 0.300659 0.945435 -0.085693 -0.041016 0.011841
0.460205 0.291016 0.956787 -0.040527 -0.025757 -0.029541
0.408325 0.337524 0.922607 -0.004639 -0.025513 -0.048340
0.406128 0.375000 0.901123 -0.020752 -0.044189 -0.060425
0.432617 0.398560 0.885010 -0.060425 -0.053711 -0.123169
0.431152 0.421997 0.846680 -0.106934 -0.032227 -0.056763
0.395386 0.397339 0.927368 -0.111450 -0.014771 0.014160
0.368774 0.404419 0.951782 -0.074585 -0.027832 0.000854
0.394531 0.361328 0.919067 -0.078613 -0.051025 -0.055176
0.413086 0.350220 0.905884 -0.087402 -0.052246 -0.076294
0.434204 0.330688 0.911987 -0.087891 -0.043457 -0.060669
0.436890 0.341309 0.937744 -0.052734 -0.045532 -0.091553
0.408325 0.356323 0.906738 -0.022705 -0.019653 -0.073730
0.384277 0.398560 0.895142 -0.033691 -0.010742 -0.056641
0.397339 0.394165 0.921387 -0.049194 -0.033813 -0.039917
0.389771 0.384033 0.893433 -0.067017 -0.043701 -0.034424
0.419067 0.352905 0.904053 -0.089233 -0.034668 -0.031494
0.429443 0.317993 0.962769 -0.060913 -0.029175 -0.013550
0.393066 0.356689 0.944092 -0.015015 -0.017212 -0.020020
0.413696 0.369873 0.907471 -0.018188 -0.018799 -0.017822
0.421021 0.368286 0.917847 -0.016846 -0.010742 -0.022095
0.409546 0.364746 0.913940 -0.025024 -0.018311 -0.031006
0.409058 0.363159 0.912231 -0.042236 -0.023438 -0.027954
0.405762 0.369873 0.914673 -0.036865 -0.018311 -0.009399
0.385376 0.368164 0.931763 -0.036133 -0.029297 0.017944
0.401245 0.354126 0.924316 -0.036377 -0.040894 -0.003906
0.445068 0.343506 0.919434 -0.038574 -0.043701 -0.037720
0.445679 0.353882 0.905518 -0.040527 -0.046753 0.011841
0.416748 0.352905 0.917969 -0.054565 -0.054443 0.018188
0.412476 0.319336 0.925781 -0.042969 -0.052856 0.074341
0.409912 0.317017 0.945801 -0.000366 -0.054443 0.040161
0.447632 0.341064 0.929810 0.014771 -0.023193 -0.070435
0.421631 0.392822 0.900635 0.006836 -0.031128 -0.040039
0.427368 0.379150 0.900391 -0.012451 -0.021240 -0.054077
0.440674 0.372681 0.896606 -0.026001 -0.016113 -0.066772
0.388184 0.358765 0.909180 -0.031128 -0.011353 -0.027710
0.415283 0.373657 0.926636 -0.012451 -0.002197 -0.007690
0.423340 0.364136 0.909668 -0.004517 -0.004639 -0.011597
0.395752 0.378418 0.914063 -0.022583 -0.015503 -0.017822
0.410156 0.385254 0.909546 -0.021851 -0.005249 -0.022217
0.416504 0.375000 0.911011 -0.038696 -0.009888 -0.002930
0.432007 0.328125 0.932861 -0.032715 -0.016113 -0.008545
0.430176 0.351685 0.927612 -0.015259 -0.013672 0.001709
0.426514 0.353516 0.916504 -0.011963 -0.016602 -0.006592
0.436157 0.372437 0.908203 -0.013916 -0.008057 -0.003052
0.415405 0.376099 0.903076 -0.021973 -0.002319 0.004150
0.422241 0.378418 0.908203 -0.031738 -0.000610 0.018433
