0.371704 0.295166 0.962280 -0.020020 -0.014526 -0.003662
0.389404 0.301758 0.951416 -0.018433 -0.018555 -0.011963
0.372803 0.304932 0.965332 -0.008179 -0.008789 0.003418
0.377563 0.309692 0.954590 -0.007202 0.000854 0.024780
0.374756 0.323608 0.947510 -0.016235 0.001587 0.025024
0.373657 0.323853 0.947632 -0.030884 0.006104 0.009766
0.378540 0.320679 0.954224 -0.039185 0.008789 0.005005
0.380981 0.307617 0.945435 -0.047974 0.010620 -0.012085
0.384521 0.308350 0.942139 -0.056274 0.027100 -0.010864
0.364990 0.315063 0.962158 -0.068970 0.040527 -0.054199
0.330566 0.310669 1.023071 -0.074585 0.028442 -0.023682
0.379639 0.271606 0.966553 -0.056030 -0.007568 -0.023315
0.373169 0.256958 0.966187 -0.037109 -0.008667 -0.068848
0.378174 0.275391 0.963745 -0.014038 -0.002563 -0.019409
0.365234 0.298462 0.961548 -0.002319 0.002686 -0.013062
0.348022 0.316528 0.963013 -0.007446 0.000854 0.001343
0.343506 0.335571 0.962402 -0.021362 -0.003784 0.042603
0.348755 0.320679 0.967773 -0.040894 -0.014282 0.068237
0.373779 0.269409 0.963745 -0.027466 -0.005859 0.106445
0.374146 0.255981 0.972412 -0.022461 -0.024048 0.158936
0.286865 0.336792 0.963501 0.000366 -0.005493 0.124390
0.525757 0.192139 0.985107 0.003662 0.017578 0.088989
-0.037231 0.517578 0.923340 0.069824 0.144165 -0.063110
0.249634 0.245117 0.928101 0.020264 0.138062 0.025391
0.373169 0.013550 0.928223 0.060669 0.125244 0.009155
0.217041 0.369385 0.952148 0.039307 0.091431 0.096680
0.347290 0.202515 0.910400 0.100464 0.150269 0.058472
0.325439 0.209595 0.878906 0.073486 0.145142 0.089355
0.254639 0.553345 1.003662 0.136353 0.211426 0.010620
0.085327 0.328003 0.967285 0.013184 0.073486 0.026001
0.444580 0.249512 0.942627 0.038330 0.112183 -0.065186
0.473633 0.268188 0.972046 -0.007202 0.022095 0.064941
-0.160889 0.598389 0.963257 0.048462 0.103027 0.062378
0.356812 0.245605 0.976929 -0.006348 -0.006470 0.135986
-0.049194 0.588135 0.976685 0.067017 0.075195 0.011597
0.280640 0.347290 0.975952 -0.015869 -0.000366 -0.016724
0.273193 0.345337 0.971069 -0.026978 -0.009521 -0.003418
0.305542 0.295044 0.972534 -0.034912 -0.031006 0.085449
0.431641 0.222412 0.974609 -0.011597 -0.026611 0.121948
-0.305298 0.543457 0.965454 0.051758 0.112427 -0.026001
0.263794 0.320313 0.976929 0.010986 0.010986 -0.028442
0.310303 0.295898 0.970093 0.024170 0.007080 -0.076660
0.204712 0.394653 0.977295 0.028931 -0.025269 -0.083008
-0.050903 0.397827 1.248169 -0.002197 -0.222168 0.005615
0.459839 0.157104 0.988525 0.048462 -0.338135 -0.057739
0.525024 0.312012 0.789185 0.139648 -0.170898 0.002563
0.474365 0.435059 0.848755 0.089844 -0.035645 0.024292
0.434448 0.392700 0.859497 0.055298 0.067139 -0.036011
0.328491 0.424316 0.880005 0.022339 0.115356 0.116943
0.328125 0.360596 0.973511 -0.028564 0.105103 0.136108
0.308472 0.352905 0.974121 -0.057739 0.062500 0.134033
0.335693 0.312378 0.962280 -0.077393 0.032471 0.126831
0.323730 0.285767 0.982788 -0.072266 0.021484 0.080566
0.352295 0.280273 0.987793 -0.039917 0.009644 0.066650
0.340210 0.304810 0.960815 -0.022827 0.002808 0.039063
0.344360 0.330933 0.954346 -0.020630 0.001221 0.049561
0.327515 0.350220 0.970703 -0.043457 -0.013062 0.051392
0.354980 0.329224 0.960327 -0.071655 -0.026001 0.015747
0.351685 0.311646 0.958618 -0.080933 -0.019287 0.009521
0.346191 0.275513 0.998535 -0.072754 -0.020020 0.013184
0.365234 0.279663 0.974731 -0.041626 -0.024292 0.009155
0.368530 0.311279 0.947998 -0.029053 -0.011597 -0.010742
0.325684 0.347534 0.938965 -0.045288 -0.014282 -0.036987
0.404541 0.358276 0.930542 -0.063599 0.004639 -0.018799
0.301270 0.347534 0.972046 -0.098511 0.029907 -0.016479
0.286011 0.249634 1.006470 -0.087646 -0.008423 -0.059204
0.343140 0.198242 0.965698 -0.056763 -0.008301 -0.009399
0.386597 0.249756 0.970703 -0.005127 -0.003784 0.014404
0.370972 0.288818 0.972046 0.016357 0.011963 -0.018188
0.324707 0.340332 0.969482 0.011230 0.014771 -0.024536
0.323242 0.346191 0.965698 -0.016113 0.002563 -0.005371
0.314697 0.334473 0.967896 -0.039429 -0.011108 0.009766
0.317505 0.317749 0.971924 -0.054932 -0.025757 0.025879
0.354004 0.286621 0.970947 -0.059448 -0.031006 0.025879
0.353882 0.263550 0.975098 -0.045532 -0.029053 0.028809
0.362305 0.273193 0.972290 -0.028320 -0.024414 0.034546
0.360596 0.279785 0.972534 -0.013916 -0.015991 0.024902
0.358154 0.301147 0.973633 -0.011108 -0.006714 0.008179
0.358398 0.313477 0.973633 -0.016235 -0.005615 0.011475
0.338257 0.290039 0.971069 -0.019653 -0.003540 0.018799
0.365967 0.278442 0.965210 0.000000 0.019287 0.024536
0.390747 0.261963 0.970947 -0.004761 -0.011841 0.056396
0.281128 0.339233 0.973511 0.006714 -0.000610 0.058716
0.401367 0.253418 0.972046 -0.008423 -0.011719 0.064819
0.293091 0.464844 1.003540 0.073242 0.084595 -0.012695
0.004517 0.452637 0.948364 0.067139 0.150146 -0.049072
0.037231 0.574219 1.004883 0.020264 0.040527 0.112183
0.519897 0.113647 0.971069 0.018555 0.040039 0.033081
0.851685 -0.023193 0.946167 0.035156 0.018188 0.001709
0.309570 0.437622 0.977417 0.077881 0.145386 -0.020264
0.556885 0.419434 1.043823 0.086060 0.092285 0.072754
0.179443 0.403564 0.975952 0.029541 0.069580 0.087158
0.016357 0.819092 1.039307 0.122925 0.265625 -0.123535
0.142212 0.449463 1.025024 0.010376 0.124023 0.065308
1.306763 -0.580933 0.878296 0.001343 0.037964 0.041138
0.076538 0.547607 0.970947 0.103271 0.201172 -0.032593
-0.106445 0.535278 1.001221 0.072021 0.161743 -0.021973
0.369507 0.233276 0.970459 -0.022095 -0.018555 0.119507
0.360962 0.268311 1.006226 0.010254 0.009521 0.081177
-0.168823 0.536011 0.977539 0.080200 0.161987 -0.012451
-0.028687 0.617676 0.972900 0.054443 0.103638 0.078491
-0.092407 0.429077 0.962036 -0.005981 0.086670 0.052246
0.398315 0.258179 0.970947 0.003540 0.007935 0.022339
0.286377 0.302856 0.983154 -0.011597 0.005371 -0.050415
0.288940 0.317261 0.975220 -0.002197 0.015015 -0.090942
0.245972 0.364990 0.980835 -0.007690 0.002197 -0.043823
0.270874 0.311768 0.979370 -0.015991 -0.024658 0.020386
0.338867 0.244629 0.980957 0.009766 -0.022705 0.040771
0.238037 0.395752 0.982788 0.037842 -0.010742 -0.009766
0.183228 0.379761 0.993164 -0.057617 -0.090820 0.024414
0.341553 0.229736 1.049683 -0.017578 -0.155029 0.005005
0.281006 0.224121 1.034424 0.078735 -0.163940 -0.084351
0.416870 0.228516 1.000488 0.166626 -0.133911 -0.043823
0.305908 0.274048 0.988037 0.233032 -0.086304 -0.096558
0.328613 0.360840 0.937744 0.232178 -0.054443 -0.135376
0.331421 0.423828 0.904663 0.194580 -0.066040 -0.111206
0.285645 0.469604 0.880249 0.131348 -0.056885 -0.121704
0.272339 0.472656 0.910400 0.070923 -0.081665 -0.035767
0.357788 0.426514 0.933350 0.030396 -0.094238 -0.018799
0.330566 0.432739 0.927612 0.003906 -0.062622 -0.026611
0.353760 0.382690 0.937622 -0.000977 -0.018433 -0.051392
0.320679 0.382080 0.944702 0.011719 -0.000244 -0.039795
0.296631 0.381958 0.954468 0.017700 0.002930 -0.021729
0.308716 0.382324 0.952148 0.028931 -0.000854 -0.019775
0.315186 0.408447 0.942993 0.039551 0.003296 -0.021484
0.305420 0.425903 0.920776 0.029419 -0.004028 -0.000122
0.336060 0.417480 0.919556 0.015259 -0.003174 0.019409
0.258911 0.456299 0.921875 0.004028 -0.005981 0.006226
0.314575 0.433105 0.954956 -0.009644 -0.049316 0.059204
0.342896 0.404297 0.949097 -0.014771 -0.032593 -0.002563
0.329956 0.380981 0.940430 -0.015381 -0.015137 -0.006470
0.322144 0.382690 0.947388 0.004150 0.004272 -0.002441
0.309692 0.380859 0.955933 0.020996 0.011475 -0.010864
0.287720 0.402222 0.950195 0.035889 0.010498 -0.018799
0.316895 0.408325 0.937012 0.026855 -0.019287 -0.016113
0.328613 0.430908 0.919434 0.015503 -0.016479 -0.019775
0.327271 0.425049 0.912109 -0.010498 -0.015259 -0.023071
0.328491 0.419800 0.929565 -0.020630 -0.008667 -0.024780
0.305786 0.394897 0.939941 -0.017456 -0.004639 -0.022583
0.310669 0.413940 0.931763 -0.010376 -0.009155 -0.029663
0.320435 0.390503 0.946777 -0.010254 -0.015137 -0.016113
0.321167 0.421021 0.933228 0.000610 -0.022827 0.023315
0.301270 0.418335 0.929810 -0.007690 0.001343 -0.012817
0.320190 0.421143 0.940430 -0.020386 -0.007446 -0.008789
0.313232 0.421387 0.932739 -0.027466 -0.004883 -0.017334
0.283081 0.426636 0.940063 -0.032715 -0.004517 -0.023682
0.314209 0.421875 0.939819 -0.034790 -0.015381 -0.011353
0.324219 0.414917 0.938110 -0.026733 -0.005371 -0.014526
0.295044 0.412354 0.944336 -0.023193 -0.008179 -0.007690
0.316528 0.404541 0.946533 -0.021240 -0.012329 -0.005859
