0.384155 0.317505 0.959839 -0.033325 -0.023438 -0.042847
0.371582 0.305542 0.946045 -0.043457 -0.040039 -0.001221
0.422852 0.330566 0.926147 -0.019531 -0.010742 -0.039795
0.387329 0.332642 0.941772 -0.040283 -0.015259 -0.029053
0.433228 0.291382 0.945679 -0.035034 -0.012085 -0.003296
0.420654 0.304688 0.934204 -0.027222 0.004761 0.001709
0.414673 0.309814 0.936646 -0.029297 0.013184 0.015259
0.415527 0.307739 0.942261 -0.047485 0.002686 0.029053
0.415649 0.311401 0.943726 -0.063232 -0.001343 0.040283
0.413086 0.300903 0.938232 -0.065430 0.015625 0.012329
0.411743 0.298218 0.947876 -0.071167 0.016846 0.018799
0.427612 0.270630 0.941528 -0.072388 0.025513 0.019531
0.438965 0.267334 0.951172 -0.060669 0.041626 -0.033325
0.387939 0.284912 0.958618 -0.053711 0.050415 -0.056641
0.390259 0.312012 0.959473 -0.059326 0.038452 -0.034546
0.351807 0.329834 0.944458 -0.082275 0.031494 -0.026855
0.441040 0.350952 0.970215 -0.061768 -0.022949 -0.008545
0.337402 0.274658 0.965088 -0.073486 -0.020264 -0.007202
0.392212 0.261597 0.960938 -0.067383 -0.035889 0.025635
0.429565 0.239258 0.956665 -0.050171 -0.038208 0.019531
0.412109 0.247437 0.960205 -0.027344 -0.028931 0.017334
0.424561 0.273560 0.959839 -0.014893 -0.028442 0.035034
0.460449 0.235474 0.956055 -0.005005 -0.014771 0.041992
0.422485 0.277588 0.956787 0.001343 0.001465 0.013184
0.396118 0.284790 0.955078 -0.005981 0.003906 0.000732
0.382568 0.277710 0.958618 -0.010132 -0.004883 0.037109
0.395020 0.270386 0.963013 -0.002808 -0.011108 0.074707
0.360229 0.521240 0.987183 0.067871 0.077271 0.040283
0.502686 0.221313 0.961670 -0.022705 -0.021973 0.070557
0.398193 0.274292 0.952393 0.004639 0.002075 0.021973
0.726563 0.046265 0.988037 0.083130 0.076172 -0.040649
0.563354 0.412231 0.974243 0.094116 0.079712 0.081055
0.449951 0.512207 0.956543 0.076904 0.083252 0.167847
0.687500 0.128052 0.958008 0.087769 0.104492 0.141846
0.223755 0.438477 0.919312 0.048462 0.115845 0.107422
0.169067 0.250977 0.949585 0.008423 0.028442 0.162720
0.642334 -0.096680 0.955078 0.052124 0.076416 0.107056
0.271606 0.374512 0.895752 0.150513 0.195068 0.077148
0.192871 0.645508 0.931885 0.139038 0.142700 0.154175
0.856567 -0.053101 0.865234 0.129028 0.167114 -0.011230
0.534668 0.235718 0.954712 0.008911 0.037109 0.139893
0.517212 0.141357 0.962769 -0.078003 -0.071533 0.232788
0.505127 0.179932 0.970825 -0.001221 -0.021118 0.161255
0.197754 0.390503 0.961914 0.080078 0.115967 0.001099
0.357300 0.286255 0.960327 0.001343 0.012329 0.084106
0.404907 0.311890 0.961914 -0.022339 -0.011597 0.024170
0.379883 0.270630 0.962402 -0.026367 -0.000732 -0.017822
0.375000 0.266235 0.959961 -0.009766 0.001709 -0.027954
0.366455 0.284302 0.958740 0.000488 0.000854 -0.004395
0.303833 0.296509 0.964844 0.017578 -0.010132 0.043335
0.252441 0.459106 1.023193 -0.027832 -0.070435 0.091187
0.241943 0.179443 1.189819 -0.069702 -0.188965 0.035889
0.589600 0.071899 0.970703 0.130615 -0.198975 -0.092896
0.429932 0.263184 0.847778 0.241089 -0.066650 -0.148315
0.441650 0.367310 0.846436 0.186523 -0.023315 -0.042847
0.480713 0.373047 0.838379 0.126465 0.027954 -0.070801
0.373657 0.456055 0.876343 0.056274 0.050903 0.015747
0.392090 0.406250 0.908325 -0.031006 0.044800 0.086670
0.377197 0.343506 0.949585 -0.050049 0.056396 0.076904
0.354980 0.331787 0.961426 -0.061401 0.034302 0.059326
0.388794 0.298340 0.949219 -0.072876 0.009766 0.034302
0.378052 0.303833 0.943970 -0.065674 0.014404 0.043701
0.353271 0.310547 0.960083 -0.063599 0.010254 0.062256
0.402344 0.313477 0.937500 -0.069214 0.002075 0.083252
0.351563 0.348877 0.960205 -0.078613 0.012817 0.073853
0.395508 0.314941 0.961914 -0.102905 -0.009888 0.098022
0.393433 0.273315 0.968018 -0.079834 0.001465 0.063477
0.402344 0.258301 0.965088 -0.054199 0.013062 0.050781
0.376099 0.267090 0.972534 -0.031006 0.021729 0.032471
0.378906 0.295532 0.957886 -0.018799 0.010986 0.033813
0.384644 0.320313 0.945923 -0.036011 0.000854 0.036865
0.366211 0.331177 0.950073 -0.063232 0.002075 0.050049
0.382813 0.299561 0.959473 -0.090454 -0.014893 0.066162
0.390381 0.280640 0.945068 -0.091431 -0.008179 0.087402
0.393066 0.290405 0.943970 -0.094849 -0.007080 0.118164
0.385742 0.255859 0.974243 -0.072510 -0.017578 0.059814
0.416992 0.192261 0.964966 -0.052612 0.001953 -0.053345
0.395142 0.231201 0.971313 -0.012695 0.001587 -0.045532
0.391357 0.265381 0.965088 0.006226 0.000977 -0.016724
0.401855 0.297241 0.963379 0.003296 0.003784 -0.038208
0.376099 0.295654 0.963257 -0.010986 0.006226 -0.041138
0.372192 0.284058 0.958740 -0.017334 -0.001465 -0.011597
0.382324 0.283325 0.966431 -0.020996 -0.009033 -0.001343
0.383789 0.277222 0.962891 -0.022217 -0.009521 -0.005981
0.389648 0.264404 0.957153 -0.018921 -0.010376 0.014526
0.376953 0.266724 0.962158 -0.010986 -0.011475 0.031006
0.393188 0.273682 0.961670 -0.004150 -0.007935 0.037842
0.408691 0.276611 0.962280 -0.003906 -0.001343 0.019897
0.410156 0.265625 0.968384 0.000366 0.012207 -0.003784
0.243286 0.428589 0.954102 0.047485 0.101318 -0.096069
0.584229 0.211670 0.967773 0.026978 0.057251 -0.036743
0.362183 0.276367 0.969238 -0.008301 0.002930 0.017212
0.364624 0.292725 0.963379 -0.009399 -0.000610 0.016357
0.345825 0.312500 0.968750 -0.022827 -0.015259 0.055298
0.609863 0.040405 0.909424 0.056641 0.059692 -0.008911
0.434570 0.364990 0.983398 0.049683 0.033081 0.090088
0.358521 0.285889 0.958984 0.073608 0.122681 -0.004395
0.595337 0.373169 1.034912 0.072144 0.070801 -0.033447
0.242310 0.467285 0.964966 0.030273 0.038208 -0.038940
0.371094 0.399414 0.985718 0.092773 0.115967 -0.024658
0.539673 0.093750 0.925293 0.037964 0.092407 -0.021118
0.217773 0.138428 0.926758 0.084229 0.154907 0.029785
0.140503 0.117310 0.986328 0.027954 0.087402 0.059204
0.278320 0.353638 0.937744 0.109375 0.154297 -0.068848
0.555542 0.089722 0.909302 0.003784 0.019897 0.137329
0.497314 0.026123 0.960327 0.094238 0.126099 0.034058
0.593872 0.383057 1.009399 0.045288 0.019409 0.228394
-0.164551 0.776489 0.954102 0.020386 0.067139 0.137451
0.417480 0.209473 0.969604 -0.036621 -0.025391 0.129761
0.528931 0.361816 0.980469 0.130371 0.121338 -0.123657
0.592285 0.498657 0.959717 0.101929 0.063965 0.052612
0.197632 0.401489 0.978271 -0.028198 0.010010 0.103149
0.389038 0.203979 0.975952 -0.018311 0.006958 0.059814
0.126953 0.445557 0.979370 0.023804 0.066895 -0.107056
0.340454 0.275269 0.976807 -0.002319 0.006836 -0.063354
0.315674 0.344849 0.972656 0.012573 0.018555 -0.114990
0.303589 0.338745 0.972656 -0.004517 0.007324 -0.087769
0.299072 0.311890 0.968872 0.000488 0.003052 -0.068237
0.347534 0.257690 0.970337 0.038940 0.006348 -0.070190
0.163818 0.404541 0.981445 0.033936 -0.031494 -0.099609
0.117432 0.334839 0.946167 -0.029419 -0.105591 -0.023193
0.490479 0.186401 1.097900 0.102661 -0.192871 0.010498
0.331543 0.135010 1.114014 0.267822 -0.120483 -0.232300
0.352661 0.259033 0.984985 0.406372 -0.104858 -0.350586
0.302124 0.389160 0.876953 0.386475 -0.078369 -0.337280
0.314575 0.590820 0.827148 0.248413 -0.071045 -0.241699
0.294922 0.571045 0.853149 0.111816 -0.096313 -0.152222
0.305542 0.560303 0.867065 0.019287 -0.082397 -0.128662
0.286255 0.539551 0.864868 -0.067261 -0.087769 -0.057373
0.308716 0.468018 0.890137 -0.151001 -0.095947 -0.006958
0.334839 0.442993 0.935669 -0.172241 -0.095337 0.043579
0.252197 0.385254 0.966187 -0.177979 -0.100464 0.141846
0.327637 0.327148 0.988525 -0.155518 -0.148560 0.135864
0.353271 0.341675 0.952393 -0.122314 -0.164795 0.008179
0.369873 0.392944 0.906372 -0.120972 -0.173828 -0.100586
0.392822 0.385620 0.902222 -0.165527 -0.145752 -0.128906
0.356201 0.384399 0.936890 -0.143555 -0.120972 -0.064087
0.364014 0.388184 0.922485 -0.122437 -0.102295 -0.035156
0.356689 0.391479 0.918091 -0.134888 -0.096313 -0.019287
0.389648 0.390625 0.926636 -0.160278 -0.101318 -0.043945
0.366943 0.348633 0.942627 -0.182129 -0.104492 -0.063354
0.384521 0.303101 0.990967 -0.143066 -0.059204 -0.129150
0.342896 0.295166 0.979370 -0.071289 -0.055786 -0.133179
0.366211 0.320313 0.947388 -0.012695 -0.057983 -0.072510
0.360474 0.377319 0.928833 0.005615 -0.050537 -0.087158
0.357788 0.403564 0.919678 -0.026001 -0.071655 -0.067749
0.382324 0.377808 0.925171 -0.058960 -0.079956 -0.053345
0.392944 0.363525 0.939575 -0.052246 -0.048462 -0.111816
0.338745 0.371704 0.953125 -0.043457 -0.046753 -0.093262
0.386475 0.347778 0.943115 -0.043945 -0.062744 -0.072754
