0.430786 0.289429 0.936768 -0.009155 -0.001831 -0.014282
0.423828 0.287720 0.940063 -0.013062 0.001831 -0.004028
0.407959 0.270142 0.939453 -0.016235 0.003418 0.000000
0.425903 0.275024 0.955200 -0.012207 0.000244 0.007080
0.406494 0.279541 0.946655 -0.011719 -0.003540 -0.002930
0.403564 0.271118 0.959229 -0.009766 -0.009644 -0.005737
0.414429 0.272949 0.957764 -0.009033 -0.020142 -0.014771
0.424927 0.283447 0.945068 -0.006958 -0.020386 -0.020874
0.425659 0.299683 0.929932 -0.013916 -0.020630 -0.018433
0.410645 0.303223 0.936890 -0.026733 -0.018433 -0.034424
0.401733 0.238037 0.939087 -0.047974 -0.034912 -0.032593
0.399902 0.287720 0.945801 -0.038208 -0.022949 -0.031250
0.438965 0.267578 0.936279 -0.033813 -0.024536 -0.017090
0.438110 0.270386 0.961548 -0.028198 -0.021484 -0.001831
0.436523 0.277832 0.938843 -0.018677 -0.015503 -0.006592
0.443359 0.286987 0.941772 -0.022339 -0.012085 -0.021606
0.427246 0.309692 0.924561 -0.041260 -0.010620 -0.034424
0.437012 0.309448 0.943359 -0.056030 -0.009277 -0.013428
0.426270 0.328735 0.917480 -0.074341 -0.008789 0.008179
0.415039 0.321045 0.939331 -0.106689 -0.010010 0.029541
0.392212 0.251709 0.946167 -0.084839 -0.032227 -0.006958
0.419189 0.254028 0.950806 -0.060303 -0.030884 -0.015137
0.436890 0.246582 0.948608 -0.049561 -0.020386 -0.011353
0.433350 0.248779 0.945313 -0.035278 -0.012207 -0.014160
0.417236 0.248779 0.948853 -0.026367 -0.008667 0.012573
0.405518 0.269287 0.946777 -0.016846 -0.018188 0.046387
0.407715 0.288452 0.951416 -0.021973 -0.034912 0.083740
0.427490 0.261230 0.956787 -0.019409 -0.025024 0.118530
0.433594 0.253174 0.959961 0.032837 0.067017 0.101318
0.124756 0.584473 0.946045 0.143066 0.165039 0.046631
0.822144 -0.054077 0.977539 0.015747 0.028564 0.137207
0.232300 0.231323 0.870972 0.144409 0.231323 0.059448
0.624268 -0.006836 0.943237 -0.003906 0.009033 0.230225
0.394165 0.421997 0.976685 0.104980 0.130859 0.137207
0.409668 0.306885 0.959106 0.173340 0.239136 -0.027588
1.038452 -0.111938 1.024902 -0.003174 -0.033447 0.211426
0.412109 0.588989 1.003540 0.180664 0.121582 0.130249
0.282349 0.383911 0.925659 0.095337 0.120117 0.052490
0.610107 0.145630 0.936890 0.032471 0.068604 0.032837
0.395630 0.380859 0.957886 0.010864 0.010376 0.097656
0.503052 0.227661 0.958618 0.010132 0.007690 0.056885
0.415894 0.270508 0.956787 0.000854 -0.003052 0.037354
0.419800 0.285400 0.955322 0.003906 -0.001831 0.000244
0.404785 0.297607 0.952026 0.000244 0.005371 -0.035522
0.380005 0.285034 0.955322 -0.002441 0.004395 -0.061523
0.326660 0.348389 0.956177 -0.027466 -0.033203 -0.007202
0.148560 0.286133 1.062378 -0.062134 -0.097778 0.083984
0.467529 0.125732 1.139648 0.016235 -0.200317 -0.037720
0.612549 0.139648 0.845825 0.139404 -0.165527 -0.116699
0.512329 0.274292 0.854614 0.165405 -0.028687 -0.132935
0.483643 0.362305 0.875488 0.160156 0.052246 -0.112549
0.380371 0.472046 0.832764 0.098389 0.066406 -0.044922
0.346069 0.467407 0.890381 -0.006470 0.068848 0.041260
0.357422 0.378906 0.926270 -0.078857 0.051147 0.091797
0.350708 0.300781 0.974609 -0.108887 0.025513 0.104004
0.404907 0.226929 0.984985 -0.089111 -0.000977 0.088623
0.417358 0.217773 0.980957 -0.037720 -0.001099 0.054810
0.426514 0.245239 0.963989 0.001343 -0.009399 0.014893
0.415283 0.309326 0.932983 0.018188 -0.001221 -0.015381
0.405151 0.360474 0.928589 -0.000244 -0.004517 -0.023926
0.393921 0.337769 0.935669 -0.027832 -0.004883 0.001221
0.407593 0.301636 0.946533 -0.035156 -0.005615 0.019897
0.411621 0.285400 0.943237 -0.024048 0.002075 0.024048
0.404053 0.284912 0.962769 -0.013306 0.006470 0.029419
0.402222 0.286743 0.958740 -0.011475 -0.004028 0.007202
0.417114 0.303223 0.939575 -0.010132 -0.007935 -0.007813
0.397461 0.326050 0.932373 -0.015747 -0.002319 -0.002075
0.404907 0.319092 0.931274 -0.031860 -0.001221 0.013794
0.410034 0.307495 0.940674 -0.041626 0.001953 0.026245
0.419800 0.307617 0.937988 -0.045654 0.005005 0.031372
0.411255 0.303833 0.938965 -0.051147 0.010498 0.040283
0.421265 0.306152 0.940186 -0.063110 0.014404 0.049561
0.392212 0.325073 0.936523 -0.081177 0.028809 0.060059
0.389771 0.315552 0.971436 -0.093628 0.019653 0.044434
0.401733 0.246338 0.954224 -0.054321 -0.010498 -0.005127
0.396362 0.226318 0.963135 -0.015259 -0.008911 -0.000854
0.425171 0.280029 0.955444 0.004883 -0.001099 -0.002197
0.394165 0.317749 0.950684 -0.000488 0.005981 -0.019409
0.388794 0.306763 0.954224 -0.016357 -0.000122 -0.012085
0.389160 0.296509 0.948608 -0.027222 -0.009033 0.004761
0.406006 0.284546 0.956055 -0.029297 -0.012207 0.009033
0.402344 0.280151 0.952637 -0.029053 -0.010132 0.009399
0.396362 0.277344 0.955811 -0.025391 -0.012085 0.024292
0.399414 0.283325 0.952637 -0.020874 -0.012451 0.028931
0.392456 0.299194 0.948975 -0.022339 -0.013916 0.028320
0.411743 0.282227 0.958984 -0.028687 -0.018555 0.056274
0.359131 0.294434 0.966187 0.009888 0.023193 0.070190
0.264648 0.324341 0.937134 0.013672 0.040405 0.081665
0.728760 0.057251 0.987061 0.030518 0.015869 0.092163
0.139526 0.341431 0.979370 0.047363 0.120483 0.105469
0.267578 0.250488 0.993286 0.090698 0.158936 0.113770
0.009277 0.186523 0.962280 0.086792 0.157227 0.169556
0.565430 0.033325 0.946655 0.062622 0.042358 0.255127
-0.275391 0.930420 1.041870 0.128662 0.213257 0.193359
0.390503 0.477173 1.020264 0.089844 0.101685 0.155151
0.512329 0.232666 0.922363 0.070679 0.050903 0.123901
0.422729 0.077271 0.971069 -0.062744 -0.029053 0.108154
0.433960 0.180298 0.959106 0.000122 -0.006958 0.029175
0.394775 0.324951 0.956909 0.029053 0.008911 -0.000366
0.374878 0.333618 0.958740 0.007568 0.012207 -0.012329
0.376709 0.313721 0.953369 -0.013184 0.005371 -0.032349
0.369141 0.295288 0.960205 -0.023071 -0.003662 -0.039063
0.378052 0.264648 0.962524 -0.014893 -0.007568 -0.039551
0.399658 0.265869 0.961060 -0.005249 -0.013428 -0.024902
0.398804 0.277466 0.959473 0.010376 -0.005493 -0.035034
0.374268 0.324219 0.967529 0.025024 0.008423 -0.021851
0.213135 0.232666 1.098877 -0.012695 -0.064941 -0.007813
0.478516 0.131470 1.038696 0.094727 -0.155762 -0.139404
0.451538 0.200073 0.917236 0.180908 -0.115723 -0.215088
0.432129 0.276855 0.945923 0.188721 -0.108765 -0.291504
0.372070 0.363403 0.913208 0.176636 -0.104248 -0.267578
0.383423 0.432739 0.888672 0.131470 -0.089844 -0.228760
0.395630 0.452026 0.874878 0.072388 -0.069092 -0.171875
0.371704 0.485718 0.860718 0.010742 -0.042969 -0.105957
0.361938 0.458130 0.903442 -0.072021 -0.034790 -0.035645
0.352539 0.359741 0.962524 -0.091919 -0.030884 -0.010620
0.383301 0.306030 0.953247 -0.079956 -0.058105 -0.025269
0.430786 0.288330 0.941406 -0.046021 -0.041138 -0.057617
0.443359 0.315918 0.936035 -0.007202 -0.018677 -0.067017
0.382202 0.368408 0.922729 0.009033 0.006836 -0.064087
0.372559 0.405029 0.919800 0.009033 0.007446 -0.036133
0.365723 0.385376 0.935425 -0.005371 0.003662 -0.020386
0.371582 0.388184 0.934814 -0.011475 0.000854 -0.020386
0.372070 0.386353 0.924316 -0.015381 -0.003296 -0.006348
0.359985 0.377808 0.936035 -0.030640 0.002686 0.001099
0.391602 0.342773 0.940796 -0.034424 -0.011108 0.003418
0.380493 0.347778 0.934570 -0.026611 -0.013428 -0.003052
0.387207 0.361572 0.944824 -0.025757 -0.025879 -0.012329
0.370239 0.329712 0.952881 -0.015747 -0.027954 -0.015381
0.379517 0.346802 0.943481 0.001953 -0.033813 -0.012207
0.393433 0.357788 0.927856 0.010620 -0.026001 -0.013672
0.401001 0.379150 0.920288 0.016479 -0.022217 -0.008789
0.385986 0.387939 0.914429 0.000610 -0.008789 0.000244
0.380493 0.387695 0.918945 -0.015991 0.001221 0.016479
0.381348 0.379028 0.928955 -0.032227 -0.005005 0.012817
0.389160 0.348999 0.942383 -0.032959 -0.005859 0.007690
0.388184 0.340210 0.940430 -0.024170 -0.009399 -0.005005
0.385986 0.342773 0.944580 -0.012329 -0.007324 -0.005859
0.382568 0.364746 0.937988 -0.004028 -0.003418 -0.007813
0.375610 0.367554 0.927856 -0.008545 -0.003296 -0.005249
0.405640 0.380615 0.933350 -0.018677 -0.003296 -0.000366
0.388794 0.375854 0.933716 -0.024780 -0.006714 0.013062
0.383301 0.351929 0.940186 -0.025757 -0.005127 0.017944
0.383179 0.348267 0.938354 -0.015015 0.000488 0.017944
0.381714 0.362305 0.939575 -0.011963 -0.006592 0.012817
0.377319 0.366211 0.925049 -0.014038 -0.011841 -0.004639
0.384277 0.361572 0.929688 -0.016846 -0.009888 0.005737
0.374512 0.378906 0.940552 -0.017334 -0.005249 0.007080
0.386475 0.352051 0.937622 -0.017334 -0.010132 0.006592
0.389526 0.351563 0.929443 -0.010986 -0.009766 0.005859
