0.412231 0.265991 0.955444 -0.019897 -0.006470 0.026611
0.386353 0.296265 0.975952 -0.013672 -0.012573 0.017700
0.407227 0.277344 0.948120 -0.019531 -0.020996 0.000000
0.441040 0.264160 0.955566 -0.026367 -0.034424 0.006470
0.377930 0.290039 0.923462 -0.035400 -0.046875 0.022217
0.420776 0.257690 0.943237 -0.029663 -0.007935 -0.024780
0.414063 0.294556 0.947266 -0.033691 -0.014893 -0.016602
0.396118 0.282227 0.958130 -0.030640 -0.010742 0.004761
0.401855 0.297241 0.947388 -0.037598 -0.011841 -0.016113
0.415649 0.285400 0.940308 -0.044800 -0.014038 -0.016235
0.414795 0.281128 0.948608 -0.054443 -0.015259 -0.015137
0.398926 0.276855 0.953735 -0.053467 -0.014771 -0.024780
0.424927 0.267212 0.941284 -0.053833 -0.008545 -0.021484
0.423340 0.285522 0.930664 -0.057739 0.007080 -0.033691
0.438354 0.315552 0.923340 -0.071289 0.028320 -0.055176
0.389771 0.316162 0.927612 -0.094971 0.046875 -0.049561
0.350586 0.311035 0.970581 -0.124390 0.041504 -0.026733
0.355225 0.301514 0.974121 -0.083374 -0.005981 -0.058350
0.350830 0.213867 0.966309 -0.064575 -0.025513 0.005981
0.424927 0.230347 0.962402 -0.040649 -0.039429 0.030151
0.483887 0.224976 0.963501 -0.023682 -0.023926 0.019287
0.425415 0.266724 0.959473 -0.007080 0.006592 -0.026611
0.389648 0.300659 0.962402 -0.013794 0.009644 -0.028564
0.372192 0.275391 0.956787 -0.029785 -0.002686 -0.006104
0.366455 0.261475 0.962891 -0.028687 -0.015869 0.026001
0.354004 0.268066 0.967041 -0.017456 -0.034180 0.097168
0.419434 0.408081 0.977173 0.123047 0.132813 -0.008789
0.176025 0.318481 0.953247 -0.000854 -0.001099 0.062012
0.246094 0.438965 1.049072 0.158081 0.189819 -0.091187
0.163086 0.285767 0.964844 0.105469 0.116699 0.071045
0.219727 0.412354 1.019531 0.216309 0.234497 0.032471
0.600342 -0.193237 0.876099 0.123291 0.253418 -0.057861
0.339355 0.459961 0.917114 0.161987 0.189209 0.133667
0.312866 0.441895 0.957031 0.029297 0.042603 0.151123
0.063965 0.156738 0.947021 0.012085 0.074463 0.015747
0.476929 0.113403 0.958984 -0.016724 -0.040039 0.100342
0.102295 0.332886 0.973877 0.039673 0.046753 0.019531
0.361572 0.312256 0.963989 0.011597 0.008301 -0.010986
0.375977 0.338501 0.959106 0.000488 0.015137 -0.064331
0.306763 0.349731 0.966553 -0.019897 0.002808 -0.071899
0.273926 0.349365 0.966309 -0.040771 -0.046387 0.025513
0.210938 0.349854 1.194336 -0.097168 -0.125732 0.133179
0.390991 0.096924 1.098145 -0.004761 -0.219360 -0.033325
0.528809 0.164795 0.870972 0.155273 -0.117188 -0.131836
0.412964 0.354492 0.852417 0.153809 -0.033813 -0.006470
0.493408 0.343872 0.861206 0.140137 0.052490 0.006104
0.374390 0.446411 0.841919 0.111206 0.106201 0.011230
0.319946 0.434692 0.917725 -0.011963 0.070557 0.152588
0.383301 0.358154 0.934448 -0.074829 0.046021 0.111450
0.342896 0.349365 0.939087 -0.125244 0.032715 0.121826
0.348267 0.280396 0.979004 -0.140503 0.009155 0.132690
0.364014 0.270630 0.991577 -0.115723 -0.013672 0.077637
0.385498 0.260498 0.971680 -0.101074 -0.027222 0.034058
0.372803 0.272949 0.992676 -0.082397 -0.028442 0.060059
0.359131 0.286865 0.991577 -0.056152 -0.006348 0.044434
0.405640 0.275146 0.970703 -0.034668 -0.015015 0.047363
0.388306 0.289307 0.962036 -0.023560 -0.004272 0.023193
0.372070 0.286499 0.963501 -0.025757 0.002808 0.020630
0.363525 0.279053 0.973755 -0.029053 -0.008301 0.013062
0.383545 0.300659 0.955933 -0.027710 -0.007935 -0.017212
0.384033 0.314941 0.935669 -0.046631 -0.004272 -0.000244
0.383179 0.317383 0.944458 -0.077515 0.000122 0.057983
0.366211 0.279419 0.980713 -0.050659 -0.017334 0.041748
0.354248 0.254883 0.961914 -0.032104 -0.000977 0.027222
0.381714 0.281982 0.971924 -0.029053 -0.022461 0.027954
0.361084 0.289917 0.966919 -0.026855 -0.018066 -0.016968
0.394287 0.287964 0.964722 -0.032593 -0.024536 0.001587
0.397461 0.257690 0.969604 -0.030029 -0.009155 0.001831
0.378784 0.254761 0.967896 -0.019043 -0.005493 -0.026245
0.355469 0.270996 0.965576 -0.008301 -0.011597 0.009399
0.393921 0.278198 0.962402 0.000122 -0.008911 0.027710
0.372681 0.304199 0.962036 -0.003296 -0.003784 0.026855
0.353638 0.294922 0.966431 -0.020508 -0.014282 0.023438
0.395142 0.258179 0.962158 -0.019165 -0.018066 0.021240
0.372681 0.273804 0.967529 -0.004028 -0.006958 0.011230
0.405151 0.265869 0.962158 -0.005859 -0.005859 0.025024
0.402344 0.267578 0.962158 0.016846 0.028564 -0.030884
0.342773 0.308228 0.970581 -0.013672 0.003906 0.013794
0.323242 0.243774 0.971069 -0.000244 0.049805 -0.028931
0.293945 0.341919 0.975586 0.022827 0.047119 0.001465
0.561523 0.206177 0.967896 0.038330 0.055786 0.009644
0.102539 0.499634 0.986694 0.064697 0.105103 -0.023926
0.366333 0.167847 0.982910 0.024658 0.050903 0.039063
0.500122 0.290283 0.993896 0.092041 0.136719 -0.098389
0.375244 0.366577 0.965332 0.036133 0.106201 -0.018799
0.440308 0.551147 0.976074 0.100586 0.076538 0.113281
0.378418 0.173584 0.948730 0.042969 0.090820 0.011719
0.152466 0.476685 1.046631 0.088867 0.102783 0.111328
0.314941 0.387451 0.993164 0.115356 0.157715 0.018311
0.263794 0.051270 0.924438 0.021973 0.041870 0.146240
-0.170044 0.445801 0.974243 0.124023 0.239380 -0.042480
0.325195 0.234619 0.959839 0.026611 0.078735 0.106323
0.239136 0.332764 0.968262 0.120605 0.174683 -0.031982
0.570557 0.325195 0.964233 -0.024170 -0.017822 0.212036
0.313232 0.348877 0.972900 0.019409 0.064331 0.111572
0.312256 0.302856 0.978516 -0.025024 -0.015747 0.085205
0.339111 0.277100 0.976929 -0.013550 0.004028 -0.049194
0.321899 0.308350 0.972900 0.002075 0.016235 -0.054932
0.317627 0.316040 0.974121 0.008423 0.016113 -0.075562
0.291870 0.255249 0.975830 0.020874 -0.000366 -0.022339
0.275269 0.312866 0.978394 0.065552 -0.001831 0.004761
0.136597 0.285034 1.061157 0.002197 -0.080811 0.013672
0.428711 0.224487 1.073242 0.065063 -0.185669 -0.037354
0.302124 0.246826 1.026733 0.162354 -0.157593 -0.218506
0.346069 0.261841 0.972656 0.203491 -0.167358 -0.291748
0.355225 0.341187 0.930298 0.204468 -0.181763 -0.209106
0.352661 0.404663 0.898926 0.162964 -0.156128 -0.209961
0.361206 0.426758 0.914429 0.129883 -0.145508 -0.152710
0.313477 0.467896 0.916870 0.108521 -0.123169 -0.155029
0.304443 0.435791 0.956421 0.073242 -0.150757 -0.150635
0.313110 0.397827 0.936890 0.065918 -0.184326 -0.139282
0.367310 0.409058 0.914307 0.066895 -0.188232 -0.096313
0.347900 0.404785 0.937134 0.053467 -0.190674 -0.107300
0.345215 0.391724 0.944214 0.063965 -0.211182 -0.087524
0.335938 0.436401 0.922974 0.062012 -0.224121 -0.124023
0.393188 0.483154 0.897461 0.031006 -0.239380 -0.157227
0.349487 0.486084 0.916382 -0.075317 -0.230835 -0.084595
0.452148 0.428955 0.875977 -0.072266 -0.174805 -0.153931
0.369995 0.488647 0.850220 -0.058960 -0.171875 -0.127319
0.413086 0.506226 0.838745 -0.111572 -0.140137 -0.134033
0.375122 0.438354 0.871460 -0.163208 -0.122925 -0.074585
0.453125 0.358398 0.864136 -0.167358 -0.118042 -0.031738
0.478394 0.363770 0.887451 -0.132446 -0.052246 -0.029297
0.387085 0.474854 0.924683 -0.146851 -0.021851 -0.059692
0.376953 0.464722 0.954834 -0.220093 -0.050171 -0.060791
0.400269 0.361694 0.985718 -0.233276 -0.072144 -0.015137
0.468262 0.332397 0.934326 -0.163208 -0.045898 -0.013550
0.442383 0.539429 0.754028 -0.156738 -0.005615 0.072510
0.305298 0.195068 0.909912 -0.232910 0.049194 0.110962
0.376587 0.280273 0.887939 -0.185181 0.011597 0.088257
0.390869 0.266113 0.897705 -0.148560 0.023926 0.064819
0.435059 0.258423 0.911133 -0.085083 0.038696 0.047974
0.448608 0.343628 0.899902 -0.015747 0.060059 0.040405
0.405762 0.411987 0.897827 -0.020264 0.075073 0.038208
0.362671 0.396729 0.926392 -0.064941 0.048340 0.043701
0.417603 0.277832 0.918457 -0.060791 0.010620 0.070313
0.477661 0.278076 0.858521 0.027588 0.038696 0.055542
0.434692 0.413330 0.823120 0.045044 0.093262 0.098755
0.456177 0.449341 0.838135 -0.036499 0.122559 0.189697
0.346924 0.473999 1.062256 -0.107544 0.162109 0.205688
0.322632 0.258057 1.188721 -0.125366 0.021484 0.121948
0.467896 0.202515 0.972656 0.021118 -0.011353 -0.033813
0.369141 0.351929 0.850098 0.043579 0.046021 -0.056152
0.406616 0.344360 0.902100 -0.043091 0.063477 0.006104
0.388306 0.260986 0.997803 -0.035767 0.076538 -0.000122
0.362549 0.316650 1.031006 0.019287 0.032837 -0.051880
0.369873 0.348145 0.959595 0.036377 0.001953 -0.103882
0.370972 0.365845 0.916992 0.020630 0.010620 -0.067749
0.380615 0.367798 0.924072 0.002808 0.018188 0.017700
0.368042 0.372437 0.929810 -0.010620 0.022827 0.052856
