0.100952 0.234497 1.041138 -0.008301 0.002686 0.008057
0.114502 0.233398 1.036743 -0.010132 -0.003906 0.010620
0.104126 0.244385 1.037842 -0.016968 -0.004272 -0.006836
0.096680 0.236816 1.040039 -0.023682 -0.009766 -0.014404
0.104126 0.224365 1.038818 -0.026123 -0.017700 -0.002197
0.115723 0.221436 1.045532 -0.020142 -0.018311 0.005737
0.107788 0.228516 1.039917 -0.015259 -0.013916 0.001587
0.093872 0.253418 1.044312 -0.016479 -0.012695 0.002686
0.083374 0.252563 1.037354 -0.030151 -0.025879 0.006836
0.119873 0.207764 1.043335 -0.031860 -0.036621 0.007813
0.124634 0.213257 1.044922 -0.015137 -0.027222 -0.005127
0.120972 0.229126 1.039307 -0.009399 -0.021973 -0.007568
0.106812 0.227173 1.038086 -0.008667 -0.023071 0.002808
0.130981 0.218018 1.040039 -0.003052 -0.020874 0.014404
0.099365 0.245728 1.036133 -0.003662 -0.021484 -0.003052
0.110352 0.235107 1.041870 -0.006226 -0.028320 -0.004150
0.162354 0.216675 1.048462 -0.005127 -0.021851 -0.016235
0.025757 0.237793 1.039551 -0.007324 -0.020752 -0.030151
0.121460 0.229370 1.043091 -0.010010 -0.048096 -0.000732
0.192749 0.204956 1.045166 -0.002075 -0.037598 -0.008179
-0.554077 0.615967 0.959473 0.072266 0.443604 -0.228882
0.225708 0.232178 1.034546 -0.035034 -0.080078 0.132813
0.291016 0.295410 1.035645 0.002075 0.036743 0.005249
0.103394 0.206421 1.040283 -0.026123 -0.038086 0.044067
0.098633 0.221802 1.042114 -0.024170 -0.034668 0.024170
0.088257 0.230469 1.039429 -0.015381 -0.047974 0.070679
0.354736 0.514648 1.106812 0.069946 0.159424 -0.015747
0.177002 0.309937 1.075439 0.050781 0.230469 -0.105835
0.219727 0.257935 1.040039 -0.038940 -0.086914 0.094604
0.174316 0.184448 1.039429 -0.017822 -0.028442 -0.005249
0.216064 0.224365 1.033569 0.007935 0.035400 0.000977
-0.451782 0.395386 1.047607 0.015747 0.136475 -0.009033
0.747070 0.176880 1.038086 -0.010864 0.025269 0.069214
0.596069 0.317871 1.029419 -0.027466 -0.128052 0.061157
0.242676 0.179810 1.034302 -0.013306 -0.007813 0.010742
0.426392 0.154053 0.999634 0.036743 0.109741 -0.088623
-0.431396 0.203735 1.059692 -0.032227 0.067383 -0.044312
-0.069580 0.261353 1.040894 -0.021362 0.054688 0.030151
0.191528 0.205078 1.035645 -0.017578 -0.030029 0.078003
-1.168945 0.511475 1.091431 0.039551 0.212158 -0.014160
0.477295 0.204224 0.990845 0.007202 0.032837 0.041138
0.217163 0.311157 1.042725 -0.028076 -0.058838 0.048950
0.126221 0.212036 1.041748 -0.026733 -0.044067 0.078003
0.148315 0.215576 1.040649 -0.006104 -0.009644 0.021973
0.099365 0.243652 1.036499 -0.001587 0.067749 -0.006470
0.132568 0.139038 0.909424 0.024170 0.210327 -0.002930
0.221680 0.133545 1.047852 -0.057129 -0.105347 0.148193
-0.486572 0.401489 1.076172 0.016602 0.109375 0.017212
-0.340210 0.176392 1.061279 -0.015869 0.025757 0.019775
0.127563 0.237061 1.039429 -0.020752 -0.037964 0.070068
0.041626 0.239502 1.041626 -0.015747 -0.025879 0.101685
0.541748 0.014160 0.993652 0.071777 0.150513 -0.024658
-0.047363 0.128174 1.057739 -0.025146 -0.031860 0.011719
0.108765 0.231445 1.042114 -0.028687 -0.023071 -0.013428
0.081787 0.220581 1.042725 -0.009766 -0.002563 -0.049316
0.059204 0.223877 1.042114 0.002930 0.004639 -0.081665
-0.395264 0.343872 1.075439 -0.026733 -0.170044 0.046265
0.317871 -0.021973 1.286621 0.043335 -0.300293 0.112549
0.292358 0.094482 1.067627 0.223755 -0.137207 -0.029785
0.281250 0.259766 0.878784 0.247437 0.013916 -0.071533
0.109375 0.401367 0.925781 0.167480 0.084839 -0.046265
0.050659 0.455933 0.896362 0.074219 0.101440 -0.016357
0.004761 0.480713 0.920654 -0.041992 0.085938 0.049072
-0.033081 0.361572 1.035767 -0.107300 0.033447 0.097412
0.036865 0.260376 1.045166 -0.134888 -0.026733 0.091064
0.099854 0.188599 1.064941 -0.107422 -0.028931 0.059082
0.124878 0.180664 1.058716 -0.060059 -0.007568 0.036133
0.100952 0.214355 1.045898 -0.026245 0.014282 0.020020
0.079834 0.285156 1.023438 -0.022705 0.028198 0.017578
0.022339 0.315308 1.038696 -0.046143 0.009399 0.017456
0.014404 0.304565 1.020020 -0.072876 0.005249 0.009521
0.068481 0.273071 1.026367 -0.090088 -0.001709 0.041992
0.072144 0.248291 1.041016 -0.088867 0.000854 0.050537
0.069702 0.210083 1.076782 -0.069580 -0.015015 0.030029
0.081665 0.230347 1.041626 -0.054565 -0.019287 0.010132
0.073853 0.235474 1.048340 -0.049561 -0.023193 0.002563
0.096436 0.243896 1.032959 -0.046387 -0.013550 -0.005737
0.059814 0.284790 1.022095 -0.048340 0.013916 0.006226
0.010620 0.274780 1.048828 -0.054321 -0.023682 0.018188
0.095459 0.216797 1.040527 -0.047363 -0.007568 -0.018311
0.104614 0.194214 1.042358 -0.020996 0.013916 -0.031616
0.059326 0.218750 1.039551 0.002319 0.022339 -0.022339
0.009766 0.281006 1.044189 -0.004761 0.003662 0.027222
0.079346 0.264526 1.036743 -0.020386 0.001099 0.043945
0.085938 0.238770 1.040649 -0.019409 0.006470 0.038940
-0.019409 0.262939 1.041260 -0.018921 -0.007568 0.046875
0.090088 0.232300 1.042114 -0.013184 -0.014771 0.059204
0.305054 0.211548 1.041138 0.009766 0.086426 0.000854
0.192505 0.275513 1.041138 -0.027954 -0.035400 0.065308
0.199219 0.302612 1.026001 -0.015137 0.098389 -0.003296
0.110718 0.230225 1.038330 -0.015625 0.017090 0.008301
-0.080811 0.269043 1.048950 -0.020264 0.013184 -0.008545
0.054688 0.240234 1.040039 -0.019653 -0.000854 0.011353
0.040161 0.239014 1.038940 -0.009155 0.002441 -0.000244
0.106079 0.215454 1.030151 0.003784 0.019165 -0.005127
-0.011841 0.256470 1.045776 -0.018311 -0.007568 0.025269
0.066895 0.217041 1.042725 -0.013184 -0.021484 0.045776
0.090332 0.217285 1.040405 0.006226 -0.002319 0.027344
0.117798 0.229858 1.041260 0.008545 0.014526 0.010742
-0.146606 0.325195 1.060059 0.020874 0.115845 -0.020508
0.196045 0.274902 1.037109 -0.025146 0.017212 0.069092
0.358154 0.255981 1.021606 0.020264 0.168213 -0.011230
0.015991 0.188965 1.044312 -0.022827 -0.034546 0.017334
0.083374 0.231567 1.040039 -0.022461 -0.018066 -0.003784
0.075073 0.240479 1.042969 -0.018921 -0.004150 0.008911
-0.007690 0.272583 1.043579 -0.011841 0.023804 0.010498
0.186035 0.166138 1.023193 0.016968 0.057373 -0.003662
-0.478394 0.203369 1.062256 -0.001221 0.032593 0.025635
0.139771 0.212769 1.037842 -0.015869 0.048950 0.047852
0.300293 0.202881 1.027954 0.017700 0.108276 0.000366
0.041260 0.244995 1.038818 -0.005981 -0.000732 0.013916
0.193848 0.232544 1.025513 -0.000122 0.062378 -0.031616
0.143188 0.309692 1.040039 -0.026733 -0.042236 -0.009521
0.582520 0.077393 0.973145 0.041992 0.156250 -0.038208
0.069458 0.308105 1.039307 -0.025635 -0.050293 0.107910
-1.423828 0.466919 1.108643 -0.041260 -0.075195 0.070068
0.166626 0.244995 1.033447 -0.015991 -0.039551 0.095825
0.137207 0.244507 1.034790 0.007813 0.055298 -0.049561
-0.201416 0.283691 1.048096 0.007568 0.038452 -0.031982
-0.020752 0.283569 1.043335 -0.014648 -0.017944 0.012451
-0.030273 0.256470 1.038330 -0.013184 -0.034912 0.051147
0.467041 0.190186 0.799072 0.020020 0.373169 -0.203369
0.164917 0.198730 1.047241 -0.045776 -0.125488 0.148193
0.243652 0.158325 1.027832 -0.027466 -0.033325 0.074707
-0.054810 0.222168 1.043945 0.003906 -0.001953 0.030762
0.054199 0.286865 1.033569 -0.007568 0.022827 0.053955
-0.243042 0.346313 1.108521 0.003662 0.140747 0.037964
-0.150269 0.283325 1.035522 -0.015137 0.063110 0.132568
-0.185303 0.259888 1.063110 -0.022949 0.000977 0.068481
0.071899 0.205933 1.039185 -0.009155 0.008423 -0.004395
0.013306 0.259521 1.038696 0.003296 0.017578 -0.020508
-0.061279 0.302002 1.036987 -0.018066 -0.017334 0.029175
0.019287 0.239014 1.039063 -0.018921 -0.018433 0.050293
0.083862 0.216431 1.038452 0.001221 0.008911 0.031982
0.003662 0.279419 1.038696 0.001221 0.015625 -0.000488
-0.004395 0.283447 1.036865 -0.014526 0.010620 -0.023193
0.019409 0.263184 1.035156 -0.025146 0.001587 -0.008301
0.028442 0.242798 1.040283 -0.018799 0.001831 0.000854
0.021851 0.238037 1.039917 -0.009644 0.010254 -0.005005
0.002197 0.276855 1.028687 -0.013184 0.007813 -0.019043
0.020630 0.253418 1.041016 -0.017944 0.013672 -0.045654
-0.015015 0.259644 1.037842 -0.017456 0.002686 -0.020386
-0.010132 0.246460 1.036499 -0.012695 -0.006714 0.007202
-0.003906 0.252197 1.035889 -0.004883 -0.006714 0.012817
-0.037231 0.245605 1.032227 -0.000610 -0.022095 0.042236
-0.033081 0.231812 1.040161 0.006714 -0.056519 0.096924
-0.434692 0.087646 1.084473 0.057861 -0.274048 0.172363
0.503296 -0.085938 1.300537 0.240845 -0.067871 0.024536
0.057251 0.227661 0.980713 0.340210 -0.070435 -0.123779
0.196045 0.322144 0.895508 0.280273 0.011597 -0.175415
