0.434082 0.343506 0.899902 -0.012695 0.036377 -0.024902
0.421631 0.328247 0.930298 -0.017334 0.028564 -0.006592
0.447388 0.314209 0.937256 -0.015747 0.008545 -0.006226
0.439697 0.317627 0.917603 -0.005249 0.005371 -0.022583
0.449463 0.334717 0.908325 -0.011230 -0.003418 -0.032837
0.438599 0.366455 0.901001 -0.019165 0.000244 -0.055786
0.429321 0.365845 0.902222 -0.031250 -0.008423 -0.071777
0.404663 0.321655 0.929199 -0.044556 -0.032715 -0.009644
0.435669 0.325684 0.923950 -0.032227 -0.043213 0.020508
0.441528 0.309814 0.917358 -0.028931 -0.054199 0.037109
0.457520 0.326416 0.918335 -0.028687 -0.045044 0.061401
0.437622 0.326294 0.928833 -0.018188 -0.046997 0.082764
0.468140 0.330811 0.887329 -0.031250 -0.052002 0.062500
0.462402 0.371094 0.879639 -0.048096 -0.042358 0.101563
0.510010 0.339111 0.891235 -0.080200 -0.001465 0.092407
0.456421 0.322754 0.925049 -0.084473 0.023682 0.079102
0.430420 0.302734 0.919434 -0.097412 0.001465 0.237305
0.501587 0.305664 0.935425 -0.036011 -0.006836 0.081787
0.482178 0.261841 0.924805 -0.016846 -0.004272 -0.022095
0.467651 0.303345 0.921509 -0.001465 0.006348 -0.031616
0.444946 0.317871 0.922485 -0.002563 0.009888 -0.050415
0.409058 0.313721 0.924438 -0.005981 -0.002808 -0.046875
0.419922 0.324951 0.922485 -0.009155 -0.027222 0.052979
0.424561 0.336060 0.916748 -0.020508 -0.048096 0.138184
0.452515 0.317993 0.918945 -0.031128 -0.053833 0.202026
0.492554 0.271118 0.913818 -0.031494 -0.049438 0.191406
0.501221 0.259033 0.920654 -0.013672 -0.038940 0.170776
0.498169 0.233643 0.926025 0.011353 -0.015991 0.139160
0.423828 0.302979 0.882202 0.107300 0.119507 0.004639
0.718018 0.008423 0.981812 -0.000732 -0.028442 0.197876
0.432739 0.295044 0.915039 0.058105 0.066040 0.074463
0.533691 0.057739 0.911011 0.044556 0.075928 -0.052612
0.719360 0.139771 0.932129 0.081787 0.109619 0.002930
0.310059 0.465576 0.920410 0.089111 0.132935 0.011597
0.311157 0.126709 0.748657 0.155884 0.267090 -0.072632
0.240845 0.135620 0.872192 0.047729 0.115601 0.056885
0.722290 -0.129639 0.821045 0.067017 0.162720 0.043213
0.485474 0.392212 0.948242 0.045654 0.103394 0.051270
0.606201 0.187622 0.947998 0.019775 0.056030 0.127441
0.675781 0.326538 0.928345 0.100952 0.143188 0.105835
0.179321 0.747192 0.926758 0.108032 0.108765 0.158325
0.671509 0.038940 0.919678 -0.017090 0.029785 0.087891
0.557861 0.256226 0.929932 -0.033447 -0.039063 0.114258
0.457642 0.300781 0.925659 -0.012451 -0.006348 0.031616
0.424683 0.311890 0.927002 -0.013306 -0.000732 -0.025024
0.383911 0.338013 0.932983 -0.009766 -0.003906 -0.064331
0.346680 0.409912 0.931396 -0.048584 -0.048218 -0.019287
0.062500 0.272827 1.135010 -0.141968 -0.212524 0.184204
0.605591 0.140259 1.040894 0.026123 -0.287842 0.061646
0.509277 0.132690 0.855591 0.153076 -0.188232 -0.027710
0.615356 0.339478 0.807983 0.218140 -0.056885 0.064331
0.550659 0.394409 0.819458 0.226318 0.123047 -0.144775
0.342407 0.506958 0.844604 0.156250 0.146118 0.025146
0.377930 0.454834 0.879395 0.023438 0.087524 0.109619
0.422729 0.386841 0.900513 -0.042114 0.036743 0.143921
0.434448 0.334595 0.898926 -0.084473 0.015747 0.150757
0.469482 0.297119 0.923950 -0.080078 0.022217 0.150269
0.441406 0.298950 0.932129 -0.065186 0.021729 0.076660
0.469849 0.283936 0.917969 -0.062744 -0.000122 0.020020
0.445190 0.301147 0.922241 -0.054688 0.006714 -0.023682
0.461060 0.328247 0.916138 -0.048462 0.002319 -0.018433
0.431396 0.361206 0.900879 -0.045776 0.018555 0.011353
0.428467 0.379028 0.906860 -0.071289 0.022461 0.075317
0.417603 0.324585 0.938354 -0.116699 0.020264 0.073364
0.429688 0.291870 0.939209 -0.123901 0.000977 0.034180
0.455811 0.298340 0.928467 -0.114746 -0.008545 0.003784
0.453125 0.282349 0.938599 -0.107056 -0.006714 -0.012329
0.417236 0.222778 0.998657 -0.060913 -0.016479 -0.038818
0.416504 0.234619 0.933838 -0.030151 -0.009888 -0.018433
0.431396 0.308594 0.928467 -0.017456 -0.010742 -0.026367
0.459961 0.296875 0.923828 -0.029297 -0.010132 -0.037720
0.430664 0.334839 0.924194 -0.023193 -0.008545 -0.021240
0.423218 0.304688 0.927246 -0.035889 -0.010376 -0.034546
0.444702 0.271729 0.929199 -0.032593 -0.014771 -0.022095
0.457031 0.281738 0.934082 -0.016479 -0.008789 -0.048584
0.462036 0.300903 0.923706 -0.013062 -0.001465 -0.087280
0.416870 0.320923 0.934326 -0.018066 0.007202 -0.107666
0.405762 0.325439 0.931274 -0.031128 -0.011963 -0.038330
0.448608 0.285767 0.930420 -0.033813 -0.023804 -0.010498
0.456787 0.277344 0.934082 -0.019775 -0.017944 -0.004517
0.438843 0.306763 0.930664 -0.007080 -0.008789 0.006104
0.425781 0.315063 0.935059 -0.011353 -0.010742 0.046875
0.432373 0.299561 0.933105 -0.011108 -0.015015 0.078003
0.461670 0.267334 0.929199 -0.005859 -0.019287 0.098755
0.449219 0.307617 0.931763 0.006592 -0.007202 0.099121
0.483643 0.323486 0.935425 0.015625 0.015381 0.064453
0.503296 0.278320 0.930664 0.005249 0.005249 0.050659
0.436035 0.339233 0.926147 0.000366 0.014282 0.040649
0.469238 0.306641 0.932495 -0.004761 0.016235 0.020142
0.381348 0.306519 0.929932 -0.001587 0.035645 -0.028198
0.447388 0.278442 0.933960 0.009277 0.042725 -0.032593
0.372070 0.342773 0.926758 0.015259 0.042114 0.008179
0.443726 0.316284 0.932983 -0.006958 0.014282 -0.008179
0.504883 0.306885 0.952148 -0.017700 0.025146 -0.023193
0.177368 0.323120 0.917236 -0.011475 0.046997 -0.016357
0.526733 0.306030 0.939331 -0.012085 0.006714 0.097534
0.523315 0.158936 0.927368 0.002808 0.030640 0.030640
0.362183 0.270142 0.940918 -0.026855 -0.014404 0.099854
0.546265 0.211914 0.949219 -0.004639 0.022949 0.047119
0.851807 0.277100 0.983643 0.047852 0.066650 -0.018677
0.417603 0.316895 0.934448 0.000732 0.010132 0.102173
0.368286 0.414307 0.948975 0.090820 0.131104 -0.099854
0.381592 0.297974 0.930054 -0.002319 0.043335 -0.027222
0.235474 0.445068 0.937134 0.051514 0.135010 -0.136230
0.596436 0.266113 0.916016 0.028442 0.077759 -0.011841
0.737915 0.095947 0.924927 0.002441 0.026367 0.038208
0.497559 0.327393 0.960449 0.056519 0.089966 -0.007813
0.262451 0.255981 0.931396 0.004395 0.051147 0.052734
0.927124 0.122437 0.943359 0.050781 0.075195 0.082886
0.356689 0.389893 0.964600 0.036865 0.057617 0.096680
0.187500 0.414795 0.944214 0.029663 0.056641 0.037842
0.101196 0.507446 0.947144 0.044434 0.124634 -0.022583
0.429077 0.405518 1.004639 0.052979 0.089600 0.008667
0.576538 0.045654 0.934570 -0.011719 0.011475 0.119751
0.216675 0.378174 0.923340 0.043701 0.116211 0.064819
0.050171 0.503296 0.931274 0.017578 0.109619 0.031372
0.487183 0.144531 0.897217 0.048584 0.084473 0.044800
0.468994 0.207153 0.946533 -0.013306 0.002441 0.113892
0.393311 0.240112 0.945679 -0.014648 0.017090 0.045410
0.424194 0.295044 0.948486 -0.011963 -0.006714 0.090088
0.301025 0.358154 0.942505 0.000732 0.019897 0.027466
0.393188 0.321899 0.952881 -0.021484 -0.010986 0.009155
0.419678 0.319702 0.944824 -0.019287 -0.001099 -0.037354
0.355225 0.330444 0.950684 -0.014893 0.015259 -0.091797
0.347412 0.328979 0.951294 -0.011108 0.011230 -0.076050
0.387329 0.295532 0.947876 0.005859 0.008301 -0.057495
0.332397 0.371582 0.950073 0.017334 0.004883 -0.067749
0.197388 0.215210 1.058960 -0.038086 -0.139160 -0.010254
0.442383 0.175781 1.149170 0.127930 -0.090332 -0.098511
0.390015 0.134155 1.039551 0.273560 -0.131470 -0.304688
0.359253 0.305176 0.904541 0.321899 -0.156494 -0.282715
0.439697 0.416992 0.868286 0.300415 -0.147583 -0.272583
0.308350 0.458008 0.927002 0.258179 -0.179932 -0.266846
0.414429 0.416870 0.894165 0.283569 -0.169434 -0.294678
0.371460 0.563354 0.813965 0.292969 -0.117676 -0.229614
0.308472 0.608154 0.798218 0.165894 -0.094482 -0.094360
0.325806 0.561035 0.876465 0.055420 -0.113403 -0.041016
0.395630 0.455566 0.902222 0.018555 -0.144409 0.009399
0.444092 0.474731 0.880615 0.023804 -0.102173 -0.008423
0.332031 0.501343 0.908447 -0.000854 -0.098511 -0.001465
0.445679 0.501709 0.883911 -0.046631 -0.120605 0.009399
0.420410 0.420044 0.897949 -0.053589 -0.117554 -0.019653
0.462524 0.399170 0.901733 -0.017822 -0.112915 -0.032715
0.399292 0.477783 0.877563 0.003784 -0.108276 -0.073364
0.483887 0.458618 0.830444 -0.028320 -0.083130 -0.035522
0.308960 0.487915 0.850220 -0.034668 -0.024902 -0.037598
0.371094 0.471191 0.859497 -0.057739 -0.078369 0.054688
0.440552 0.423706 0.834473 -0.082764 -0.079834 0.055908
0.393188 0.415894 0.824097 -0.094116 -0.059082 0.109375
0.393921 0.439697 0.820435 -0.100708 -0.077026 0.157837
