-0.119873 0.444336 0.964844 -0.026733 0.007568 -0.012329
-0.095825 0.464478 0.953369 -0.017090 0.017090 -0.014038
-0.107056 0.467773 0.941895 -0.024780 0.022461 -0.038574
-0.153076 0.446167 0.943726 -0.024658 0.013550 -0.028687
-0.150391 0.419922 0.958984 -0.015747 -0.001587 -0.013672
-0.148193 0.432739 0.951782 -0.006104 -0.008423 -0.001831
-0.147461 0.453857 0.938232 -0.003174 -0.019409 0.007690
-0.134155 0.479980 0.943115 -0.009399 -0.024170 -0.003418
-0.112793 0.474243 0.940186 -0.021240 -0.024780 -0.020142
-0.106934 0.446777 0.954834 -0.030273 -0.011597 -0.052368
-0.127197 0.444824 0.955200 -0.024414 -0.002563 -0.059204
-0.180176 0.424805 0.935547 -0.015869 -0.025757 -0.041260
-0.142212 0.449219 0.943726 -0.001343 -0.045166 -0.044067
-0.138794 0.474243 0.922974 -0.014771 -0.053223 -0.037964
-0.131958 0.462402 0.928467 -0.049438 -0.050171 -0.024292
-0.121338 0.469238 0.947021 -0.076538 -0.041016 -0.035767
-0.160400 0.426392 0.954590 -0.064819 -0.066650 -0.021606
-0.162842 0.429688 0.945679 -0.064209 -0.082275 0.003052
-0.151001 0.437988 0.948975 -0.056641 -0.104858 0.029053
-0.097168 0.446167 1.119263 -0.048584 -0.086670 -0.032959
-0.064697 0.440552 0.948975 -0.013794 -0.031372 -0.026489
-0.092285 0.462891 0.957886 -0.005737 -0.001099 0.010132
-0.105469 0.457642 0.960327 -0.012451 0.007813 -0.000122
-0.142822 0.437500 0.956787 -0.012451 -0.002075 -0.000854
-0.138794 0.424561 0.954346 -0.003662 -0.020020 0.040527
-0.105225 0.434448 0.957397 -0.004028 -0.014160 0.054810
-0.084717 0.458252 0.958618 -0.010254 0.000488 0.040771
-0.012085 0.580322 0.957764 -0.080688 0.058716 -0.026001
-0.121826 0.436401 0.963013 -0.005981 -0.008545 0.054565
-0.176636 0.304810 0.954834 -0.019897 0.004395 0.041992
-0.123779 0.438354 0.985840 -0.043335 0.022949 -0.019409
-0.181030 0.297974 0.957275 0.021118 -0.027588 0.064575
-0.112183 0.474243 0.954956 -0.016846 0.021973 0.024780
-0.053467 0.491699 0.966919 0.006348 -0.002808 0.029297
-0.094116 0.395996 0.952515 0.051514 -0.041870 0.058472
-0.445679 0.585693 0.949341 -0.185547 0.135254 -0.094849
-0.108276 0.566284 0.956421 0.005249 -0.040894 0.045410
-0.069458 0.532837 0.956299 0.013062 -0.023804 -0.014771
-0.118896 0.421997 0.963623 0.011841 -0.012573 0.028564
-0.741699 0.160889 0.982544 -0.175781 0.162231 -0.064941
0.041748 0.692505 0.995239 -0.083374 0.008545 0.036011
-0.044678 0.572266 0.941284 -0.117065 0.071045 -0.001953
-0.280518 0.473389 0.963135 -0.111450 0.070313 -0.025513
0.226563 0.898804 0.968140 -0.138062 0.124268 -0.013794
-0.160034 0.460815 1.002930 -0.050171 0.045410 0.109131
-0.313232 0.327148 0.945557 -0.163818 0.122559 0.029297
-0.170654 0.539185 0.929810 -0.062744 0.035278 0.062744
-0.054810 0.961792 1.099365 -0.248413 0.167847 -0.063110
-0.151245 0.509399 0.972778 -0.129028 0.054565 -0.009033
-0.055176 0.522705 0.978394 -0.022461 0.014038 0.056641
-0.111328 0.391479 0.956665 0.014526 -0.041626 0.090698
-0.076050 0.474121 0.961060 -0.001221 -0.018066 -0.009033
-0.099609 0.436157 0.970581 -0.020508 0.002441 -0.057129
-0.151001 0.374023 0.966553 -0.015991 0.021973 -0.054077
-0.359985 0.150269 0.976685 0.090332 -0.060669 0.072998
0.104492 0.320190 1.244385 0.248779 -0.146973 0.080811
0.151245 0.588989 0.997314 0.201904 0.111084 -0.134399
-0.110840 0.458008 0.809326 0.057739 0.200439 -0.125610
-0.164307 0.511841 0.885986 -0.035034 0.204224 -0.111572
-0.319702 0.486938 0.829468 -0.072266 0.131348 -0.051270
-0.344971 0.433105 0.857056 -0.079834 0.002319 0.097900
-0.277954 0.415161 0.924194 -0.080200 -0.082153 0.155029
-0.105103 0.455078 0.966797 -0.084229 -0.098389 0.106812
-0.062134 0.405396 1.016724 -0.057373 -0.051514 0.056885
-0.070313 0.423584 0.987305 -0.031006 -0.005859 0.004883
-0.098633 0.430664 0.972778 -0.008423 0.019165 -0.029541
-0.188232 0.401123 0.943115 -0.006348 0.004639 -0.019531
-0.216187 0.409180 0.937744 -0.009277 -0.029541 -0.004883
-0.166870 0.423950 0.947632 -0.009033 -0.051880 0.010376
-0.146240 0.431885 0.954102 -0.013184 -0.053345 0.022339
-0.113647 0.437134 0.970581 -0.029053 -0.038696 0.033203
-0.161621 0.391235 0.958130 -0.037231 -0.038696 0.000122
-0.139648 0.441284 0.942383 -0.040283 -0.044312 -0.020020
-0.166992 0.424438 0.948242 -0.057495 -0.053955 0.013550
-0.150146 0.451172 0.946533 -0.072510 -0.050537 0.043823
-0.182129 0.391235 0.966187 -0.071655 -0.067627 0.079712
-0.134521 0.494751 0.955566 -0.014893 -0.055664 0.038818
-0.080322 0.444092 0.970825 -0.015991 -0.013062 0.021851
-0.081909 0.451904 0.960327 -0.027710 0.019775 0.010986
-0.157471 0.406250 0.966064 -0.032349 0.016357 0.004883
-0.166016 0.394775 0.962524 -0.016479 -0.006714 0.026489
-0.149658 0.417480 0.965332 -0.012695 -0.017212 0.035889
-0.115845 0.435913 0.960205 -0.027954 -0.005737 0.024658
-0.123413 0.412476 0.964478 -0.016479 -0.014893 0.028320
-0.109253 0.424683 0.959106 -0.018066 -0.006592 0.008179
-0.128174 0.413452 0.965576 -0.019409 0.000122 0.010376
-0.132568 0.404297 0.969238 -0.013916 0.002319 0.037598
-0.089233 0.474609 0.966553 -0.038696 0.025879 0.026123
-0.088623 0.426636 0.962891 0.000366 -0.023560 0.061035
-0.109009 0.433228 0.968262 -0.004639 -0.015625 0.066772
-0.061279 0.482788 0.975830 -0.040283 0.026978 0.037476
-0.179321 0.339844 0.951172 -0.021362 0.010010 0.058960
0.012695 0.562012 0.964478 -0.022583 0.034790 0.057129
-0.126465 0.361572 0.967407 -0.024902 -0.010742 0.074219
-0.243896 0.213501 0.973022 -0.040894 0.000244 0.037109
-0.144653 0.405518 0.967041 -0.045166 0.005737 0.056885
0.034180 0.536865 0.971069 -0.014648 -0.029297 0.068481
-0.060913 0.465698 0.969116 -0.002930 -0.030396 0.064331
-0.082397 0.431030 0.966187 -0.018311 -0.000122 0.046143
-0.035156 0.503784 0.964111 -0.045044 0.044067 0.016357
-0.169067 0.443604 0.984131 -0.048462 0.054199 0.009155
-0.043457 0.429443 0.961548 0.005005 -0.033936 0.082886
-0.833740 0.254517 1.055786 -0.211426 0.235229 -0.161011
-0.302368 0.210083 0.945801 -0.046631 -0.013794 0.100464
-0.054443 0.358521 0.956299 -0.056152 0.020020 0.062744
-0.168823 0.339478 0.959961 -0.081177 0.078735 0.010864
-0.124878 0.541260 0.989014 -0.023071 0.023071 0.089355
-0.173340 -0.040649 0.961182 -0.112305 0.007080 -0.026367
-0.025391 0.468018 0.990112 0.012085 -0.044067 0.163818
-0.395264 0.350952 0.980469 -0.152344 0.150146 -0.050293
-0.221680 0.121704 0.954102 -0.069702 -0.015503 0.024658
0.117554 0.634155 0.962158 -0.030762 -0.011108 0.044312
-0.367065 0.253540 0.992065 -0.056519 0.050903 0.040039
0.386719 0.867188 0.991699 -0.081543 0.076660 0.010742
-0.367554 0.321655 0.989136 -0.030640 0.032715 0.135376
-0.084229 0.473267 0.971680 -0.004883 -0.019775 0.065918
-0.113037 0.407471 0.971436 -0.040161 0.010864 -0.063232
-0.153442 0.389526 0.971313 -0.036377 0.011108 -0.080811
-0.188354 0.363403 0.977173 -0.029175 0.000610 -0.036987
-0.137207 0.395264 0.973633 -0.016235 -0.012085 0.005737
-0.154419 0.390991 0.978027 -0.017578 -0.000122 0.001465
-0.184326 0.354858 0.978638 -0.014771 -0.004150 -0.007324
-0.130249 0.396362 0.974365 -0.005615 -0.018677 0.008911
-0.096313 0.428345 0.974243 -0.015381 0.001465 -0.021240
-0.155029 0.390015 0.974365 -0.038574 0.025513 -0.100708
-0.191040 0.342285 0.976929 -0.025635 0.013184 -0.074219
-0.151001 0.335571 0.976807 0.011230 0.002686 0.010010
-0.148193 0.376343 0.980347 0.030396 0.008667 0.051514
0.055420 0.385864 1.085205 0.054810 -0.024170 0.036621
0.079346 0.434570 1.089722 0.086426 0.154541 -0.147827
0.022949 0.479980 0.955078 0.090088 0.292969 -0.331543
-0.295654 0.362061 0.923096 0.073975 0.277710 -0.324463
-0.374512 0.424805 0.858765 0.058350 0.164185 -0.260132
-0.372070 0.410278 0.859863 0.008911 0.062622 -0.180298
-0.325317 0.425049 0.894531 -0.051025 -0.010620 -0.079956
-0.274902 0.307129 0.992432 -0.058838 -0.054565 0.001099
-0.187256 0.383545 0.987183 -0.008423 -0.053223 0.033569
-0.135864 0.408813 0.961304 -0.005493 -0.032471 0.033813
-0.111816 0.413452 0.961670 -0.013184 0.008057 -0.041870
-0.138916 0.433960 0.957886 -0.016113 0.062500 -0.099731
-0.305786 0.351563 0.933594 -0.015869 0.055176 -0.135376
-0.317505 0.347534 0.949219 0.006470 -0.002930 -0.069092
-0.251953 0.352295 0.970825 0.031128 -0.030396 -0.009521
-0.207764 0.418579 0.947266 0.033325 -0.022217 -0.001953
-0.200317 0.439697 0.940186 0.008179 -0.020630 -0.033447
-0.220825 0.385132 0.966919 -0.019653 -0.023193 -0.057129
-0.207275 0.377808 1.002686 0.021362 -0.032715 -0.075684
-0.122559 0.467896 0.958130 0.025635 0.001343 -0.094482
-0.230713 0.398193 0.921387 -0.019897 0.046021 -0.087646
-0.323975 0.338257 0.921509 -0.031616 0.003296 -0.049438
