0.469849 0.284790 0.918945 -0.016846 -0.005859 -0.000732
0.475098 0.270508 0.925293 -0.018188 -0.008911 0.000977
0.479736 0.273560 0.916870 -0.012573 -0.010986 -0.004028
0.478516 0.273682 0.912842 -0.011963 -0.012329 -0.003296
0.484375 0.276367 0.920166 -0.012085 -0.010742 -0.000122
0.475098 0.280518 0.916382 -0.010010 -0.009766 -0.002686
0.478394 0.284424 0.922852 -0.014160 -0.012817 -0.001465
0.483643 0.280396 0.914917 -0.014282 -0.009277 -0.000732
0.488770 0.273315 0.916626 -0.016113 -0.009766 0.002686
0.479370 0.278198 0.917236 -0.014893 -0.007446 -0.004272
0.480591 0.273193 0.922729 -0.015503 -0.007813 -0.008057
0.479126 0.266968 0.922974 -0.013184 -0.009277 -0.006470
0.481201 0.273071 0.926636 -0.007813 -0.012085 -0.018555
0.495239 0.284424 0.921631 -0.009521 -0.027344 0.006470
0.494507 0.289063 0.902100 -0.009521 -0.010498 -0.007690
0.516724 0.319336 0.843262 -0.033203 0.005127 -0.017944
0.405396 0.276733 0.925049 -0.060059 0.011475 -0.020020
0.500854 0.148315 0.920288 -0.081421 -0.024658 -0.017090
0.466553 0.226196 0.919434 -0.061646 0.016357 -0.065552
0.530762 0.285767 0.937866 -0.053467 -0.015015 -0.026123
0.436035 0.331909 0.882935 -0.061035 -0.000366 -0.093750
0.461304 0.365601 0.864258 -0.145142 -0.000977 -0.059326
0.479370 0.359131 0.894043 -0.212402 0.012939 0.046753
0.395142 0.279663 0.978394 -0.221558 0.027710 0.100708
0.456909 0.144653 1.112915 -0.194214 -0.024292 0.113892
0.577637 0.066162 0.933838 -0.089600 -0.031982 0.022095
0.561646 0.150879 0.933838 0.016235 0.008179 -0.047852
0.509644 0.242432 0.923584 0.028931 0.019409 -0.058716
0.405762 0.327637 0.922119 0.034790 0.028809 -0.075439
0.533081 0.303955 0.945190 0.022705 0.010620 -0.046387
0.406006 0.293091 0.931030 -0.003296 0.007690 -0.042480
0.446167 0.241455 0.931763 -0.020874 -0.017578 -0.028687
0.461670 0.259888 0.933472 -0.029297 -0.012939 -0.022095
0.479492 0.246704 0.934814 -0.025635 -0.021362 0.004517
0.474365 0.268799 0.931274 -0.027832 -0.028442 0.002563
0.493042 0.241455 0.928833 -0.031982 -0.034790 0.033203
0.489502 0.219727 0.927368 -0.021973 -0.024414 0.057739
0.514282 0.199829 0.927612 0.000732 -0.010742 0.048706
0.395386 0.345947 0.933716 0.059082 0.044434 0.040039
0.782227 0.024780 0.938232 0.093506 0.078247 0.071655
0.118408 0.584961 0.920166 0.205933 0.175781 0.186523
0.315186 0.315186 0.857056 0.156128 0.172729 0.177002
-0.138428 0.529175 0.894775 0.189331 0.245972 0.098511
0.907349 -0.398560 0.769287 0.069702 0.119995 -0.000366
0.083374 0.340698 0.894531 0.224609 0.202026 0.026245
0.611084 -0.104248 0.890991 0.124268 0.186890 -0.064331
0.427124 0.188354 0.896851 0.054810 0.080078 0.040894
0.451172 0.157593 0.929932 -0.064697 -0.029907 0.110107
0.450562 0.214966 0.937744 -0.044312 -0.022095 0.003418
0.434570 0.266479 0.933350 -0.011597 -0.002075 -0.047974
0.433105 0.284424 0.936646 0.000000 0.006226 -0.067139
0.402466 0.322754 0.940918 -0.000122 0.007080 -0.080566
0.358154 0.362671 0.937744 -0.021606 -0.016357 -0.039673
0.331299 0.372314 0.937012 -0.068115 -0.068359 0.133301
0.495117 0.240112 1.018311 -0.116943 -0.093750 0.183594
0.473877 0.138184 1.005981 0.013062 -0.070068 0.050415
0.494507 0.236206 0.906250 0.094849 -0.076904 -0.030640
0.500854 0.273438 0.874023 0.100464 -0.013916 -0.059814
0.444702 0.339966 0.910889 0.086426 0.020752 -0.000244
0.425293 0.373657 0.911743 0.070435 0.028564 0.010986
0.441528 0.376099 0.896362 0.021240 0.026611 0.029297
0.398315 0.376343 0.924194 -0.035400 0.018188 0.078857
0.450073 0.299683 0.927124 -0.057373 0.015503 0.069214
0.440430 0.293213 0.934082 -0.067261 0.009766 0.039307
0.453003 0.251221 0.955811 -0.049927 0.008179 0.026123
0.438477 0.262695 0.949341 -0.017578 0.006592 0.019775
0.441895 0.313965 0.921021 -0.007690 0.009644 0.008911
0.432495 0.341553 0.915161 -0.031128 0.010010 0.002319
0.435303 0.340942 0.910034 -0.057251 0.017944 0.006958
0.417725 0.342407 0.913940 -0.094604 0.015625 0.033447
0.528076 0.218994 0.962402 -0.071777 -0.050415 -0.047363
0.394287 0.174316 0.938232 -0.029785 -0.003296 -0.046875
0.434448 0.286377 0.937134 0.006836 0.002563 -0.034668
0.417480 0.329834 0.933838 0.001587 -0.002197 -0.033813
0.427124 0.322754 0.937500 -0.020020 -0.013550 -0.001343
0.438965 0.297485 0.938843 -0.029907 -0.020020 0.011230
0.450195 0.286011 0.938599 -0.029053 -0.019287 0.006470
0.441284 0.287231 0.930786 -0.023926 -0.013794 0.007446
0.439575 0.280640 0.937378 -0.017334 -0.009521 0.000366
0.442383 0.291626 0.935059 -0.011597 -0.009155 -0.015137
0.439453 0.303467 0.935303 -0.015625 -0.007202 -0.017700
0.424927 0.306763 0.933472 -0.024780 -0.011841 -0.001953
0.441528 0.284058 0.934937 -0.027832 -0.018433 0.017822
0.443481 0.284058 0.938599 -0.021973 -0.015991 0.016113
0.442505 0.290894 0.931641 -0.018311 -0.011475 0.016357
0.412720 0.311279 0.939331 -0.022949 -0.012817 0.027954
0.448730 0.290527 0.936523 -0.026001 -0.012207 0.013062
0.479004 0.244385 0.939575 -0.014282 0.003662 -0.012695
0.219482 0.435303 0.921753 0.007080 0.048950 -0.020874
0.688843 0.026245 0.911743 0.048828 0.053833 -0.062500
0.422363 0.415527 0.945679 0.062134 0.063721 -0.082886
0.527466 0.285889 0.937256 0.009399 0.018921 0.094971
0.490967 0.522583 0.967041 0.088989 0.070313 0.031738
0.437744 0.297241 0.949707 0.035522 0.078003 -0.037598
0.382568 0.414551 0.981445 0.073730 0.077148 0.086548
0.457031 0.400024 0.917236 0.102539 0.186035 0.022949
0.534790 0.634399 0.982910 0.103882 0.128784 0.137939
0.493652 0.191162 0.915527 0.085571 0.130127 0.071045
0.566528 0.288330 0.947144 0.064209 0.084961 0.135742
0.511597 0.208008 0.938110 0.070923 0.109863 0.157104
0.228271 0.444702 0.976318 0.057129 0.153198 0.166748
0.347290 0.373535 0.920288 0.044922 0.038818 0.159668
0.245239 0.318359 0.883179 0.033203 0.057861 0.120483
0.436035 0.278931 0.932251 0.057983 0.086548 0.112183
0.116211 0.413696 0.941406 0.027588 0.130615 0.083496
0.328125 0.412109 0.921631 0.063477 0.086792 0.069214
0.495605 0.201660 0.952881 -0.040894 -0.018799 0.002808
0.398560 0.312134 0.952026 0.012085 0.023438 -0.147827
0.357056 0.372070 0.950928 -0.003906 0.015869 -0.122070
0.324829 0.325073 0.946655 -0.035034 -0.007568 -0.066162
0.398682 0.271973 0.955688 -0.034546 -0.024658 0.012573
0.376099 0.317139 0.948486 0.000366 -0.006836 -0.013550
0.365845 0.341919 0.947754 0.002197 -0.004883 -0.005005
0.392212 0.296021 0.949951 0.003418 -0.007690 0.035034
0.382080 0.277100 0.957520 0.024658 -0.000488 -0.003784
0.315552 0.261475 1.023804 -0.026611 -0.065063 0.048828
0.458984 0.175903 1.072754 0.118652 -0.072632 -0.110840
0.396484 0.193481 0.994141 0.243408 -0.103516 -0.230103
0.389404 0.356323 0.900513 0.270874 -0.099609 -0.274048
0.370361 0.431885 0.877808 0.214722 -0.093018 -0.248169
0.393921 0.484131 0.880981 0.140991 -0.094727 -0.205933
0.377197 0.447388 0.858276 0.055542 -0.095093 -0.202759
0.449097 0.460815 0.868408 -0.032349 -0.095215 -0.159668
0.329102 0.447754 0.883789 -0.101929 -0.088745 -0.085449
0.356323 0.387695 0.907104 -0.132568 -0.088013 -0.070435
0.420044 0.382202 0.917847 -0.152588 -0.132813 -0.008789
0.406616 0.322510 0.962158 -0.151611 -0.135742 -0.075562
0.373413 0.337769 0.934570 -0.111572 -0.137329 -0.184692
0.484985 0.384155 0.870850 -0.091309 -0.139038 -0.159424
0.322754 0.417603 0.902344 -0.108398 -0.071289 -0.137451
0.394409 0.413208 0.949585 -0.135864 -0.106445 -0.043701
0.376953 0.382935 0.960938 -0.108765 -0.100098 -0.046143
0.383667 0.356567 0.912964 -0.085083 -0.095703 -0.070923
0.419312 0.380005 0.902222 -0.068848 -0.082153 -0.060547
0.401245 0.378052 0.907104 -0.067993 -0.074951 -0.048462
0.426392 0.373779 0.907593 -0.077637 -0.072266 -0.057251
0.424927 0.362183 0.926270 -0.042847 -0.019897 -0.059570
0.390747 0.395386 0.915894 -0.020386 -0.012573 -0.017944
0.393433 0.359253 0.925903 -0.033325 -0.025269 0.015137
0.421997 0.362183 0.916626 -0.021851 -0.017456 0.009521
0.419922 0.368652 0.916626 -0.028809 -0.011963 -0.004395
0.421387 0.349976 0.921143 -0.025879 -0.014526 -0.012329
0.417725 0.351196 0.925293 -0.018555 -0.008057 0.007446
0.404785 0.371216 0.922729 -0.017090 -0.013306 0.008057
0.402710 0.363525 0.924805 -0.023560 -0.015381 -0.004883
0.419922 0.362793 0.925781 -0.021240 -0.015625 0.002563
0.425903 0.373657 0.905396 -0.020020 -0.007324 -0.009399
0.400879 0.379883 0.912842 -0.033325 -0.012207 -0.010498
0.407227 0.355835 0.928833 -0.034302 -0.010864 -0.002563
0.417847 0.349121 0.931519 -0.028320 -0.013550 0.001465
