0.121338 0.448975 0.960815 -0.016479 -0.011108 -0.005127
0.126221 0.444336 0.967651 -0.021851 -0.014771 -0.022339
0.135742 0.442627 0.968262 -0.022339 -0.012817 -0.022339
0.136353 0.435669 0.961792 -0.022339 -0.009521 -0.022949
0.132568 0.438354 0.960938 -0.019287 -0.003052 -0.026123
0.112549 0.433350 0.962891 -0.017456 -0.004272 -0.026733
0.113525 0.439453 0.960327 -0.015991 -0.014282 -0.013428
0.106934 0.442383 0.964478 -0.015137 -0.026001 -0.010742
0.120850 0.439941 0.968628 -0.016846 -0.034424 -0.002075
0.162720 0.433594 0.964478 -0.015259 -0.026489 -0.002441
0.149170 0.436646 0.964722 -0.007446 -0.006836 -0.014404
0.106079 0.444336 0.960205 -0.005371 -0.006104 -0.015747
0.092896 0.442749 0.963867 -0.008179 -0.024170 -0.006592
0.111328 0.427612 0.962158 -0.006226 -0.041016 0.021973
0.164063 0.428345 0.962402 0.005493 -0.038330 0.057373
0.165527 0.440063 0.958252 0.015259 -0.011719 0.058105
0.163696 0.448242 0.966431 0.021973 0.002075 0.051514
-0.229980 0.810791 0.996826 -0.003296 0.234863 -0.062622
0.167969 0.502930 0.966064 -0.018921 0.031860 0.054810
0.211304 0.498047 0.963135 0.011963 -0.021851 0.113892
0.235107 0.610107 0.954590 -0.031982 0.120117 0.027222
0.735352 0.549683 0.900757 -0.014404 0.085327 0.097046
-0.061768 0.433105 1.012207 -0.007813 0.089111 0.155029
0.040771 0.359619 0.960815 -0.035156 0.188965 0.090210
0.099854 0.357178 0.966675 0.018677 0.001587 0.238525
-0.598877 0.244263 1.029907 -0.099121 0.341919 -0.069336
0.426636 0.772095 0.948853 -0.043457 0.168213 0.241821
0.516968 1.085938 0.981812 0.011963 0.211670 0.173340
0.039063 0.215088 0.941528 -0.031250 -0.014893 0.105347
0.073608 0.381104 0.969482 -0.004272 0.002930 0.068359
0.073608 0.447266 0.965210 -0.002075 -0.009277 0.041504
0.118652 0.453857 0.968750 -0.009521 -0.018555 0.032959
0.117432 0.433838 0.969727 -0.018066 -0.007690 -0.031128
0.117676 0.441406 0.966553 -0.015625 0.005859 -0.055908
0.001953 0.398438 0.966431 -0.009399 -0.003662 -0.066406
-0.317993 0.125977 1.140991 0.083496 -0.201050 0.109253
0.419312 0.435303 1.125488 0.239136 -0.184204 0.018677
0.283325 0.485352 0.839844 0.223511 0.034058 -0.119141
0.119019 0.529785 0.847046 0.138428 0.119995 -0.064087
0.065308 0.588867 0.857666 0.072632 0.129272 -0.024292
0.008423 0.561279 0.860229 -0.014160 0.070679 0.049194
0.059448 0.535400 0.933228 -0.062988 0.001587 0.053223
0.064819 0.464844 0.945068 -0.088013 -0.025879 0.054077
0.131592 0.466431 0.949341 -0.095459 -0.031616 0.064087
0.109497 0.424561 0.983765 -0.088013 -0.019409 0.043579
0.112793 0.411011 0.986694 -0.054199 -0.014526 0.028931
0.102051 0.444336 0.960938 -0.033203 -0.025024 0.008057
0.096069 0.450195 0.965454 -0.023804 -0.034424 0.016968
0.114014 0.494263 0.930542 -0.031372 -0.039063 0.001343
0.072144 0.489746 0.933838 -0.061646 -0.031128 0.031738
0.082275 0.466797 0.956787 -0.091553 -0.032104 0.080444
0.119507 0.445435 0.985229 -0.086182 -0.020386 0.093872
0.174683 0.427734 0.977661 -0.076050 -0.012817 0.057251
0.135132 0.413086 0.995361 -0.042358 -0.014160 -0.007446
0.127197 0.429077 0.964111 -0.013550 -0.022339 -0.050171
0.103882 0.473022 0.951294 -0.009766 -0.017578 -0.052612
0.077393 0.463379 0.943115 -0.029541 -0.027100 -0.025269
0.087158 0.456787 0.976807 -0.048706 -0.041870 -0.009155
0.123413 0.440186 0.960815 -0.033569 -0.021484 -0.023438
0.116211 0.432373 0.966309 -0.027466 0.000244 -0.014771
0.124878 0.433472 0.965210 -0.026733 0.010620 -0.018677
0.116211 0.453735 0.963257 -0.031006 0.020752 -0.048706
0.055542 0.429688 0.964111 -0.027710 0.012451 -0.036865
0.080322 0.434204 0.967773 -0.015991 -0.021606 0.027710
0.118896 0.441284 0.964966 -0.009766 -0.032471 0.044800
0.132568 0.447144 0.964478 -0.015747 -0.007935 0.039185
0.099609 0.425903 0.966797 -0.017212 0.000732 0.022705
0.118652 0.453979 0.965942 -0.014771 -0.000610 0.019897
0.094849 0.426147 0.968750 -0.020630 0.004639 0.014404
0.167358 0.447144 0.964111 -0.021973 0.020264 0.031494
0.175659 0.458008 0.974609 -0.009033 0.005981 0.072021
0.049561 0.421387 0.969360 -0.041504 0.099731 0.002319
0.221558 0.501709 0.967163 -0.015381 0.021118 0.053101
0.144409 0.594116 0.955566 -0.037842 0.092163 -0.049072
0.304565 0.550537 0.966187 -0.018555 -0.003296 0.048218
0.163086 0.442749 0.970459 -0.005249 -0.044922 0.088989
-0.140381 0.512085 0.992065 -0.030518 0.129639 0.005981
0.039551 0.587646 0.977905 -0.028076 0.087158 0.015991
0.226685 0.482910 0.975830 -0.002930 -0.046631 0.107544
-0.562012 0.273071 0.995728 -0.059204 0.166260 -0.050293
0.346436 0.532227 0.929199 -0.032227 0.053223 0.066895
-0.130981 0.396973 0.961914 -0.063599 0.135132 0.013184
0.414795 0.496460 0.981323 -0.004639 -0.004028 0.088135
0.171143 0.473145 0.963623 -0.036743 0.067871 -0.028076
-0.104492 0.263550 0.969116 -0.037354 0.021729 0.023804
0.289307 0.456421 0.993408 -0.014893 0.042236 0.047852
0.000000 0.510620 0.974609 -0.053345 0.181396 -0.028076
0.269531 0.530518 0.923584 -0.040039 0.063721 0.104492
0.347412 0.477417 0.988525 0.000732 -0.062134 0.123291
-0.343628 0.253052 0.974121 -0.067749 0.154785 -0.094482
0.291504 0.591431 0.971313 0.008667 0.011597 0.084961
-0.006470 0.444580 0.984863 -0.004639 0.035522 0.143188
0.071777 0.398560 0.971191 -0.022827 0.054077 0.071777
0.113892 0.406982 0.969849 -0.009521 -0.009521 0.063721
0.119019 0.452515 0.966064 -0.003662 0.012207 0.027222
0.021362 0.405762 0.982178 -0.012329 0.023071 0.042114
0.155884 0.439819 0.978027 -0.015625 0.040161 0.035278
0.498779 0.454834 0.917480 -0.036133 0.103638 -0.016968
-0.192749 0.426270 0.980469 -0.038940 0.066284 -0.019775
0.166016 0.422607 0.980591 -0.007446 -0.021484 0.099121
-0.082642 0.331665 0.970337 -0.046997 0.087036 0.012085
0.030273 0.431152 0.956055 -0.036499 0.077026 0.004517
0.083618 0.421143 0.973267 -0.023438 -0.005127 0.000977
0.051514 0.398682 0.977905 -0.024536 0.002563 -0.005249
0.084473 0.434937 0.979492 -0.013672 0.005249 0.031494
0.063110 0.422607 0.976074 -0.010010 0.000366 0.054443
0.019531 0.397461 0.979004 -0.010986 0.006714 0.027100
0.077393 0.425903 0.979492 -0.005615 -0.004272 0.056885
0.099976 0.442993 0.973389 -0.010620 0.003418 0.002563
0.035278 0.435303 0.972534 -0.026978 0.005737 -0.056641
-0.038452 0.360840 0.981201 -0.031372 -0.010620 -0.027222
0.117188 0.425293 0.975220 -0.003296 -0.046509 0.097290
0.130371 0.431396 0.974609 0.001831 -0.005737 0.074097
0.029907 0.448120 0.977539 -0.009399 0.010986 -0.004883
0.064209 0.430298 0.971436 -0.022583 -0.003296 -0.057129
0.084106 0.398193 0.971802 -0.017456 0.003418 -0.072754
0.023926 0.363770 1.014771 0.016113 0.005859 -0.014648
0.111084 0.333130 1.051514 0.145996 -0.117920 -0.060791
0.186157 0.463379 0.968262 0.142090 0.021606 -0.162476
0.061646 0.364014 1.041260 0.171997 0.048340 -0.098999
0.191040 0.427856 0.990356 0.214233 0.101196 -0.119751
0.092163 0.495483 0.898071 0.189209 0.180176 -0.169067
-0.049194 0.563843 0.873413 0.112915 0.171509 -0.166138
-0.138062 0.558472 0.877686 0.040649 0.112061 -0.094849
-0.164307 0.527466 0.899536 -0.016846 0.011353 -0.003784
-0.031372 0.493286 0.945557 -0.052979 -0.052490 -0.002686
0.048950 0.447510 0.972290 -0.054565 -0.065674 0.035767
0.106079 0.424316 0.983154 -0.032715 -0.045654 0.023071
0.072632 0.437012 0.976929 -0.009033 -0.004761 0.011108
0.043579 0.451904 0.968750 0.014282 0.001221 0.003418
0.054932 0.470947 0.955078 0.022461 0.020142 -0.004028
0.040894 0.495972 0.945190 0.018066 0.020752 -0.022949
0.062012 0.486084 0.951660 0.014771 0.011475 -0.029053
0.066040 0.487183 0.960205 0.022339 0.036865 -0.025269
-0.006104 0.472778 0.949707 0.020142 0.061523 -0.041016
-0.040039 0.503418 0.943604 0.017212 0.048706 0.005249
-0.023193 0.509521 0.933716 -0.002686 0.007080 0.062622
0.005859 0.530640 0.938110 -0.033569 -0.007080 0.098389
0.015015 0.504639 0.962402 -0.073242 0.009033 0.090576
-0.043701 0.445313 0.974243 -0.076538 0.021606 0.027832
-0.021973 0.507813 0.926147 -0.067993 -0.009644 0.018311
0.012329 0.479004 0.943481 -0.105347 -0.058716 0.057617
0.095337 0.439697 0.944336 -0.095581 -0.069824 0.070190
0.094604 0.395874 0.965088 -0.126099 -0.051758 0.011597
0.109619 0.446899 1.003174 -0.052490 -0.011353 -0.058838
-0.043823 0.379517 1.000122 -0.053589 0.053345 -0.170654
-0.055664 0.480591 0.950928 -0.042603 0.030151 -0.052124
-0.007080 0.440552 0.967163 -0.054077 -0.015259 -0.004883
0.046143 0.436768 0.973389 -0.036377 -0.068359 -0.009155
0.029419 0.429810 0.979980 -0.000977 -0.036621 -0.031982
