-0.395630 0.013306 0.972412 -0.013062 -0.006714 0.025024
-0.404297 -0.000732 0.962158 -0.010864 -0.015625 0.012817
-0.402222 0.007690 0.964111 -0.007690 -0.025269 -0.010498
-0.392822 0.001099 0.971313 -0.001221 -0.030518 -0.003418
-0.379639 0.008423 0.992920 0.001221 -0.028687 0.007568
-0.390991 0.026367 0.984985 0.000488 -0.017700 0.016602
-0.394531 0.019287 0.972168 -0.007446 -0.027588 0.003540
-0.410034 0.019287 0.963379 -0.003418 -0.042358 -0.013672
-0.397949 -0.005005 0.974121 -0.002808 -0.055176 -0.012085
-0.389648 -0.009766 0.980591 0.005859 -0.059937 -0.003052
-0.381470 -0.010864 0.978882 0.021484 -0.062256 0.018677
-0.364136 0.007446 1.001709 0.034912 -0.059814 0.015869
-0.413086 0.090210 0.978760 0.021362 -0.023315 0.010254
-0.378296 0.079102 0.981079 -0.012817 -0.010254 -0.022949
-0.379272 0.044434 0.983032 -0.040039 -0.015869 -0.018555
-0.389771 0.065918 0.981689 -0.058472 -0.017700 -0.013916
-0.372681 0.018921 0.979370 -0.058472 -0.010376 0.001099
-0.378174 -0.023438 0.986694 -0.042480 -0.005371 0.024536
-0.385376 -0.033325 0.984131 -0.015869 -0.008301 0.031006
-0.368286 -0.028809 0.986450 0.015259 -0.006104 0.042358
-0.413574 0.063599 0.998901 0.024292 -0.004272 0.065063
-0.357056 0.044678 0.978394 0.019409 0.008789 0.096436
-0.372437 0.049805 0.982666 -0.012451 0.004639 0.072510
-0.395508 0.023315 0.984009 -0.047119 -0.018799 0.020630
-0.384766 0.004761 0.985596 -0.004028 0.000000 0.057617
-0.372803 -0.001709 0.977783 0.002197 -0.007813 0.030396
-0.365112 0.031006 0.980835 0.013062 -0.000854 0.088989
-0.557861 0.407349 0.993164 -0.125366 -0.064453 -0.035156
-0.550659 0.203125 1.014282 -0.086060 -0.029785 0.016357
-0.360596 -0.036011 0.984741 -0.015015 -0.002686 0.069580
-0.416382 0.086914 1.000122 -0.092041 -0.041260 -0.056152
-0.243530 -0.234741 0.985229 0.025635 0.019043 0.093506
-0.343262 0.007813 0.989136 -0.021973 0.001587 0.029663
-0.423950 0.110596 0.988159 -0.088867 -0.027954 -0.019531
-0.259033 -0.216431 0.970581 -0.014526 -0.002319 0.071777
-0.390015 0.046021 0.975342 -0.067139 -0.025635 -0.033325
-0.155640 -0.556763 0.975586 -0.007202 -0.026733 0.068359
-0.347290 0.076050 0.979004 0.005493 -0.003906 0.095215
-0.605957 0.062378 1.027222 -0.183228 -0.095581 -0.156982
-0.482910 0.172119 0.990601 -0.001587 -0.011841 0.086426
-0.394409 -0.146362 1.006958 -0.039307 -0.017456 0.059570
-0.465454 0.219849 0.985718 -0.087891 -0.029053 0.015869
-0.311279 -0.214722 0.998169 -0.050049 -0.010620 0.074463
-0.367310 0.046997 0.971313 -0.122070 -0.029053 -0.029053
-0.415161 -0.188843 1.030762 -0.037598 -0.040405 0.030029
-0.450928 0.015259 0.990479 -0.069824 -0.029419 0.081421
-0.375488 0.198853 0.933838 -0.135376 -0.006348 0.103882
-0.242920 0.213501 0.952393 -0.131348 -0.004395 0.052246
-0.141846 -0.334595 1.015259 -0.008057 -0.001831 0.124878
-0.448120 0.141357 0.979492 -0.080200 -0.024170 0.091431
-0.290039 0.023315 0.975952 -0.091064 -0.045776 0.001099
-0.273804 0.016968 0.981201 -0.013794 -0.006104 0.094238
-0.394409 0.123291 0.984741 -0.047241 -0.016968 -0.022217
-0.373657 0.014404 0.981567 -0.059326 -0.011597 -0.063232
-0.355103 -0.078491 0.991333 -0.049194 -0.014771 -0.027222
-0.350220 -0.052368 0.993774 -0.014771 -0.006714 0.032593
-0.357544 0.013916 0.990601 -0.015381 -0.000732 0.040771
-0.352539 -0.002930 0.995728 -0.027466 0.006958 0.030640
-0.355957 -0.022217 0.990112 -0.044556 0.012085 -0.012085
-0.313477 -0.157471 1.098999 -0.010132 0.046631 0.026733
-0.125244 -0.040527 1.217896 0.114502 0.320313 0.051880
-0.502686 0.380005 0.916748 -0.125244 0.298584 -0.185791
-0.488037 -0.081421 0.821533 -0.183838 0.121338 -0.242310
-0.502075 -0.060425 0.862549 -0.128052 0.026733 -0.050781
-0.486206 -0.082764 0.875122 -0.161133 -0.063599 -0.002075
-0.399292 -0.189087 0.950439 -0.076050 -0.092651 0.059814
-0.395752 -0.088379 0.970581 -0.013062 -0.080566 0.081665
-0.386719 -0.079834 0.953369 0.024414 -0.092651 0.077148
-0.391602 -0.045044 0.960327 0.057617 -0.105103 0.045654
-0.342651 -0.024780 0.996582 0.071289 -0.092773 0.054688
-0.329102 0.013062 1.020508 0.050415 -0.061646 0.043091
-0.337769 0.038452 1.005493 0.023193 -0.031616 0.033569
-0.337036 -0.002319 1.011108 0.000488 -0.003662 0.038940
-0.386841 0.008179 0.985107 -0.023071 -0.000977 0.021973
-0.391724 -0.018677 0.974609 -0.039917 -0.023315 0.031128
-0.366211 -0.032471 0.996338 -0.042603 -0.016846 0.022217
-0.365723 -0.027710 0.981201 -0.019409 -0.009766 0.008179
-0.370850 -0.035767 0.974609 0.000000 -0.020508 0.000977
-0.365967 -0.029175 0.987305 0.007324 -0.022583 0.014038
-0.360962 -0.043335 0.995850 0.026733 -0.010132 0.014038
-0.450928 0.044189 0.970337 0.017212 -0.032959 0.020752
-0.370117 -0.041870 1.004639 0.006958 -0.037720 0.016113
-0.355591 -0.038452 0.975952 0.023682 -0.033691 0.004883
-0.387451 -0.008301 0.968750 0.023071 -0.046387 -0.005249
-0.374512 -0.018311 0.985962 0.020630 -0.068359 0.019409
-0.368530 0.009888 0.993774 0.015381 -0.062622 0.017578
-0.354126 0.003906 0.988525 0.003052 -0.069214 0.005737
-0.295044 -0.003418 1.023193 0.004395 -0.025146 -0.016724
-0.324585 0.028198 0.989624 -0.008667 -0.017456 0.007446
-0.359497 0.002075 0.995483 -0.023438 -0.010010 -0.023315
-0.361206 -0.026489 0.996826 -0.010254 -0.008789 -0.019775
-0.356567 -0.014771 0.994141 -0.007324 -0.009277 -0.001099
-0.357056 -0.022095 0.988037 -0.003296 -0.004883 0.026489
-0.366943 -0.003662 0.992798 -0.001709 -0.007568 0.041016
-0.354004 0.004517 0.992310 -0.004883 -0.008423 0.029419
-0.327393 0.013672 0.991333 -0.017090 0.000122 0.022339
-0.366211 0.010620 0.990356 -0.031372 -0.003052 0.014648
-0.371582 -0.017212 0.979370 -0.065674 -0.031372 -0.003784
-0.407959 0.031006 0.996826 -0.010498 -0.004028 0.053467
-0.403076 0.023804 0.993164 -0.068359 -0.027832 -0.000488
-0.323853 -0.151978 1.003418 -0.074829 -0.039185 -0.036987
-0.421631 0.088379 0.993896 -0.009888 -0.012451 0.009644
-0.337402 -0.008789 0.980103 -0.034668 -0.014160 -0.025879
-0.352661 0.000610 0.994019 -0.040161 -0.009644 -0.023926
-0.372192 0.006592 0.995239 -0.049683 -0.014526 -0.013672
-0.352295 -0.240967 0.991211 -0.105713 -0.058350 -0.073608
-0.406860 0.036133 0.994263 -0.026978 -0.022705 0.006348
-0.390869 0.123779 0.979614 -0.072388 -0.027344 -0.019897
-0.404419 0.088013 0.996338 0.017212 0.007202 0.060059
-0.357666 -0.054932 0.990356 -0.036499 -0.015991 0.038940
-0.333618 -0.243286 1.017090 -0.094116 -0.037842 -0.000366
-0.368530 0.060303 0.987793 -0.049683 -0.020142 0.024414
-0.298706 0.015381 0.990967 0.009766 0.008301 0.075806
-0.288818 -0.018066 0.994629 -0.066040 -0.029541 0.020264
-0.320190 -0.103516 0.995361 -0.003784 -0.010986 0.088135
-0.569336 0.483032 0.955811 -0.158936 -0.052246 -0.048096
-0.307251 0.004150 1.015869 -0.074097 -0.017456 0.013306
-0.159668 -0.235229 0.980957 0.083496 0.019409 0.168945
-0.368408 0.115479 0.988525 -0.083496 -0.025635 -0.017944
-0.266968 -0.029785 0.993286 -0.038086 -0.014771 0.042725
-0.423218 0.374634 1.005615 -0.086792 -0.019409 0.037476
-0.198853 -0.240479 0.972656 -0.050781 -0.002075 0.057739
-0.246338 -0.121948 0.965942 -0.086304 -0.003174 0.058105
-0.238281 0.069580 0.939209 -0.125244 -0.033813 0.001343
-0.360596 -0.158447 1.063232 -0.058838 -0.053467 0.045044
-0.478149 0.517212 0.935303 -0.146240 -0.023071 0.002563
-0.270386 -0.212769 1.019165 -0.069824 -0.013306 0.041992
-0.374146 -0.057129 1.003174 -0.044556 -0.012207 0.112427
-0.416626 -0.020142 1.019531 -0.116089 -0.059814 -0.019653
-0.404663 0.220947 0.993530 -0.005249 0.014404 0.077271
-0.478149 -0.287720 1.037476 -0.154053 -0.072266 -0.132446
-0.405273 0.051147 1.000122 0.002319 -0.006470 -0.012329
-0.353760 -0.010742 0.998901 -0.034912 -0.017334 -0.076538
-0.336914 -0.069946 0.996460 -0.035400 -0.019653 -0.072998
-0.322632 -0.092407 0.999634 -0.022583 -0.016113 -0.064941
-0.340698 -0.071899 0.988647 -0.003540 -0.007568 -0.035645
-0.329468 -0.038330 0.997925 -0.010498 -0.004395 -0.034790
-0.313599 -0.073242 1.002808 -0.011597 0.001343 -0.008545
-0.323242 -0.027100 0.995728 -0.016846 0.010254 0.019775
-0.333130 0.000244 0.999756 -0.045410 0.020386 0.007568
-0.324463 -0.041748 0.999023 -0.023560 0.027710 0.001953
-0.325073 -0.090088 1.032104 -0.024536 0.024780 -0.015869
-0.177612 0.014282 1.151978 -0.087524 0.156250 -0.054199
-0.193237 0.108154 1.180298 -0.212891 0.345337 -0.228027
-0.364136 0.112915 0.983765 -0.289673 0.412231 -0.303223
-0.472900 -0.087036 0.849976 -0.300171 0.287842 -0.275024
-0.498779 -0.228638 0.855591 -0.220581 0.179199 -0.220093
-0.477417 -0.255859 0.869507 -0.160522 0.094360 -0.139404
-0.491699 -0.295044 0.883545 -0.090210 0.017212 -0.130371
-0.457275 -0.303589 0.902222 -0.005249 -0.045288 -0.042847
