-0.533447 0.778320 1.881104 -0.004028 -0.003540 -0.004639
-0.526855 0.754395 1.872314 -0.002930 -0.003174 -0.003418
-0.514648 0.781250 1.873779 -0.002441 -0.001953 -0.005371
-0.527832 0.811523 1.870850 -0.004517 -0.000977 -0.005981
-0.529053 0.812256 1.881592 -0.006348 -0.000854 -0.008545
-0.550781 0.768066 1.880127 -0.006836 -0.001831 -0.006226
-0.545166 0.774658 1.874023 -0.006714 -0.002197 -0.003540
-0.517334 0.807373 1.884033 -0.008301 -0.000977 -0.006226
-0.532227 0.812744 1.881592 -0.010864 0.000122 -0.008911
-0.546631 0.733154 1.885742 -0.008179 -0.000732 -0.015015
-0.544189 0.742920 1.880371 -0.005249 -0.001831 -0.013184
-0.531494 0.769531 1.887695 -0.004272 -0.001831 -0.008545
-0.561035 0.755371 1.884521 -0.003662 -0.002686 -0.005981
-0.578125 0.756592 1.886475 -0.002563 -0.004761 -0.005615
-0.546875 0.760742 1.883545 -0.002319 -0.005249 -0.004272
-0.527588 0.782227 1.882324 -0.003662 -0.004150 -0.005615
-0.527832 0.771973 1.880127 -0.004395 -0.003052 -0.009888
-0.547363 0.745850 1.890869 -0.004761 -0.002319 -0.008911
-0.552002 0.736816 1.891357 -0.003052 -0.002197 -0.001587
-0.551758 0.738525 1.887695 -0.001465 -0.002441 0.003540
-0.526855 0.788330 1.885254 -0.002075 -0.001953 0.005615
-0.533203 0.777344 1.886963 -0.003296 -0.000488 0.004639
-0.528564 0.832031 1.885254 -0.005859 0.000488 -0.005249
-0.549316 0.775146 1.885742 -0.007202 0.000732 -0.010620
-0.563477 0.747559 1.879639 -0.006958 -0.000366 -0.012207
-0.578125 0.754639 1.891113 -0.006958 -0.001831 -0.016479
-0.563721 0.729736 1.892578 -0.005371 -0.002563 -0.012085
-0.572754 0.698242 1.886230 -0.001831 -0.003174 0.000244
-0.559814 0.741211 1.889648 0.000610 -0.004028 0.006958
-0.571289 0.738525 1.890381 0.001343 -0.005005 0.009033
-0.513428 0.755127 1.882813 0.001831 -0.003296 0.014893
-0.507324 0.781006 1.889648 0.000610 -0.000122 0.013062
-0.534424 0.746094 1.876953 -0.000122 0.001343 0.011475
-0.602051 0.795166 1.883545 -0.001099 -0.003052 0.009155
-0.549316 0.795410 1.877197 -0.002319 -0.004395 0.001831
-0.626953 0.693604 1.888672 -0.002686 -0.004883 -0.003662
-0.542480 0.713135 1.881592 -0.004639 -0.001831 0.001587
-0.522217 0.742188 1.898926 -0.004395 -0.001099 0.001465
-0.279053 0.749512 1.824463 -0.014038 -0.019165 -0.023071
-0.322021 0.483154 1.805420 -0.016724 -0.008911 -0.021484
-0.788818 0.711182 1.937256 -0.008179 -0.007690 0.001099
-0.151855 0.820068 1.796143 -0.010620 -0.012085 -0.002563
-0.183105 0.775146 1.801514 -0.013794 -0.013794 -0.006836
-0.641602 0.732666 1.906738 -0.006470 -0.006226 0.004517
-0.112305 0.959229 1.844482 -0.020996 -0.038696 -0.029541
-0.733643 0.703613 1.880371 -0.012939 -0.007813 -0.007202
-1.005371 0.804199 2.048828 -0.007813 -0.026611 0.000000
-0.209229 0.926025 1.924072 -0.019287 -0.016724 -0.016846
-0.653320 0.800293 1.956299 -0.014038 -0.010254 0.001343
-0.924072 0.664307 1.961670 -0.023315 -0.022705 -0.014893
-0.953857 0.822510 2.145508 -0.028809 -0.032471 -0.020386
-0.521729 0.478516 1.881836 -0.017578 -0.009399 0.000244
-0.607910 0.442627 1.885742 -0.011719 -0.016113 0.010254
-0.562500 0.339111 1.881104 -0.012573 -0.026733 0.000366
-0.719238 0.723877 1.989258 -0.015991 -0.009155 0.000488
-0.594482 0.732178 1.940430 -0.018433 -0.006836 -0.001099
-0.570313 0.423096 1.884033 -0.006348 0.001953 0.017090
-0.673096 0.779541 2.015137 -0.012329 -0.010254 0.013794
-0.496826 0.612061 1.939453 -0.000122 -0.003662 0.044067
-0.600098 0.928955 2.005859 -0.012939 -0.012329 0.014771
-0.388916 0.635010 1.907959 -0.002563 0.000244 0.017334
-0.511475 0.788330 1.941162 -0.008545 -0.001587 -0.002197
-0.496338 0.652588 1.923096 -0.005615 -0.000366 0.009521
-0.512695 0.661133 1.935303 -0.003052 -0.002441 0.021240
-0.464111 0.679932 1.933838 -0.002686 -0.002930 0.014526
-0.445557 0.690674 1.937988 -0.001343 -0.001221 0.010132
-0.460449 0.711670 1.940430 -0.002197 -0.000122 0.008179
-0.489502 0.697998 1.936035 -0.002563 -0.001099 0.006714
-0.468750 0.700195 1.936035 -0.002441 -0.001831 0.006592
-0.457764 0.697266 1.934082 -0.002197 -0.000854 0.009033
-0.463379 0.696777 1.934326 -0.003174 -0.000488 0.004028
-0.454834 0.697998 1.939941 -0.003052 -0.000122 0.004883
-0.461914 0.712158 1.933350 -0.003906 0.000244 0.004272
-0.474854 0.660645 1.933350 -0.001343 0.000122 0.013062
-0.457275 0.690918 1.934326 0.001587 0.000244 0.017456
-0.424316 0.730957 1.941650 0.000488 0.003174 0.018066
-0.366455 0.830078 1.946533 -0.017456 0.020508 0.000732
-1.714111 -0.586670 2.062256 -0.004639 0.007324 0.030396
-0.561768 0.459473 1.917480 -0.006836 0.007080 0.027954
-0.230469 0.392334 1.931396 0.004761 -0.004883 0.031494
-0.420410 1.057373 1.887451 -0.020996 0.015747 0.005981
-0.589355 0.496826 1.957520 0.003418 -0.006714 0.029297
-0.406006 0.719727 1.929199 0.003540 -0.002075 0.032349
-0.355225 0.834961 1.931396 -0.001465 0.004883 0.015991
-0.751709 0.900146 2.004883 -0.049194 0.036011 -0.033081
-0.778809 1.137939 1.968994 -0.023560 0.013428 0.010498
-0.134521 1.253418 1.935059 -0.016235 0.001953 0.017334
-0.226807 0.951416 1.930908 0.006714 -0.008667 0.030029
-0.689941 1.036865 1.950195 -0.020142 0.010742 0.001953
0.208496 1.627686 1.838623 -0.031982 0.020142 -0.006714
-0.543945 0.977539 1.982666 -0.019653 0.010010 0.008911
-0.851563 -0.485352 1.889160 0.003418 -0.006958 0.034302
-0.380371 0.724854 1.956543 -0.000488 -0.000488 0.028931
-0.894775 -0.379150 1.875244 -0.006226 0.004761 0.023071
-0.152588 1.338623 1.980957 -0.033936 0.014282 -0.009888
-0.576172 1.022949 1.894531 -0.038574 0.012451 -0.010986
-0.509766 0.985596 1.947266 -0.018677 0.007446 0.013184
-0.531494 0.279785 1.936523 0.007446 -0.008667 0.031128
-0.331787 0.803711 1.947266 -0.003540 0.002930 0.015381
-0.191650 1.037354 1.840820 -0.056763 0.029053 -0.047607
-0.486816 0.937012 1.919434 -0.025879 0.009033 0.006714
-0.371338 0.975586 1.969482 -0.004272 -0.006714 0.032715
-1.040039 -0.686768 1.898438 -0.008911 0.000732 0.015259
-0.278320 1.068848 1.951172 -0.016235 0.006348 0.013428
-0.419678 0.828613 1.945557 -0.009033 0.004517 0.026489
-0.308350 1.053223 1.885742 -0.031128 0.011230 -0.000366
-0.485352 0.736816 1.940186 -0.000244 -0.004028 0.030518
-0.461182 0.975586 1.950928 -0.016479 0.005249 0.009644
-0.615234 0.526611 1.927246 -0.020264 0.005371 0.000977
-0.483398 0.532959 1.950684 -0.018311 0.008179 0.008057
-0.449219 0.893066 1.990479 -0.015381 0.000366 0.013428
-0.907471 0.963867 1.989746 -0.037842 0.007080 -0.013306
0.019287 1.489990 1.834473 -0.029785 0.013794 0.001099
-0.423828 1.357422 1.996094 -0.031860 0.007080 -0.005249
-0.387939 1.015381 1.944336 0.010986 -0.008545 0.055786
-0.206055 1.048096 1.991943 -0.026855 0.014771 0.000000
-1.030029 -1.753174 1.888916 -0.004028 0.000244 0.017944
-0.499756 0.609619 1.965088 -0.005737 -0.004395 0.020996
-0.827393 -0.010742 1.925537 -0.020996 -0.000244 -0.012451
-0.922363 0.105713 1.958252 -0.002808 -0.007202 0.013794
-0.379395 0.672119 1.951660 -0.004272 -0.002563 -0.005493
-0.488770 0.576416 1.960938 -0.006348 0.001465 -0.000244
-0.503174 0.600586 1.955566 -0.004639 0.000977 0.007813
-0.525146 0.572754 1.951660 -0.002075 0.000854 0.017944
-0.511230 0.605957 1.956055 -0.002686 0.000854 0.012939
-0.510986 0.650879 1.951904 -0.004272 0.000610 0.001221
-0.505371 0.614258 1.950684 -0.003540 0.000122 0.003296
-0.516113 0.588867 1.958252 -0.003052 0.000854 0.010132
-0.479736 0.628906 1.960938 -0.010254 0.005493 0.000366
-1.145020 0.005127 1.982666 -0.020996 0.004272 -0.015869
-0.542480 0.541016 1.959717 -0.000122 -0.005859 0.014160
-0.444092 0.654297 1.958252 -0.003540 -0.002563 0.003906
-0.455566 0.632813 1.951660 -0.006592 0.001465 -0.005127
-0.554199 0.607910 1.954590 -0.008179 -0.000122 -0.013916
-0.567871 0.519287 1.958740 -0.004272 -0.003662 0.000000
-0.496094 0.577637 1.949707 -0.000732 -0.003662 0.015625
-0.456299 0.644043 1.958984 -0.003784 0.000488 0.015137
-0.527832 0.602539 1.953369 -0.004517 0.000366 0.004517
-0.499023 0.637207 1.954346 -0.005615 0.000122 -0.004028
-0.532471 0.531982 1.961426 -0.004272 -0.000366 0.005127
-0.517578 0.572021 1.957764 -0.000488 -0.001343 0.014771
-0.507813 0.594727 1.952637 0.000732 -0.001343 0.008667
-0.509521 0.569824 1.950684 0.000977 -0.000854 0.002930
-0.500244 0.655029 1.949219 -0.001465 -0.000732 -0.004883
-0.504150 0.672363 1.948486 -0.006104 -0.000732 -0.015137
-0.529053 0.618652 1.955078 -0.007202 -0.001953 -0.018921
-0.497559 0.629883 1.950928 -0.008545 -0.001587 -0.022217
-0.532959 0.566650 1.955811 -0.006958 -0.000977 -0.014404
-0.521729 0.585205 1.953125 -0.005371 -0.000977 -0.005493
-0.512451 0.616699 1.956787 -0.006470 -0.000854 -0.009155
