-0.352295 0.328613 0.940674 0.003418 -0.007813 0.011108
-0.356201 0.323608 0.944824 -0.010498 -0.005371 0.001343
-0.352417 0.274780 0.937378 -0.015137 -0.007324 0.000977
-0.339844 0.307739 0.935913 -0.012207 -0.006348 -0.001709
-0.337891 0.331665 0.940430 -0.021484 0.005737 0.001831
-0.358154 0.307007 0.934448 -0.027588 0.014526 -0.004150
-0.379028 0.279541 0.942383 -0.025757 0.005737 -0.016113
-0.369385 0.288818 0.942261 -0.008911 -0.006470 0.000977
-0.363037 0.307617 0.939209 0.000366 -0.015503 0.002441
-0.355591 0.336670 0.929688 -0.007813 -0.019653 -0.015747
-0.346191 0.325806 0.935669 -0.027100 -0.016846 -0.047607
-0.342041 0.310547 0.935303 -0.033691 -0.006104 -0.040527
-0.361694 0.287842 0.943359 -0.029297 0.001587 -0.010132
-0.372681 0.263306 0.956421 -0.015503 -0.021484 0.017700
-0.260864 0.314697 0.919922 0.016357 -0.058838 0.063721
-0.330811 0.306763 0.936646 0.005127 -0.028687 0.062378
-0.371948 0.321411 0.918091 0.020020 -0.064331 0.082642
-0.384277 0.326660 0.935669 -0.022827 0.006836 0.032837
-0.349487 0.306396 0.937500 -0.038330 -0.012329 -0.023071
-0.349609 0.271362 0.943726 -0.033081 -0.018066 -0.032227
-0.456909 0.268311 1.002808 -0.013184 -0.027832 -0.013794
-0.284180 0.365601 0.923828 0.029663 -0.133667 -0.063843
-0.484741 0.244873 0.989380 -0.009521 -0.012451 -0.059570
-0.302246 0.258667 0.941406 -0.048462 -0.039429 -0.088013
-0.300537 0.296265 0.944336 -0.026489 -0.068970 -0.105957
-0.357910 0.260498 0.955078 -0.020508 -0.032104 -0.077026
-0.576416 0.187378 0.951660 -0.022583 -0.078857 -0.105225
-0.436035 0.272583 0.968262 -0.060425 0.016235 -0.082031
-0.130371 0.237183 0.893921 -0.050171 -0.091064 -0.177490
-0.278198 0.282715 0.944214 -0.038696 -0.036499 -0.098511
-0.342773 0.251953 0.931274 -0.007568 -0.116699 -0.097168
-0.404175 0.277222 0.987671 -0.024048 -0.027832 -0.024170
-0.846069 0.215698 1.038086 -0.011475 -0.112793 -0.035400
-0.262939 0.350220 0.916260 -0.020020 -0.079224 -0.079102
-0.186279 0.279297 0.976807 -0.041626 -0.125977 -0.103149
-0.476929 0.204102 0.987793 -0.013794 -0.138062 -0.035400
-0.451172 0.233154 0.966309 -0.025269 0.013306 0.050171
0.351074 0.269409 0.828735 -0.044067 -0.229248 -0.119385
-0.215210 0.257324 0.921265 -0.021484 -0.054688 0.022827
-0.082764 0.418823 0.982300 -0.039063 -0.172363 -0.124878
-0.405762 0.213501 0.997925 -0.032715 -0.011353 -0.034546
-0.393311 0.238281 1.011841 -0.079712 -0.021973 -0.107300
-0.262085 0.214111 0.929565 -0.066772 -0.032349 -0.102417
-0.340942 0.231689 0.961548 -0.041016 0.005615 -0.027832
-0.338257 0.239502 0.970581 -0.019287 0.002441 0.016479
-0.321533 0.232178 0.965820 -0.002808 0.000610 0.061157
-0.304688 0.261841 0.970581 0.007446 -0.003662 0.064087
-0.296997 0.277832 0.963013 0.000610 0.002075 0.040283
-0.307861 0.268433 0.964355 -0.007568 0.008911 0.038696
-0.313599 0.290894 0.971680 -0.014160 0.013672 0.024292
-0.317505 0.360229 0.975830 -0.052368 0.023193 -0.009399
-0.364258 0.214478 0.970703 -0.069824 0.014282 -0.003296
-0.346802 0.240356 0.970581 -0.060791 -0.000244 0.010620
-0.298828 0.242432 0.962769 -0.045044 -0.002686 0.021362
-0.312622 0.267578 0.972046 -0.037598 0.009155 0.041870
-0.335449 0.258911 0.960449 -0.096191 0.022461 -0.002075
-0.323853 0.293091 0.974854 -0.034058 0.007446 0.055664
-0.308838 0.215210 0.968506 -0.042480 0.011475 0.075317
-0.276733 0.327759 0.964722 -0.039795 0.023804 0.088013
-0.502319 0.069214 0.967163 -0.128418 0.041504 0.015747
-0.242798 0.510864 0.955688 -0.117188 0.023438 -0.013550
-0.253540 0.377930 0.968994 0.029907 -0.021362 0.075439
0.006592 0.660889 0.868408 -0.117798 0.030273 -0.004028
-0.456665 0.334595 0.989502 -0.061646 0.029419 0.072876
-0.306030 0.414429 0.985718 -0.027466 -0.001709 0.092773
-0.364014 0.365112 0.998901 -0.191162 0.029907 -0.040283
-0.300537 0.524536 0.971191 0.010132 -0.001831 0.136719
-0.333008 0.359009 0.989868 0.022949 0.006836 0.189331
-0.448608 -0.781250 0.947632 -0.294189 0.034058 -0.129028
-0.277344 0.337769 0.972290 -0.019165 -0.009521 0.060791
-0.206421 0.230347 0.941040 -0.101074 0.008057 0.023193
-0.235596 0.308838 0.947876 -0.103027 0.003418 0.005493
-0.284790 0.409180 0.959839 -0.110596 0.002441 0.013306
-0.314209 0.565308 1.003174 -0.068481 -0.005249 0.115967
-0.345703 0.422607 0.994507 -0.137451 0.024658 0.086426
-0.503662 -0.445801 0.984253 -0.167603 0.007202 -0.029419
-0.287231 0.394409 0.963989 -0.123291 -0.005981 -0.026367
-0.354370 0.192017 0.981812 -0.103271 -0.000977 0.036011
-0.319458 0.466187 0.997070 -0.041626 -0.011963 0.122314
-0.194458 0.019165 0.915527 -0.233154 -0.014893 -0.063721
-0.344971 0.125122 0.991089 -0.023071 -0.022827 0.101929
-0.076050 -0.028564 0.906128 -0.175171 -0.055176 -0.052368
-0.337036 0.286255 0.972534 -0.099365 -0.020630 0.027588
-0.355469 0.442749 1.019287 -0.154053 -0.018188 -0.024780
-0.346924 -0.096069 0.975342 -0.101807 -0.011841 0.044312
-0.375000 0.379395 1.027710 -0.111328 -0.007446 0.018311
-0.357666 -0.010864 0.983154 -0.106079 -0.014282 0.019897
-0.407471 -0.338989 0.999146 -0.283569 -0.032593 -0.158325
-0.257813 0.308838 0.997314 -0.078125 -0.040405 0.015259
-0.280273 0.076294 0.989624 -0.056396 -0.019775 0.025391
-0.358276 0.055054 0.977661 -0.154053 -0.026001 -0.080566
-0.333862 0.296143 0.995239 -0.076904 -0.012451 0.010620
-0.264282 0.092896 0.987427 -0.039429 -0.026001 0.033936
-0.285278 -0.094482 0.982544 -0.137939 -0.038086 -0.080078
-0.143677 -0.092041 0.965454 -0.050049 -0.038818 -0.017334
-0.329834 0.477539 0.994751 -0.053955 -0.011841 -0.004517
-0.316772 0.020142 0.996948 -0.096802 -0.034302 -0.039429
-0.297729 0.084595 0.997437 -0.049316 -0.015015 0.007324
-0.322754 0.186035 0.997559 -0.022949 -0.014160 0.058105
-0.321289 -0.210571 0.984619 -0.100342 -0.018799 0.006592
-0.323730 0.268188 0.960571 -0.112183 -0.015747 -0.023560
-0.339600 -0.131592 1.016113 -0.109497 -0.009888 -0.073486
-0.277222 0.150879 0.990601 -0.007202 -0.020996 -0.025635
-0.318848 0.144653 0.992188 -0.011108 -0.008423 0.039795
-0.337646 0.189575 1.000610 -0.026611 -0.008423 0.084106
-0.462158 0.307739 1.012207 -0.084473 -0.020264 0.039551
-0.343994 0.173828 0.994507 -0.015015 -0.020264 0.042358
-0.298218 0.199219 0.999390 -0.013428 -0.017334 0.006226
-0.295898 0.143066 0.997314 -0.022095 -0.009033 -0.004761
-0.312134 0.115234 1.001221 -0.022095 0.003052 0.005615
-0.328125 0.121094 1.002686 -0.018066 0.000854 0.010376
-0.324097 0.118652 0.995483 -0.012085 -0.006348 -0.002197
-0.322266 0.130249 0.997070 -0.008911 -0.014404 -0.019531
-0.307007 0.147339 1.002075 -0.015381 -0.014404 -0.020752
-0.299683 0.142578 0.998779 -0.024658 -0.004028 -0.002075
-0.317261 0.111938 1.001343 -0.028076 0.002441 0.004028
-0.326294 0.096802 1.001709 -0.016724 -0.001831 0.018188
-0.329224 0.124390 1.003662 -0.000854 -0.009644 0.035522
-0.317017 0.151489 1.005249 -0.004272 -0.012573 0.023682
-0.313477 0.141602 0.998047 -0.019043 -0.012329 0.004517
-0.332886 0.118042 1.002319 -0.025146 -0.013794 -0.018311
-0.336792 0.078125 0.999023 -0.006714 -0.027100 -0.012939
-0.294434 0.115234 1.001831 0.012573 -0.038818 0.001709
-0.291748 0.145996 1.000488 0.010376 -0.029297 -0.002197
-0.312500 0.130249 0.998047 0.002930 -0.021851 -0.009033
-0.317627 0.139648 0.997925 0.001465 -0.020752 -0.014526
-0.309082 0.124756 0.997681 -0.003296 -0.020996 -0.020264
-0.325317 0.111206 1.000000 0.003906 -0.021973 -0.004639
-0.313110 0.132446 1.000854 0.016357 -0.025879 0.008545
-0.296265 0.149292 0.996948 0.009644 -0.023682 0.004395
-0.298096 0.165771 0.995483 -0.006104 -0.013794 0.010254
-0.299072 0.148926 1.000610 -0.022949 -0.006470 0.006104
-0.308594 0.122070 0.999390 -0.027100 -0.005005 0.008789
-0.314087 0.114136 0.996948 -0.019775 -0.005737 0.018677
-0.308472 0.111328 1.002808 -0.012085 -0.008301 0.019653
-0.306274 0.141357 0.995361 -0.005249 -0.010132 0.014771
-0.288940 0.147705 0.995972 -0.011841 -0.005737 0.007202
-0.310547 0.149902 0.998657 -0.024658 -0.000366 -0.006104
-0.313354 0.125488 1.000000 -0.024414 -0.005371 -0.004272
-0.309326 0.114258 0.996704 -0.017212 -0.007813 -0.004517
-0.312988 0.124023 1.002808 -0.002686 -0.013306 0.013794
-0.295166 0.141357 0.998779 0.000854 -0.014526 0.014160
-0.297363 0.147095 1.004272 -0.004028 -0.005249 0.008545
-0.309082 0.148804 0.999878 -0.010742 -0.002563 0.011108
-0.313477 0.147827 0.996948 -0.015625 -0.006836 0.009888
-0.308594 0.128418 1.003418 -0.018555 -0.011597 -0.000122
-0.306152 0.133789 0.998901 -0.014404 -0.010376 -0.006470
-0.305664 0.129150 0.997681 -0.013184 -0.010254 -0.000488
-0.306763 0.134766 0.997803 -0.013672 -0.010498 0.006592
-0.307373 0.144287 0.996338 -0.013916 -0.009033 0.011963
