-0.555176 0.647461 1.929688 -0.002930 -0.005249 -0.015137
-0.518555 0.656738 1.923584 0.000732 -0.007935 -0.007568
-0.491699 0.669434 1.922607 0.003540 -0.007446 0.001221
-0.511719 0.688721 1.921631 0.007935 -0.006958 0.013672
-0.478027 0.747803 1.923828 0.004150 -0.006226 0.001709
-0.458252 0.779785 1.920654 -0.001709 -0.003296 -0.007080
-0.530762 0.622070 1.925293 -0.005493 -0.000244 -0.019409
-0.555176 0.648926 1.921875 -0.000854 -0.002441 -0.013062
-0.545654 0.658691 1.920654 0.002441 -0.005859 -0.011108
-0.490723 0.752686 1.916748 0.003662 -0.007202 -0.007324
-0.478271 0.703857 1.917480 0.000366 -0.004761 -0.018433
-0.454346 0.794922 1.915283 0.001587 -0.003174 -0.011963
-0.495117 0.741699 1.925049 -0.004883 -0.000366 -0.015503
-0.521484 0.694092 1.922363 -0.007202 0.000488 -0.020874
-0.538330 0.667236 1.924316 -0.007935 0.000366 -0.026367
-0.552246 0.658691 1.921631 -0.006348 -0.001099 -0.019165
-0.489990 0.623047 1.921875 -0.004639 -0.001587 -0.015015
-0.492432 0.715332 1.909180 -0.003906 0.001099 -0.005371
-0.540039 0.728027 1.914795 -0.007813 0.003174 -0.016846
-0.595459 0.641357 1.929443 -0.009888 0.002197 -0.018799
-0.576172 0.665283 1.926514 -0.007690 -0.002319 -0.015381
-0.518555 0.696777 1.913330 -0.006958 -0.004395 -0.019165
-0.521973 0.654785 1.926514 -0.007324 -0.003296 -0.014038
-0.543213 0.663818 1.929199 -0.006592 -0.002686 -0.013306
-0.567627 0.606689 1.927246 -0.004883 -0.003540 -0.009399
-0.555908 0.622803 1.924805 0.000732 -0.005127 0.000366
-0.547119 0.629150 1.930664 0.003296 -0.006104 -0.002563
-0.529053 0.694580 1.918213 0.004150 -0.006104 0.004150
-0.512939 0.722656 1.920166 0.001587 -0.004761 0.008911
-0.511719 0.719727 1.922852 -0.001709 -0.002930 0.005615
-0.563232 0.658447 1.930908 -0.003662 -0.001587 0.003540
-0.560303 0.659668 1.922363 -0.003174 -0.003418 -0.002075
-0.577881 0.592041 1.918213 -0.000610 -0.005859 0.000977
-0.521484 0.679443 1.916748 0.002319 -0.008423 0.010620
-0.471924 0.758789 1.911133 -0.001587 -0.006104 0.009277
-0.501709 0.722412 1.917725 -0.003052 -0.004395 0.005005
-0.511475 0.701904 1.937500 -0.003296 -0.002808 -0.003296
-0.794922 0.815918 2.072510 -0.008423 -0.007080 -0.021118
-0.510010 0.713867 1.878418 -0.016479 -0.031006 -0.041748
-0.781494 0.673096 1.993652 -0.007935 -0.009155 -0.027710
-1.520508 1.249512 2.083008 -0.008545 -0.012207 -0.010620
-0.439209 0.559570 1.876465 -0.017578 -0.005737 -0.033691
-0.236084 0.611572 1.896973 -0.016235 -0.009644 -0.003662
-0.360352 0.728760 1.891846 -0.019897 -0.028687 -0.021851
-1.055176 0.855957 2.140869 -0.019287 -0.010742 -0.008179
-0.559326 0.260254 1.826416 -0.024414 -0.020752 -0.048218
-0.750977 0.427002 2.066895 -0.014893 -0.011963 -0.009644
-0.659912 0.430420 1.971191 -0.013794 -0.011841 -0.020752
1.679932 0.328613 1.506836 -0.017700 -0.042847 -0.012329
-0.160889 0.597900 1.946533 -0.016968 -0.029907 0.002930
-0.934814 0.681885 2.116943 -0.022705 -0.012695 -0.013916
0.122314 0.566406 1.843994 -0.014160 -0.004883 0.000244
-0.667969 0.709961 1.982178 -0.012817 -0.000122 -0.010010
-0.286133 0.560547 1.835938 -0.018921 -0.005493 -0.007568
-0.280518 0.401855 1.936279 -0.015259 -0.005127 0.016602
-0.586426 1.044922 2.056396 -0.021484 -0.018555 -0.019897
-0.555176 0.554199 1.932373 -0.010254 0.001587 -0.005005
-0.560303 0.523438 1.976563 -0.003784 -0.001953 0.016968
-0.432373 0.558838 1.970459 -0.000854 -0.004028 0.017944
-0.462646 0.614258 1.965088 -0.000122 0.000122 0.012085
-0.499268 0.603760 1.968994 -0.003174 0.001465 0.008789
-0.535889 0.536865 1.975586 -0.003906 -0.000366 0.009888
-0.473633 0.524170 1.979736 -0.001221 -0.003296 0.013672
-0.451904 0.559814 1.972656 0.001343 -0.002197 0.020630
-0.488037 0.560791 1.971680 0.003540 -0.001099 0.014160
-0.480713 0.595947 1.966797 0.004883 -0.001099 0.012695
-0.349121 0.766602 1.962402 0.002930 0.000732 0.010254
-0.698486 0.498291 2.005127 -0.011230 0.010620 0.014160
-0.449951 0.531982 1.944824 -0.006714 0.000854 0.013794
-0.368164 0.669678 1.989746 0.000732 -0.002686 0.015625
-0.793945 -0.142578 2.004395 -0.029785 0.021484 -0.026123
-0.656982 0.476807 1.981934 -0.004150 0.001221 0.008911
-0.327393 0.701660 1.968262 0.005371 -0.009521 0.026489
-0.388672 1.201416 1.970459 -0.015747 0.017578 0.013184
-0.512939 0.630371 1.983643 -0.002197 -0.004272 0.023315
-0.496582 0.634033 1.985107 0.001099 -0.004883 0.031128
-0.295654 0.844482 1.934814 -0.011353 0.005127 0.006226
-0.502197 0.924561 1.941650 -0.019287 0.017700 0.002686
-0.383057 0.670654 1.968018 0.011841 -0.012451 0.043335
-0.158691 0.908936 1.993896 0.008301 -0.003906 0.052002
-1.020996 -0.681396 2.017090 -0.057251 0.040283 -0.030396
-0.498291 0.518555 1.967285 0.005249 -0.010742 0.034546
-0.506836 0.873779 2.008057 -0.007690 0.003296 0.015869
-0.632080 0.509277 1.980713 -0.020630 0.014893 -0.001221
-0.406494 0.637451 1.925537 -0.019287 0.004883 0.003906
-0.552979 0.606689 1.971924 -0.009277 0.002930 0.019409
-0.249512 0.849854 1.948242 -0.002686 -0.000244 0.033691
0.000000 0.000000 0.000000 -0.041138 0.023926 -0.011719
-0.291992 1.193848 2.044922 -0.019043 0.014648 0.006348
-0.228760 0.641113 1.973389 -0.020264 0.013062 0.009888
-0.858398 0.567139 2.000977 -0.030640 0.019897 0.011841
-0.988037 -0.368164 2.028809 -0.029907 0.018677 0.004639
-1.276367 -1.080078 2.046631 -0.049805 0.025024 -0.007568
0.137451 1.635498 1.875244 0.003418 0.001099 0.011353
-0.409424 0.620117 1.959961 -0.025391 0.013062 0.003784
-0.485596 0.027344 1.999023 -0.025757 0.006104 0.003052
-0.134521 1.075439 1.853760 -0.009521 0.002319 0.009399
-0.587646 0.842041 2.008301 -0.000122 -0.000122 -0.000122
-0.933838 -0.264160 2.009277 -0.038696 0.016724 -0.011719
-1.018311 -0.041992 2.024170 1.937378 2.937500 1.593750
0.000000 0.000000 0.000000 0.006958 -0.006958 0.036743
-0.844482 -0.621338 2.020264 -0.052002 0.022217 -0.022583
-1.001953 -0.487793 1.998535 -0.034302 0.013062 -0.003906
0.223145 2.213867 1.820557 -0.011230 -0.003662 0.027100
-0.354736 0.859375 1.972168 0.005493 -0.008911 0.035522
-0.446289 0.526611 1.978271 0.002319 -0.004150 0.020020
-0.538818 0.524170 1.975098 0.000244 -0.000244 0.011353
-0.364014 1.222900 1.967529 -0.008789 0.005127 0.008545
-1.014648 -0.599365 2.019531 -0.055176 0.018921 -0.028687
-0.945313 -0.062012 2.000000 -0.017334 -0.001221 0.019409
-0.265381 0.898926 1.989990 0.008301 -0.011475 0.040405
-0.642822 -0.090332 2.007813 -0.038330 0.012085 -0.020142
-0.513184 0.586426 1.984863 -0.002319 -0.004150 0.013672
-0.511719 0.310303 1.982178 -0.018799 0.001343 0.002319
-0.561279 0.595215 1.978027 -0.018188 0.008667 0.008789
-0.561035 0.486816 1.975342 -0.009155 0.002930 0.012329
-0.484131 0.605957 1.984863 -0.002441 -0.001099 0.011108
-0.677979 0.509521 1.983643 -0.041870 0.012085 -0.034668
-0.413330 0.649902 1.970947 0.010864 -0.009155 0.021240
-0.420654 0.639160 1.980225 0.004272 -0.006714 0.010498
-0.519775 0.532715 1.985840 -0.005615 -0.001343 -0.006104
-0.521484 0.504395 1.982178 -0.010010 0.000732 -0.012939
-0.560791 0.493652 1.983154 -0.011963 0.001831 -0.020264
-0.574219 0.425049 1.979980 -0.011963 0.000977 -0.019409
-0.558105 0.435059 1.990723 -0.009521 -0.000122 -0.013306
-0.572510 0.430908 1.989746 -0.008057 -0.000488 -0.013916
-0.574707 0.448242 1.975586 -0.005981 -0.002075 -0.011353
-0.541992 0.503662 1.986816 -0.005249 -0.002930 -0.006226
-0.542969 0.461914 1.985352 -0.007935 -0.002075 -0.008057
-0.574951 0.435059 1.991943 -0.008911 -0.001709 -0.013062
-0.572266 0.416992 1.987305 -0.007446 -0.002563 -0.015381
-0.568604 0.427490 1.994629 -0.005615 -0.003906 -0.010864
-0.561279 0.447754 1.983154 -0.004517 -0.004395 -0.006104
-0.558105 0.428223 1.986816 -0.005005 -0.004028 -0.007568
-0.566162 0.399414 1.991699 -0.003784 -0.004028 -0.007202
-0.565674 0.434326 1.989014 -0.002075 -0.004150 -0.007080
-0.567627 0.442139 1.989502 -0.002197 -0.004395 -0.008545
-0.559326 0.427979 1.986328 -0.001465 -0.005005 -0.005615
-0.571045 0.450195 1.991943 -0.001099 -0.005005 -0.004150
-0.566895 0.423096 1.993408 -0.000977 -0.006470 -0.001465
-0.555176 0.414063 1.987549 0.000610 -0.007446 0.000977
-0.552979 0.445313 1.986572 0.001465 -0.007935 0.003052
-0.551758 0.473633 1.992188 0.001099 -0.007813 0.004272
-0.553223 0.457275 1.990967 -0.000488 -0.008301 0.003052
-0.515381 0.490234 1.983887 -0.002197 -0.008057 0.003540
-0.493164 0.460449 1.991943 -0.004517 -0.005371 0.003296
-0.522705 0.453369 1.989990 -0.004395 -0.002441 0.001099
-0.576172 0.424805 1.989990 -0.004517 -0.001709 -0.001465
-0.584473 0.391357 1.991943 -0.002319 -0.004883 -0.000732
-0.554199 0.414307 1.993652 0.000732 -0.007568 0.002319
