-0.209106 0.425171 0.957764 -0.010986 -0.005493 -0.034058
-0.245728 0.376587 0.961426 -0.025146 -0.004761 -0.039917
-0.253418 0.333496 0.957153 -0.008667 -0.022827 0.020874
-0.224854 0.324585 0.960815 0.015991 -0.024902 0.119629
-0.210327 0.363892 0.958618 0.020386 -0.013550 0.133789
-0.200317 0.369629 0.962646 0.033203 -0.002563 0.140137
-0.214355 0.395386 0.962158 0.024170 0.006592 0.089966
-0.255859 0.388672 0.959595 0.017456 -0.010620 0.033447
-0.228027 0.364014 0.954346 0.018433 -0.021851 -0.001343
-0.194092 0.411255 0.951660 0.010620 -0.011597 -0.008789
-0.216919 0.393066 0.959595 0.003662 -0.002441 0.042236
-0.216919 0.420654 0.952148 -0.008057 -0.001099 0.052490
-0.211792 0.409790 0.956421 -0.022095 0.002075 0.041016
-0.223877 0.381714 0.955933 -0.026367 0.000610 0.002197
-0.224976 0.351685 0.963989 -0.010132 -0.006714 0.036987
-0.214966 0.369019 0.958496 0.000122 -0.008423 0.108276
-0.196289 0.465332 0.959717 -0.046387 -0.011841 0.000977
-0.208740 0.414429 0.951660 -0.028442 0.005737 0.002930
-0.219727 0.385986 0.946533 -0.024536 0.002930 0.003296
-0.241699 0.384766 0.960205 -0.018066 -0.011719 0.008179
-0.225342 0.373047 0.956665 0.002930 -0.024292 0.061157
-0.196777 0.382690 0.961426 0.013672 -0.019165 0.098877
-0.192139 0.414063 0.952637 0.001953 -0.004272 0.033936
-0.203613 0.411011 0.952026 -0.004028 0.004150 0.050537
-0.219849 0.404175 0.958740 -0.013306 0.001709 0.017578
-0.234497 0.387695 0.960449 -0.015625 -0.014893 -0.003540
-0.217407 0.380127 0.959351 -0.006470 -0.028809 0.014526
-0.194458 0.424683 0.958130 -0.012207 -0.028320 0.027588
-0.185791 0.419067 0.956177 -0.030762 -0.015015 -0.005737
-0.163574 0.347412 0.927124 -0.019775 0.008179 0.013672
-0.252075 0.388794 0.950562 -0.007935 -0.005981 0.029175
-0.230225 0.411743 0.955200 -0.004150 -0.027588 0.024170
-0.193359 0.396729 0.954224 -0.008423 -0.028198 0.010254
-0.207153 0.400879 0.960083 -0.013428 -0.025635 -0.021118
0.301025 0.384521 0.857788 -0.064209 -0.111694 -0.158447
-0.289307 0.401245 0.988281 -0.033447 -0.023193 -0.031860
0.030640 0.369751 0.899170 -0.040894 -0.104370 -0.127808
0.610107 0.362549 0.874023 -0.040527 -0.037476 -0.123901
-0.426636 0.351318 0.973877 -0.017334 -0.057739 -0.002930
-0.119629 0.363403 0.914795 -0.029175 -0.006714 0.030518
-0.360596 0.526978 1.048096 -0.087402 -0.095459 -0.065918
-0.439697 0.163452 0.959106 -0.050293 0.007080 -0.084595
-1.067017 0.334961 1.145020 -0.060303 -0.218140 -0.154541
0.474854 0.339600 0.951904 -0.043457 -0.098511 -0.120972
-0.186646 0.277100 0.996826 -0.052979 -0.085571 -0.070923
-0.518555 0.459717 0.994629 -0.057373 -0.092407 -0.041992
-0.357300 0.571167 1.051147 -0.079712 -0.134155 -0.015137
0.166626 0.410767 0.908447 -0.056274 -0.062256 -0.017944
-0.334473 0.406982 1.036987 -0.046875 -0.067993 0.050659
-0.986938 0.738159 1.030640 -0.140991 -0.224731 -0.147583
0.036255 0.405151 0.936279 -0.046509 -0.015259 0.057251
-0.417358 0.337280 1.073486 -0.097656 -0.113647 -0.076050
-0.362427 0.257324 1.043823 -0.081787 -0.005371 -0.026855
-0.163818 0.205444 0.940674 -0.019043 0.049927 0.021729
-0.533081 0.562134 1.143677 -0.119385 -0.108887 -0.107178
-0.232910 0.336426 0.978271 -0.026489 -0.026001 0.025391
-0.206787 0.369507 0.986572 -0.012817 0.001343 0.038940
-0.207031 0.364502 0.990845 -0.021606 -0.016602 0.019043
-0.159790 0.345703 0.980957 -0.023804 -0.015137 0.033203
-0.169312 0.322998 0.988647 -0.012939 -0.001587 0.051270
-0.177612 0.329468 0.989258 -0.008179 0.003296 0.042358
-0.189453 0.331055 0.989014 -0.003052 -0.001709 0.066650
-0.170898 0.366455 0.996338 -0.011597 -0.005981 0.067139
-0.171387 0.254395 0.979126 -0.019653 0.003296 0.047363
-0.186890 0.324829 0.985474 0.000244 0.001587 0.066895
-0.160034 0.405884 0.997192 -0.025146 0.012085 0.041626
-0.164917 -0.023560 0.987915 0.049194 -0.035034 0.134521
-0.118652 0.412231 0.992310 0.005737 -0.002563 0.091797
-0.225830 0.224976 0.986084 -0.032715 0.037842 0.067383
-0.190430 0.460449 0.987427 0.046387 -0.033203 0.151489
-0.165649 0.267090 0.984253 -0.012329 0.013672 0.062134
-0.014404 0.611206 0.978149 -0.079224 0.080688 0.028076
-0.124023 0.494019 0.987183 0.011353 -0.038452 0.077637
-0.124756 0.435791 0.992065 -0.038086 0.027100 0.018188
-0.334229 0.211548 1.008667 -0.025513 0.009888 0.039063
-0.135376 0.364014 0.981201 -0.013306 0.009033 0.044067
-0.148315 0.366577 0.988159 -0.024292 0.034546 0.023315
-0.222656 0.323975 0.985229 -0.066650 0.076050 0.012329
-0.154785 0.349854 0.992676 0.020874 -0.026123 0.104248
-0.071655 0.423950 0.986938 -0.009888 0.016479 0.077393
-0.555664 0.181030 1.013916 -0.083618 0.062744 0.009644
-0.176636 0.340820 0.983032 -0.006714 -0.005615 0.081543
-0.130615 0.385132 0.980835 -0.018677 0.020386 0.054199
0.215210 0.791138 0.938354 -0.164673 0.158447 -0.064697
-0.213135 0.480103 0.991455 -0.026855 -0.009277 0.072998
-0.012451 0.513794 0.967896 -0.050415 0.057861 0.054932
-0.173218 0.089966 0.983276 -0.005371 0.034424 0.104980
-0.130737 0.416870 0.988281 -0.029175 0.019287 0.081665
-0.287720 0.244751 0.995728 -0.049683 0.052246 0.048096
-0.332153 -0.255005 1.002808 0.010864 -0.005859 0.125122
-0.157959 0.352417 0.989746 -0.025024 0.015259 0.061890
-0.173950 -0.346558 0.981079 -0.000366 0.010742 0.080566
-0.215576 0.314941 0.982056 -0.025269 0.001099 0.085571
-0.428467 0.091309 1.017944 -0.107422 0.055908 0.005737
-0.152710 0.292847 0.991943 -0.015015 0.008301 0.125977
-0.033691 0.567139 1.009033 -0.068359 0.044312 0.069214
-0.122437 0.569946 1.006958 -0.068359 0.040527 0.055664
-0.236450 0.474854 0.988403 -0.003662 -0.008057 0.143311
-0.894775 -0.037231 0.962524 -0.153564 0.000732 -0.044556
-0.161743 0.359985 1.013672 -0.024292 -0.005493 0.063721
-0.449219 0.157104 0.947876 -0.211304 0.079468 -0.120605
-0.195923 0.369995 0.990356 0.030273 -0.051758 0.128540
-0.134033 0.373657 0.995850 0.011963 -0.033447 0.080688
0.013794 0.588623 0.984863 -0.124878 0.061523 -0.045532
-0.090942 0.373047 1.013306 -0.049683 0.012939 0.040527
-0.242798 0.281128 0.984497 0.028076 -0.030151 0.161865
-0.171387 0.412476 1.008057 -0.159546 0.045776 -0.057129
-0.142090 0.180908 0.994507 -0.081421 0.026978 0.042480
-0.230591 0.376343 1.009277 -0.115967 0.001709 -0.021973
-0.209717 0.455933 1.006348 0.001099 -0.015503 0.110474
-0.234131 0.119141 0.990845 -0.002075 -0.007935 0.099487
-0.178711 -0.108154 0.976563 -0.005615 0.000610 0.069092
-0.185791 0.460571 1.006836 -0.143066 0.038574 -0.050293
-0.228516 0.341553 1.001587 0.025513 -0.025635 0.168335
-0.117554 0.389771 1.004761 -0.023193 0.006348 0.140137
-0.278687 -0.354858 0.994629 -0.109375 0.063721 0.003784
-0.318970 0.117188 0.999390 0.032959 -0.031372 0.186279
-0.151367 0.267944 0.988403 0.006348 -0.009766 0.121948
0.059204 0.757446 0.967529 -0.230469 0.121704 -0.158081
-0.434570 0.475342 0.987793 -0.093384 0.025391 0.025391
-0.049072 0.635986 1.009277 -0.085815 0.018433 0.032715
-0.170044 0.620850 0.988647 -0.117920 0.006714 -0.035278
-0.025146 0.644531 1.007080 -0.103638 0.018799 -0.052368
-0.153076 0.315796 1.002563 0.001831 -0.007568 0.037964
-0.206665 0.299072 0.999268 -0.009766 -0.000366 0.077393
-0.155884 0.362671 1.010498 -0.052246 0.020508 0.002319
-0.249634 0.759644 0.988892 -0.232788 0.067017 -0.146973
-0.176880 0.458740 1.005005 -0.018555 -0.019287 0.069946
-0.150635 0.684204 0.969727 -0.213623 0.018433 -0.083130
-0.123413 0.540161 0.995605 0.025879 -0.031616 0.105957
-0.149780 0.379761 1.002197 -0.009766 -0.000122 0.016479
-0.199951 0.293213 0.998169 -0.033569 0.014893 -0.004150
-0.220215 0.277100 1.002075 -0.038696 0.008301 -0.019043
-0.250000 0.241821 1.004150 -0.022217 -0.009521 0.008545
-0.215088 0.265991 1.006348 -0.014771 -0.025024 0.003906
-0.189819 0.275879 1.004028 -0.018677 -0.016479 -0.026367
-0.196899 0.259155 1.001343 -0.013184 -0.006348 -0.019897
-0.218140 0.266113 0.998535 -0.015869 -0.007446 -0.008179
-0.218750 0.264526 1.003540 -0.010864 -0.014160 0.001709
-0.205322 0.282715 1.003906 -0.008423 -0.016724 0.012573
-0.200806 0.274536 0.999756 -0.011353 -0.013428 -0.009155
-0.198486 0.273193 1.000854 -0.014893 -0.010620 -0.003906
-0.202148 0.269897 1.003540 -0.023560 -0.006104 -0.005493
-0.211426 0.258179 0.998169 -0.024170 -0.005493 -0.007568
-0.214355 0.247314 1.002808 -0.014771 -0.011108 0.008057
-0.202026 0.262329 1.007446 -0.010376 -0.012939 0.015503
-0.205200 0.278809 1.004028 -0.011597 -0.010620 -0.001709
-0.206299 0.267578 1.005737 -0.014893 -0.010132 -0.010132
-0.228027 0.270874 1.001099 -0.012695 -0.017822 -0.006592
-0.208130 0.269409 1.001709 -0.011597 -0.023315 -0.004150
