-0.204834 0.372803 0.966919 -0.017578 -0.001465 -0.001831
-0.220215 0.369019 0.965698 -0.013428 -0.010010 0.024170
-0.208130 0.381104 0.964966 -0.009766 -0.019897 0.023438
-0.188721 0.385376 0.967529 -0.011108 -0.017212 0.007690
-0.181274 0.376953 0.961914 -0.013306 -0.009033 -0.011597
-0.193848 0.379761 0.963135 -0.008911 -0.006470 0.009888
-0.194824 0.387085 0.963989 -0.008667 -0.006104 0.004517
-0.196899 0.390991 0.961060 -0.009521 -0.009033 -0.011230
-0.208374 0.401855 0.962036 -0.012817 -0.016357 -0.008179
-0.187866 0.385864 0.962891 -0.014893 -0.019409 -0.019531
-0.173340 0.380005 0.960693 -0.012573 -0.008789 -0.007568
-0.168823 0.397949 0.968994 -0.017944 0.005859 -0.028076
-0.201172 0.389404 0.960205 -0.019775 0.004395 -0.007935
-0.208008 0.395874 0.968872 -0.024780 -0.005493 -0.024292
-0.256226 0.444580 1.003662 -0.059326 -0.044434 -0.094116
-0.214478 0.413330 0.974487 -0.041260 -0.015991 -0.034790
-0.333496 0.420410 1.057617 -0.069580 -0.044189 -0.029907
-0.210938 0.440186 0.969360 -0.057617 -0.050171 -0.018921
-0.355225 0.374634 0.950562 -0.032227 0.034912 -0.016235
-0.273682 0.443481 1.010742 -0.067505 -0.025879 -0.118286
-0.275757 0.278442 0.950317 -0.033569 -0.007813 -0.060181
-0.165649 0.291626 0.945435 -0.037109 -0.024048 -0.037842
-0.110718 0.328247 0.993530 -0.048584 -0.092041 -0.038574
-0.642944 0.545654 1.066650 -0.062134 -0.091064 -0.038940
-0.407349 0.397705 1.024658 -0.093872 -0.124756 -0.108154
0.116821 0.134277 0.831909 -0.086182 0.017700 -0.108032
1.193359 -0.055908 0.734497 -0.058350 -0.013794 -0.072388
0.241333 -0.000366 0.936035 -0.071655 -0.067261 -0.037354
-0.779663 0.636597 1.067139 -0.104492 -0.178223 -0.051880
-0.663452 0.772217 1.058838 -0.113403 -0.141113 -0.042114
-0.208984 0.314575 0.968994 -0.017212 0.000732 0.107666
0.015747 0.202759 0.963989 -0.036987 -0.061401 -0.020630
-0.359741 0.476807 0.997681 -0.037720 -0.076904 -0.006470
-0.191650 0.418457 0.983276 -0.005493 -0.000366 0.084595
-0.168335 0.327026 0.976074 -0.017700 -0.007324 0.029175
-0.156250 0.334351 0.978638 -0.018311 0.002686 0.007690
-0.160767 0.341553 0.977173 -0.015747 0.010864 -0.001099
-0.200439 0.323364 0.989014 0.000977 0.002808 0.000122
-0.211792 0.317627 0.989990 0.016357 -0.021484 0.031982
-0.167847 0.360718 0.985352 0.015259 -0.027832 0.087891
-0.118652 0.407837 0.983643 -0.030273 0.011841 0.027100
-0.107178 0.426514 0.984009 -0.050903 0.035889 0.000977
-0.232056 0.323120 0.989990 -0.066650 0.043823 -0.006714
-0.212524 0.312500 0.983154 -0.049194 0.018677 0.032959
-0.120728 0.362427 0.992554 -0.072021 0.053589 -0.034790
-0.254395 0.210571 0.978027 -0.048340 0.037720 0.019653
-0.123535 0.486328 1.007813 -0.098267 0.050293 -0.029907
-0.118164 0.578979 0.995117 -0.015991 0.008667 0.065063
-0.214600 0.292236 0.984741 -0.089111 0.065430 -0.007935
-0.123169 0.460938 0.997314 -0.098145 0.056763 0.005981
-0.168701 0.439819 0.994873 -0.114258 0.067383 -0.015503
-0.164429 0.310425 0.988647 -0.096802 0.061279 0.009155
-0.870117 -0.132202 1.071899 -0.144897 0.070068 0.041870
-0.074219 0.649536 1.025269 -0.082397 0.059692 0.139771
-0.503540 -0.155640 1.019043 -0.010254 0.006714 0.183105
-0.643677 -0.105591 0.993164 -0.136841 0.053711 -0.057617
-0.165771 0.448975 0.981323 0.019775 -0.053345 0.065796
-0.130737 0.381714 0.982422 -0.010986 -0.020264 0.064819
-0.161621 0.280151 0.986450 -0.029175 0.022583 0.052246
-0.161377 0.613647 0.947388 -0.160034 0.093872 -0.029419
-0.348755 -0.042725 0.989136 -0.018311 -0.004761 0.204224
-0.426636 0.159302 1.012817 -0.027588 -0.042236 0.067383
-0.306519 0.016479 1.002808 0.007568 -0.022827 0.057495
-0.188721 0.277832 0.994873 0.009766 -0.017212 0.022461
-0.202881 0.282593 0.990112 0.003052 -0.000366 0.043701
-0.155640 0.396729 0.938843 -0.085083 0.031128 -0.008789
-0.086426 0.489746 0.980347 -0.065308 0.024292 -0.006226
-0.206909 0.310669 0.984497 -0.062256 0.013794 -0.026733
-0.187866 0.290039 0.996338 -0.035156 0.007813 0.024414
-0.222656 0.253906 0.990845 -0.058105 0.039673 0.034790
-0.194580 0.348389 1.002319 -0.050781 0.035645 0.071533
-0.276611 0.225342 0.994019 -0.030884 0.017822 0.099854
-0.209961 0.304565 0.978394 -0.052002 0.010864 0.044434
-0.205688 0.262573 0.998047 0.004272 -0.038818 0.107300
-0.106812 0.379150 0.980957 -0.071899 0.031006 0.054321
-0.108643 0.389038 0.987549 -0.096558 0.070679 0.073975
-0.338745 0.592407 1.037598 -0.178955 0.119995 -0.011475
-0.094238 0.525391 0.999268 -0.128784 0.100952 -0.001587
-0.839600 -0.333008 1.200195 -0.179443 0.054443 0.012451
-0.063721 0.621704 1.006470 -0.055908 -0.011108 0.111450
0.065430 0.686890 0.963623 -0.121704 0.073364 -0.048218
-0.205933 0.111938 0.994873 -0.020996 -0.001709 0.033447
0.106812 0.783447 0.927002 -0.202026 0.125732 -0.074463
-0.647217 -0.356201 1.041870 -0.006714 -0.006104 0.198853
-0.695679 -0.630371 1.036499 -0.094116 0.007080 0.073364
-0.237793 0.554077 1.011230 -0.090332 -0.001099 0.062134
-0.157349 0.295166 1.009888 -0.003052 -0.015015 0.141602
-0.405151 0.123901 1.088013 -0.238037 0.160034 0.011108
-0.114990 0.246948 0.951294 -0.192993 0.075928 0.032593
-0.072266 0.434814 1.003662 -0.066284 -0.011108 0.093384
-0.103271 0.483643 1.015869 -0.091187 0.033936 -0.011963
-0.058105 0.520752 1.024902 -0.146118 0.075684 -0.024414
-0.153442 0.210693 1.033813 -0.015381 -0.011230 0.131348
-0.339844 0.140137 1.017090 -0.016968 -0.009399 0.207153
-0.368774 -0.354370 1.019409 -0.083618 0.021606 0.055542
-0.251343 0.121582 1.002930 -0.014526 -0.041260 0.016479
-0.206421 0.234741 1.005249 -0.014893 -0.010376 0.047607
-0.224121 0.244751 1.006592 -0.021362 -0.002563 0.072144
-0.206665 0.279663 1.000488 -0.026855 -0.001099 0.065430
-0.209717 0.266846 1.004395 -0.034302 0.002197 0.007324
-0.235352 0.212646 1.003296 -0.039307 0.005981 -0.036743
-0.259521 0.190430 1.008423 -0.014282 -0.011475 0.049927
-0.171631 0.287109 1.016357 -0.019043 -0.004272 0.115723
-0.380249 0.153076 1.036011 -0.081421 0.014771 -0.007202
-0.911743 -0.811035 1.074829 -0.089233 0.028687 -0.033203
-0.241455 0.332153 0.999023 -0.012939 -0.012573 -0.015747
-0.231079 0.198364 1.006836 -0.022827 0.012451 -0.026611
-0.233032 0.230591 1.008057 -0.015503 0.004395 0.046631
-0.226196 0.243896 1.004761 -0.025024 0.017090 0.057251
-0.216431 0.258789 1.007080 -0.043091 0.029419 0.036499
-0.289551 0.213623 1.000122 -0.065186 0.020264 -0.018433
-0.266113 0.201416 1.006104 -0.011719 -0.022827 0.038940
-0.224854 0.236816 1.004639 -0.017212 -0.017212 0.129028
-0.275391 0.040161 1.020020 -0.026733 0.004150 0.138428
-0.094482 0.453003 1.011719 -0.125977 0.061768 -0.151001
-0.274902 0.185547 1.010010 -0.025024 0.001343 -0.054321
-0.269653 0.204346 1.007202 -0.010620 -0.021484 -0.045654
-0.232910 0.233643 1.003296 -0.005737 -0.035889 -0.020264
-0.193604 0.261230 1.009644 -0.013062 -0.019531 -0.019409
-0.201050 0.249756 1.004883 -0.029907 0.002563 -0.041382
-0.239502 0.202637 1.006348 -0.034668 0.007324 -0.081299
-0.272461 0.197144 1.005737 -0.019043 -0.012573 -0.045654
-0.225708 0.215576 1.008789 -0.007568 -0.024048 -0.000488
-0.220337 0.234863 1.005249 -0.010620 -0.013550 -0.005371
-0.231201 0.232788 1.003418 -0.018555 -0.007813 -0.023315
-0.249146 0.218506 1.000977 -0.021729 -0.011475 -0.036011
-0.238037 0.205933 1.005615 -0.019287 -0.017700 -0.028687
-0.229614 0.201660 1.010132 -0.013916 -0.018188 -0.019775
-0.232910 0.222656 1.004761 -0.012085 -0.013550 -0.027222
-0.231201 0.225830 1.006592 -0.015869 -0.011475 -0.024780
-0.240967 0.222534 1.006958 -0.019531 -0.009521 -0.013550
-0.232544 0.216797 1.006348 -0.020264 -0.011841 -0.015259
-0.229492 0.222534 1.013428 -0.017822 -0.007568 -0.004761
-0.230225 0.219116 1.002930 -0.021240 -0.006348 -0.011353
-0.238403 0.214478 1.002930 -0.021484 -0.004639 -0.014404
-0.244385 0.213989 1.014282 -0.016724 -0.012085 -0.014160
-0.243896 0.222534 1.003784 -0.014038 -0.021240 -0.024292
-0.225586 0.217529 1.011963 -0.012817 -0.026367 -0.025146
-0.207764 0.220093 1.007446 -0.012695 -0.016968 -0.031616
-0.230957 0.214966 1.015625 -0.011475 -0.006836 -0.020996
-0.243042 0.207520 1.012573 -0.003662 -0.009399 0.012451
-0.234131 0.227905 1.013062 -0.001221 -0.017578 0.021606
-0.222046 0.226929 1.006836 -0.008667 -0.014648 -0.000488
-0.227173 0.213379 1.008179 -0.008423 -0.011108 -0.000244
-0.222656 0.225342 1.007935 -0.007202 -0.006348 0.015991
-0.241577 0.232056 1.004272 -0.014526 -0.006714 -0.002197
-0.238281 0.222534 1.010986 -0.015747 -0.013184 -0.011719
-0.215576 0.217407 1.002319 -0.013794 -0.014648 -0.008545
-0.223755 0.219360 1.008545 -0.012817 -0.005859 0.005005
-0.241943 0.229614 1.009277 -0.015137 -0.005493 0.000610
