-0.190796 0.527100 0.891846 -0.018188 -0.013794 -0.003784
-0.189453 0.534546 0.890747 -0.018677 -0.014160 -0.009399
-0.192139 0.523071 0.890991 -0.019409 -0.016479 -0.006348
-0.183105 0.523193 0.885620 -0.017334 -0.019287 -0.005005
-0.182617 0.530884 0.895264 -0.014771 -0.015503 0.010376
-0.195923 0.525513 0.892334 -0.013184 -0.014282 0.036011
-0.202515 0.518311 0.884888 -0.008911 -0.020142 0.063599
-0.173706 0.537354 0.890015 -0.003418 -0.024170 0.084595
-0.166992 0.543335 0.891724 -0.010132 -0.015503 0.035767
-0.180664 0.537964 0.887207 -0.014893 -0.008667 0.019165
-0.188599 0.529297 0.889648 -0.014893 -0.007813 0.012329
-0.181152 0.513916 0.893433 -0.008179 -0.007568 0.041748
-0.159302 0.541138 0.893433 -0.005249 -0.005615 0.080200
-0.181030 0.562622 0.901611 -0.016357 -0.002319 0.065552
0.259888 0.398804 0.779419 -0.080811 -0.090576 -0.073486
-0.195557 0.512573 0.886963 -0.030884 0.019775 -0.006226
-0.219360 0.495605 0.892578 -0.026123 -0.012695 -0.008179
-0.204712 0.523682 0.900269 -0.007568 -0.042725 0.046265
0.061157 0.551147 0.853638 -0.015259 -0.082153 0.060547
-0.135864 0.600586 0.911377 -0.037598 -0.038818 0.025269
-0.128174 0.498169 0.836426 -0.056763 -0.020264 -0.044800
-0.110718 0.446167 0.947998 -0.093506 -0.058838 -0.112183
-0.255249 0.523438 0.856567 -0.048706 -0.028931 -0.099487
-0.289063 0.471924 0.900391 -0.036011 0.011353 -0.026855
-0.104980 0.484985 0.871826 -0.032593 -0.055420 0.001709
-0.079468 0.455444 0.890625 -0.033325 -0.035645 0.000854
-0.006836 0.405029 0.851440 -0.064819 -0.055176 -0.068115
-0.270142 0.511841 0.924072 -0.065430 -0.023804 -0.086914
0.806641 0.317993 0.724854 -0.105591 -0.167847 -0.148804
-0.270264 0.432739 0.909546 -0.053833 -0.004761 -0.030762
-0.195068 0.481812 0.925293 -0.031494 -0.020508 -0.013306
-0.138672 0.441040 0.927490 -0.060669 -0.103394 -0.025146
0.149902 0.432373 0.867188 -0.037598 -0.064941 0.014771
-0.339111 0.594971 0.964233 -0.024902 -0.012085 0.080200
-0.107544 0.486084 0.873291 -0.104248 -0.135620 -0.053589
-0.308228 0.611450 1.015137 -0.040161 -0.013184 0.015991
-0.210571 0.500000 0.913208 -0.053223 -0.032959 -0.018555
-0.140381 0.415283 0.872681 -0.089844 -0.095581 -0.031250
0.034058 0.409424 0.927368 -0.077271 -0.065918 -0.018066
-0.108765 0.734131 0.972534 -0.086426 -0.072388 -0.025757
-0.043945 0.479492 0.878906 -0.066528 -0.039795 -0.042603
-0.301514 0.560913 0.946777 -0.036987 0.005493 0.002197
-0.137695 0.455322 0.897827 -0.041870 -0.021118 0.016113
-0.144409 0.501343 0.917480 -0.013428 -0.010010 0.058594
-0.129639 0.487305 0.915527 -0.017944 -0.006836 0.026733
-0.157959 0.523438 0.934814 -0.022949 0.000244 -0.005249
-0.137817 0.486938 0.917480 -0.036255 -0.012451 -0.035889
-0.079468 0.451416 0.901611 -0.045532 -0.018433 -0.057007
-0.181885 0.492310 0.922607 -0.024780 0.004395 -0.031738
-0.162476 0.470459 0.922363 -0.019531 -0.011108 -0.034180
-0.153809 0.481812 0.925293 -0.005737 -0.017822 -0.012085
-0.155884 0.488037 0.926392 -0.001953 -0.016235 0.017456
-0.142578 0.503296 0.918823 0.000610 -0.012451 0.050903
0.040161 0.488037 0.872314 -0.005005 0.016479 0.064087
0.022217 0.461914 0.923584 -0.006226 -0.032959 0.116699
-0.031738 0.499512 0.911621 -0.008789 0.009033 0.072754
-0.124878 0.487305 0.924438 -0.003784 -0.004395 0.049316
-0.221069 0.537720 0.936035 -0.022827 0.052734 0.029541
-0.124512 0.503052 0.921753 -0.005737 -0.014648 0.056152
0.018799 0.541992 0.907471 -0.020020 0.041504 0.056885
0.128418 0.624756 0.866699 -0.033203 0.074829 0.098267
-0.255981 0.536743 0.922607 -0.019531 0.036133 0.086548
-0.036133 0.586182 0.919678 -0.000610 0.007080 0.056763
-0.147827 0.486084 0.918335 -0.016357 0.012329 0.042603
-0.014160 0.556641 0.902954 -0.017212 0.044434 0.045288
-0.304199 0.392944 0.925659 -0.034058 0.042236 0.053711
-0.813477 0.206421 0.979736 -0.077393 0.146606 0.016235
-0.341553 0.521118 0.936768 0.004639 0.002930 0.069214
-0.245239 0.477417 0.919556 -0.022949 0.030273 0.026367
-0.047485 0.533936 0.915161 -0.015015 0.019043 0.025391
-0.815186 0.149048 0.941406 -0.081787 0.121826 -0.025879
-0.338257 0.448975 0.909058 -0.054077 0.061279 0.009033
-0.143677 0.531250 0.937744 -0.005615 -0.010010 0.075806
-0.122803 0.466309 0.909058 -0.044434 0.028076 0.006836
-0.063232 0.482056 0.922729 -0.010742 -0.018921 0.053589
0.031616 0.528931 0.893677 -0.006592 0.009155 0.080322
-0.203125 0.501343 0.921997 -0.057739 0.110596 0.025146
-0.358032 0.425171 0.962769 -0.056396 0.062378 0.042725
-0.026489 0.581787 0.913818 0.003296 -0.020996 0.077881
-0.062378 0.513062 0.918945 -0.015381 -0.000488 0.056885
-0.142456 0.508667 0.919678 -0.029175 0.029419 0.029053
-0.186157 0.493652 0.923340 -0.032471 0.022705 0.023071
-0.192017 0.475098 0.919067 -0.019897 0.000854 0.041260
-0.147339 0.493652 0.917603 -0.010986 -0.011108 0.046387
-0.050415 0.593872 0.940308 -0.024780 0.018311 0.026733
-0.189087 0.427246 0.915771 -0.029419 0.010864 0.048706
-0.072266 0.597290 0.936035 -0.037720 0.032471 0.037598
-0.421875 0.395142 0.923462 -0.145508 0.126709 -0.120972
-0.081787 0.526123 0.920532 0.004761 -0.044189 0.112061
-0.080566 0.519775 0.920898 -0.017578 -0.010742 0.046265
-0.135864 0.501099 0.920776 -0.029297 0.019165 0.025635
0.001465 0.614380 0.898071 -0.100586 0.083008 -0.048218
-0.340576 0.384399 0.930420 -0.056274 0.043823 0.045288
-0.095215 0.571045 0.923828 -0.002930 -0.021729 0.112671
-0.365967 0.434570 0.950073 -0.136230 0.143677 -0.111816
-0.477173 0.284302 0.926636 -0.078003 0.050171 -0.010864
-0.120483 0.515015 0.932617 -0.014038 -0.016479 0.081421
-0.198486 0.512207 0.944214 -0.103394 0.085083 -0.014038
-0.212524 0.363403 0.946655 -0.064819 0.049316 0.075928
0.174561 0.959961 0.921265 -0.125732 0.072510 -0.051147
-0.041870 0.552612 0.931641 -0.019897 0.000488 0.095215
-0.457764 0.273438 0.918945 -0.084229 0.052979 -0.015747
-0.084839 0.535278 0.937256 -0.031006 0.006836 0.000854
-0.662720 -0.072876 0.912231 -0.194580 0.158203 -0.199829
-0.168945 0.506714 0.938599 0.001099 -0.008545 0.086426
0.031738 0.725708 1.030151 -0.033203 0.014160 0.043457
-0.099487 0.588989 0.930664 -0.005493 0.007202 0.105713
-0.217041 0.503906 0.933472 -0.063843 0.050171 -0.006714
-0.505127 -0.007202 0.893066 -0.120117 0.032959 -0.083496
-0.020386 0.634521 0.903076 -0.056763 0.005737 -0.002808
-0.800171 -0.328857 0.908813 -0.186279 0.163086 -0.170898
-0.200928 0.451294 0.935669 -0.005737 -0.009155 0.075195
-0.057251 0.567749 0.930420 -0.123657 0.105957 -0.074585
-0.215942 0.434204 0.933838 -0.005615 -0.018311 0.069336
-0.163452 0.447998 0.934937 -0.012695 -0.006836 0.062012
0.063477 0.701904 1.003174 -0.038574 0.021973 0.019531
-0.191895 0.349487 0.920898 -0.044189 -0.011963 0.074707
-0.153076 0.487305 0.936157 0.008301 -0.029663 0.098999
-0.400269 0.469971 0.978027 -0.166870 0.128784 -0.139526
-0.464844 0.462402 0.957397 -0.157593 0.133301 -0.116089
-0.220093 0.471802 0.940430 0.003174 -0.029053 0.061768
-0.130005 0.465454 0.937012 -0.027832 0.000610 0.010010
-0.196655 0.439331 0.936035 -0.027222 0.010254 0.008179
-0.227051 0.418701 0.941528 -0.022339 0.000732 0.003662
-0.179932 0.448730 0.936523 -0.014038 -0.009399 0.053589
-0.619873 -0.134033 0.981567 -0.209351 0.180786 -0.195435
-0.548340 0.220093 0.927856 -0.113403 0.073608 -0.098389
-0.144287 0.470093 0.939209 0.006104 -0.043213 0.062988
-0.130005 0.432861 0.937256 -0.015991 -0.003784 0.021118
-0.208130 0.429810 0.944946 -0.024170 0.015625 -0.002930
-0.239380 0.417969 0.945435 -0.017212 -0.000977 0.035889
-0.197632 0.448853 0.940063 -0.013062 -0.010498 0.069580
0.017212 0.676270 0.918823 -0.068970 0.040894 -0.055176
-0.185669 0.390503 0.937378 -0.027832 -0.016235 -0.036011
-0.178345 0.428833 0.935303 -0.016235 -0.012939 -0.021484
-0.201660 0.440063 0.942261 -0.017700 -0.005127 -0.031982
-0.205322 0.437622 0.946777 -0.018555 -0.003052 -0.020386
-0.202393 0.442993 0.946411 -0.020630 -0.001953 -0.018921
-0.190063 0.437134 0.943237 -0.025757 0.000244 -0.037720
-0.205322 0.428467 0.943237 -0.025879 0.004150 -0.026489
-0.199219 0.426880 0.942139 -0.024658 0.005615 -0.020630
-0.217529 0.431396 0.936035 -0.019653 0.000366 -0.003418
-0.211182 0.429688 0.937988 -0.020874 -0.002930 -0.023071
-0.203003 0.432983 0.945557 -0.020142 -0.003296 -0.029907
-0.203369 0.428955 0.941406 -0.019043 0.002197 -0.007568
-0.211548 0.432373 0.941406 -0.017578 0.002319 0.002686
-0.208374 0.430908 0.946777 -0.021484 -0.002197 -0.019653
-0.207031 0.424438 0.945068 -0.019287 -0.009521 -0.018921
-0.190063 0.426147 0.942383 -0.018555 -0.007324 -0.022949
-0.204102 0.416260 0.939087 -0.018066 0.000610 -0.023315
