-0.522949 0.652832 1.947266 -0.003296 -0.001709 0.004272
-0.494141 0.668213 1.947021 -0.003052 -0.003418 0.002686
-0.483398 0.656494 1.950439 -0.003174 -0.003906 -0.000488
-0.466797 0.661133 1.942871 -0.002563 -0.002808 0.003906
-0.466797 0.668701 1.940430 -0.001709 -0.001221 0.006470
-0.494629 0.655273 1.945313 -0.001587 -0.000610 0.004761
-0.500244 0.659180 1.939697 -0.001831 -0.001709 0.001953
-0.481201 0.680176 1.946045 -0.001953 -0.002686 0.000122
-0.482910 0.666748 1.938232 -0.002808 -0.002441 -0.001099
-0.480713 0.677490 1.936035 -0.003174 -0.002563 -0.002075
-0.482178 0.677246 1.939209 -0.004761 -0.001709 -0.003296
-0.482910 0.665771 1.943359 -0.005859 -0.000854 -0.004028
-0.493896 0.634277 1.949219 -0.005981 -0.000366 -0.005249
-0.516357 0.645752 1.947266 -0.004517 -0.001099 -0.004272
-0.504883 0.668213 1.937012 -0.003418 -0.002930 -0.001221
-0.481445 0.678711 1.945313 -0.004028 -0.003662 -0.001709
-0.461914 0.677979 1.940674 -0.005859 -0.002563 -0.006348
-0.491455 0.644287 1.949463 -0.006836 -0.000366 -0.007202
-0.533936 0.618652 1.947998 -0.005493 -0.000732 -0.004028
-0.511719 0.635010 1.947998 -0.002563 -0.003296 -0.000122
-0.492920 0.628174 1.941406 -0.000488 -0.004150 0.003052
-0.479980 0.640625 1.944580 0.001343 -0.003906 0.010620
-0.463623 0.683350 1.934082 0.001831 -0.002930 0.012695
-0.490479 0.663330 1.940674 0.000610 -0.001831 0.007935
-0.462158 0.674316 1.944580 -0.000122 -0.001343 0.008423
-0.459717 0.710693 1.942871 -0.002563 0.000610 0.005859
-0.525635 0.678467 1.945801 -0.004395 0.001465 0.000854
-0.556152 0.691406 1.952148 -0.004517 -0.001343 0.000000
-0.393555 0.606201 1.925781 -0.004883 -0.003784 -0.002197
-0.514893 0.628174 1.950439 -0.004272 -0.001587 0.001221
-0.510498 0.646729 1.955566 -0.002686 -0.004150 0.006592
-0.078613 0.589355 1.875732 -0.008057 -0.015503 -0.007080
-0.179443 0.318848 1.847656 -0.020264 -0.012085 -0.022583
-0.621094 0.623291 1.947754 -0.014404 -0.010620 -0.018433
0.071777 0.709229 1.848877 -0.015137 -0.015869 -0.029663
-0.248291 0.682861 1.946045 -0.015015 -0.016113 -0.039917
0.154541 0.598633 1.837891 -0.018188 -0.014282 -0.049194
-0.682373 0.718994 1.995117 -0.012329 -0.016602 -0.043335
-0.083740 0.517090 1.842529 -0.016724 -0.008545 -0.042236
-0.127441 0.700928 1.906738 -0.011597 -0.026123 -0.032104
-0.659668 0.487793 1.963379 -0.013550 -0.013794 -0.024780
-1.141846 0.570313 2.079590 -0.008911 -0.019287 -0.008179
0.030273 0.645508 1.875000 -0.021118 -0.037231 -0.032349
-0.762695 0.879639 2.118896 -0.013062 -0.005981 -0.001099
-0.470459 0.350342 1.937988 -0.027100 -0.025635 -0.034424
-0.316895 0.354736 1.903564 -0.018188 -0.015259 -0.012207
-0.489990 0.913330 1.986084 -0.016479 -0.023682 -0.009033
0.550537 0.573486 1.753418 -0.016846 -0.026611 -0.025146
-0.212646 0.318848 1.932373 -0.021606 -0.018066 -0.018188
-0.582764 0.421387 1.979248 -0.016602 -0.012939 -0.018433
-0.682617 0.640869 2.060303 -0.009155 -0.005493 0.007568
-0.503418 0.646240 1.984131 -0.013428 -0.010864 -0.009155
-0.470947 0.543213 1.996094 -0.008057 0.000610 0.006958
-0.483643 0.519775 1.998047 -0.006470 0.000122 0.012329
-0.537354 0.641846 2.074463 -0.005615 -0.003418 0.009277
-0.405762 0.457031 1.972412 -0.014648 -0.009644 -0.007935
-0.610352 0.653320 2.074707 -0.008667 -0.008911 0.015381
-0.427734 0.650391 1.986816 -0.008667 -0.011963 0.022217
-0.697510 0.890625 2.051514 -0.013428 -0.009766 0.014282
-0.388428 0.568604 1.969482 -0.006348 -0.003296 0.003906
-0.485352 0.539307 2.005615 -0.004883 0.001587 -0.005371
-0.449219 0.502686 2.000488 -0.005127 -0.001953 -0.008789
-0.424561 0.511963 2.002197 -0.002930 -0.002441 0.006714
-0.430420 0.540527 2.000000 -0.002563 -0.002197 0.021973
-0.411133 0.512939 2.006592 -0.002319 -0.001465 0.019165
-0.416992 0.550049 2.003174 -0.000366 -0.000244 0.013306
-0.430176 0.561279 1.992676 -0.001343 0.000122 0.003540
-0.412354 0.540771 2.003418 -0.002075 0.000122 0.000977
-0.410156 0.562988 2.000000 -0.003052 0.002075 -0.002930
-0.429199 0.540527 1.994873 -0.004150 0.005371 -0.005859
-0.502441 0.464355 2.010254 -0.002563 0.002808 0.001709
-0.378662 0.549805 2.000977 0.003418 -0.001587 0.010254
-0.391846 0.519287 1.925049 -0.006226 0.014526 0.011475
-0.531982 0.435303 2.017334 -0.006226 0.004272 0.020874
-0.475586 0.713135 1.999023 -0.000610 -0.001831 0.022217
-0.304199 0.601563 1.985840 0.002197 -0.001831 0.012695
-0.342041 0.636963 1.993164 -0.003174 0.004517 0.004028
-0.392090 0.691650 1.978027 -0.015869 0.017090 -0.001953
-0.315674 0.680176 1.965088 -0.001709 0.000977 0.018555
-0.710938 0.285645 2.029785 -0.010742 0.005615 0.017700
-0.373535 0.703857 1.991211 -0.001099 -0.001465 0.021240
-0.701660 0.539063 2.034180 -0.006348 0.007080 0.013550
-0.338379 0.520508 1.990234 -0.004150 -0.002808 0.012085
-0.259766 0.763916 1.985840 -0.006958 0.004639 0.011841
-1.084229 0.027588 2.054932 -0.029419 0.021484 -0.004639
-0.646729 0.358154 2.006104 -0.005371 0.001587 0.018188
-0.536377 0.590088 2.017578 -0.002441 0.001831 0.024048
-0.636963 0.365723 1.988525 -0.017700 0.012207 0.007935
-0.333496 0.640869 1.990479 -0.002686 -0.000122 0.022339
-1.117432 -0.013428 2.059814 -0.034424 0.021729 -0.012695
-0.510254 0.339111 2.000000 -0.007813 0.002075 0.011108
-0.399170 0.562988 1.999268 0.002563 -0.003174 0.018677
0.079346 1.340088 1.933105 -0.004395 0.006226 0.008911
-0.215576 1.140625 1.966797 -0.013794 0.005859 0.007446
-0.168457 1.219238 1.984131 0.004150 -0.009155 0.036621
-0.852783 -0.001465 2.017822 -0.038330 0.019043 -0.009033
-0.604492 -0.394043 2.028809 -0.029297 0.002197 -0.001221
-0.214600 0.728027 1.987061 0.008301 -0.008545 0.037964
-0.124756 0.886230 1.958252 -0.017578 0.013184 -0.005737
-0.588379 -0.210693 1.999756 -0.046875 0.022461 -0.019531
-0.298340 0.723145 1.979492 -0.011108 0.002441 0.018799
-0.220703 0.879883 1.893799 -0.057861 0.022339 -0.041626
-0.858887 -0.173584 2.067139 -0.031006 0.011719 0.004639
-0.812988 -0.255859 2.047607 -0.032104 0.005005 0.002686
-0.456787 0.903320 2.009033 -0.031006 0.012695 0.002441
-0.173340 0.610596 2.015381 -0.006836 -0.002930 0.041016
-0.639893 0.787354 2.000732 -0.045776 0.017090 -0.007080
-0.502197 0.646729 2.015625 -0.003296 -0.001465 0.039307
-1.094238 -0.760498 2.058838 -0.054810 0.013184 -0.013062
-0.979492 0.764648 2.107910 -0.023315 0.006714 -0.002441
-0.593994 0.371338 2.063232 -0.030640 -0.001831 0.005371
-0.728027 -0.410400 2.027100 -0.027832 0.001099 0.010620
-0.797852 -0.372070 2.011230 -0.035400 0.010498 -0.002197
-0.535400 -0.333252 2.024902 -0.030029 0.006836 -0.014282
-0.370850 0.673340 1.982178 -0.005615 -0.001953 0.011108
-0.451172 0.496826 2.008789 -0.000122 -0.004761 0.007813
-0.477295 0.376465 2.008301 0.000854 -0.001709 0.015259
0.013672 1.347656 1.953369 -0.001343 0.001587 0.012695
-1.023438 -0.190918 2.032227 -0.042114 0.012695 -0.011475
-0.370605 0.620117 2.019043 0.008911 -0.009399 0.039185
-1.156738 -0.517578 2.078369 -0.034668 0.011108 -0.016479
-0.467285 0.370605 2.015381 -0.000244 -0.003540 -0.000244
-0.490234 0.441650 2.011475 -0.003540 -0.001831 -0.003174
-0.496582 0.419922 2.015137 -0.005371 -0.000977 -0.002930
-0.508057 0.409424 2.017334 -0.005859 -0.000610 -0.004150
-0.517090 0.395752 2.015625 -0.005981 -0.000854 -0.013062
-0.508057 0.395508 2.018555 -0.004639 -0.001465 -0.012817
-0.509277 0.388916 2.012695 -0.004395 -0.001953 -0.011841
-0.499756 0.406494 2.017334 -0.004639 -0.001953 -0.008545
-0.523438 0.367188 2.017822 -0.003662 -0.001953 -0.010254
-0.535645 0.386963 2.010986 -0.001343 -0.003174 -0.005615
-0.503418 0.413330 2.011963 -0.001221 -0.004028 -0.003784
-0.478516 0.438721 2.012695 -0.003052 -0.003296 -0.008057
-0.491455 0.428223 2.017090 -0.005737 -0.001587 -0.011475
-0.520264 0.391602 2.016357 -0.007690 -0.000977 -0.013306
-0.533447 0.394287 2.012695 -0.008301 -0.001465 -0.011108
-0.507813 0.305908 2.016357 -0.009399 -0.002075 -0.008911
-0.521240 0.368652 2.017334 -0.006226 -0.001099 -0.003906
-0.536377 0.343018 2.019531 -0.004639 -0.001587 -0.001587
-0.524170 0.365967 2.023193 -0.002319 -0.002930 0.002686
-0.499023 0.386475 2.015625 -0.001953 -0.003174 0.000488
-0.498535 0.400391 2.015137 -0.002808 -0.001709 -0.001709
-0.522949 0.378418 2.019775 -0.003662 -0.000977 -0.002197
-0.537598 0.364258 2.023438 -0.003906 -0.002686 -0.002686
-0.496338 0.362305 2.013184 -0.004150 -0.004272 -0.003906
-0.499512 0.379150 2.014404 -0.004028 -0.002686 -0.000977
-0.507813 0.363037 2.013672 -0.004272 -0.000732 0.000000
-0.528809 0.375000 2.018555 -0.003540 -0.000610 0.002441
-0.533936 0.386230 2.012207 -0.003174 -0.002319 0.001099
-0.520264 0.376709 2.014893 -0.003174 -0.003784 -0.000854
