-0.158936 0.480103 0.925049 -0.006714 -0.010376 0.035889
-0.171875 0.472900 0.926514 -0.010986 -0.007080 0.026855
-0.174194 0.469116 0.924072 -0.010132 -0.010864 0.027100
-0.169434 0.484131 0.927368 -0.010864 -0.013550 0.017334
-0.160278 0.470947 0.926758 -0.013184 -0.013916 0.013794
-0.154419 0.472046 0.924927 -0.013306 -0.006958 0.013672
-0.167725 0.493652 0.935913 -0.018188 -0.003784 0.001831
-0.177124 0.446167 0.919800 -0.045044 -0.003906 -0.046143
-0.178711 0.463745 0.934570 -0.013062 -0.013550 -0.005859
-0.155762 0.480713 0.925293 -0.011963 -0.016235 -0.002319
-0.155029 0.475464 0.929565 -0.015137 -0.008301 0.001953
-0.163696 0.473267 0.929077 -0.018311 -0.005493 0.009399
-0.171509 0.475342 0.923828 -0.020874 -0.004028 0.009399
-0.168091 0.468384 0.926270 -0.020996 -0.003174 0.003418
-0.162476 0.471191 0.930786 -0.019653 -0.005127 0.002197
-0.175659 0.470459 0.930298 -0.020020 -0.003296 -0.003052
-0.159912 0.485718 0.929443 -0.024414 -0.002075 -0.005127
-0.180542 0.461060 0.925659 -0.023926 0.004517 0.001465
-0.182251 0.465332 0.927612 -0.019775 -0.001099 0.004639
-0.168457 0.473267 0.925781 -0.016968 -0.007690 -0.005005
-0.157715 0.473633 0.932129 -0.018921 -0.003906 -0.011108
-0.164917 0.475342 0.930176 -0.021851 0.004272 -0.022949
-0.177124 0.463867 0.923706 -0.023438 0.005737 -0.015503
-0.189209 0.466553 0.942993 -0.022461 -0.000244 -0.007446
-0.219971 0.527710 0.974609 -0.047485 -0.020264 -0.032471
-0.210083 0.642700 1.009888 -0.069214 -0.034180 -0.040527
-0.321899 0.587036 0.982666 -0.032959 0.021851 -0.026245
-0.243164 0.502441 0.971436 -0.055420 -0.014038 -0.060059
-0.236694 0.464233 0.932861 -0.028931 0.005127 -0.036743
-0.468628 0.560913 1.084229 -0.035522 -0.040771 -0.005371
-0.096069 0.387695 0.933594 -0.075073 -0.145020 -0.045288
-0.155640 0.474243 0.945068 -0.032959 0.016846 -0.047241
-0.145508 0.369995 0.924438 -0.051392 -0.036133 -0.071289
-0.524658 0.353027 1.008911 -0.048462 -0.033203 -0.070435
-0.392334 0.532959 0.939941 -0.064697 -0.072998 -0.086304
-0.323853 0.407837 0.932739 -0.039185 -0.030518 -0.059692
-0.247070 0.459717 0.939087 -0.029907 0.018921 -0.041382
-0.292114 0.435181 0.973999 -0.030762 -0.021729 -0.032227
0.312378 0.379272 0.908203 -0.054810 -0.157959 -0.036865
-0.271362 0.288696 0.949219 -0.038086 0.023193 -0.041260
-0.392334 0.451416 0.967163 -0.075073 -0.077515 -0.060059
-0.664551 0.650269 0.969116 -0.043945 -0.081665 0.000366
-0.333008 0.565796 0.986328 -0.033447 0.008545 0.003052
-0.193481 0.430054 0.938110 -0.028198 -0.022583 0.008301
-0.294800 0.518799 1.025513 -0.028076 -0.044800 0.049194
-0.082031 0.362793 0.954102 -0.042480 -0.099487 0.053223
-0.187134 0.406616 0.965332 -0.022949 0.026855 0.078369
0.215576 0.229004 0.858887 -0.134277 -0.128418 0.010864
-0.390869 0.571289 1.015259 -0.045532 -0.021118 0.095703
-0.130737 0.450562 0.934692 -0.020874 -0.007080 0.076050
-0.200073 0.458496 0.931519 -0.038818 -0.029053 0.039307
-0.166870 0.411011 0.955078 -0.009155 -0.004395 0.026611
-0.167847 0.424072 0.957886 -0.003052 -0.020020 0.010376
-0.116089 0.443970 0.956909 -0.002197 -0.025879 0.020874
-0.088257 0.439941 0.960083 -0.008301 -0.008179 0.019775
-0.145142 0.448486 0.960938 -0.014771 0.005371 0.042114
-0.140503 0.425415 0.964355 -0.023804 0.002808 0.051392
-0.181030 0.496216 0.976563 -0.028320 -0.010132 0.071167
-0.143677 0.434814 0.954834 -0.027466 -0.008301 0.078369
-0.147583 0.442017 0.953857 -0.024170 -0.007568 0.036499
-0.128906 0.425537 0.956055 -0.016724 -0.010986 0.005615
-0.134277 0.429321 0.959717 -0.014160 -0.011230 -0.012329
-0.133301 0.430176 0.958740 -0.014648 -0.013550 -0.018311
-0.129395 0.420044 0.956055 -0.012939 -0.012085 -0.015259
-0.149170 0.433716 0.955322 -0.012207 -0.015015 0.001221
-0.129639 0.422363 0.961548 -0.011841 -0.021362 0.004517
-0.129761 0.425049 0.962158 -0.008911 -0.021973 0.008545
-0.137695 0.428223 0.962280 -0.000122 -0.017578 0.038818
-0.116333 0.422729 0.962402 0.001831 -0.018433 0.062012
-0.119141 0.444824 0.961914 -0.003784 -0.011841 0.065430
-0.024414 0.510864 0.957642 -0.030762 0.028809 0.035767
-0.098267 0.404541 0.964111 -0.003662 -0.028198 0.073242
-0.086792 0.437744 0.956909 -0.001099 -0.019409 0.062988
-0.122437 0.444214 0.959595 -0.005493 -0.005859 0.053467
0.234863 0.760254 0.914551 -0.083618 0.147217 -0.084106
0.132813 0.456909 0.957275 0.014771 -0.106323 0.129517
0.071411 0.552368 0.956665 0.010864 -0.064209 0.093750
-0.106445 0.476440 0.959595 -0.003052 0.000122 0.043823
-0.048218 0.503906 0.964355 -0.018921 0.023071 0.022583
-0.926880 0.052490 0.963745 -0.141602 0.186279 -0.084595
-0.153809 0.436279 0.959839 0.013062 -0.042480 0.061401
0.045654 0.511230 0.970215 -0.014038 0.000610 0.048218
-0.204224 0.146484 0.953857 -0.150269 0.130981 -0.106079
-0.047974 0.401001 0.958862 0.013062 -0.062744 0.093506
-0.042847 0.455200 0.953979 0.001831 -0.039795 0.060791
-0.098022 0.453491 0.959106 -0.014648 0.002441 0.021484
-0.134766 0.422607 0.959473 -0.021851 0.014771 0.016968
0.290161 0.659912 0.963867 -0.037964 0.057739 0.003296
-0.733154 0.240723 1.010986 -0.072144 0.160400 0.040894
-0.108276 0.489380 0.956787 0.032227 -0.079712 0.131592
0.094971 0.500366 0.947998 -0.002197 -0.010376 0.070679
-0.231445 0.382935 0.954590 -0.034790 0.029419 0.026978
-0.150879 0.451538 0.956665 -0.007202 0.002075 0.029663
-0.059692 0.491821 0.970581 -0.019653 0.013550 0.035889
-1.136353 -0.390137 0.977783 -0.163940 0.164551 -0.063110
-0.102295 0.507935 0.964478 0.021240 -0.050659 0.098511
-0.915771 -0.072021 0.943726 -0.159668 0.182129 -0.049194
0.113525 0.565552 0.951782 0.023438 -0.081543 0.105103
-0.038574 0.477661 0.957275 -0.006592 -0.026367 0.057739
-0.127686 0.430176 0.965210 -0.022095 0.015015 0.020386
-0.151855 0.416992 0.963989 -0.019165 0.012451 0.047607
-0.142700 0.425537 0.968872 -0.017700 0.000977 0.062500
0.117310 0.632080 0.907227 -0.173340 0.162476 -0.124756
-0.357178 0.123291 0.948730 -0.111084 0.102905 0.004150
-0.061890 0.447388 0.959351 0.031860 -0.085205 0.131226
0.013062 0.435547 0.963379 -0.010010 -0.013672 0.051392
-0.070190 0.501831 0.978027 -0.041504 0.051758 0.008301
0.079590 1.004150 0.971802 -0.112061 0.102051 -0.053345
-0.235474 0.381104 0.976563 0.004395 -0.029053 0.104004
-0.753906 -0.082886 0.956055 -0.087280 0.063354 0.035034
-0.102905 0.482666 0.963989 0.009399 -0.034180 0.078613
-0.242554 0.421265 1.023438 -0.104980 0.142822 -0.088623
-0.231445 0.308594 0.984741 -0.058838 0.033325 0.026978
-0.017212 0.565796 0.980103 -0.021973 0.009644 0.088379
-1.011841 -0.410767 0.917358 -0.166260 0.124146 -0.065186
-0.115723 0.449585 0.972534 0.003662 -0.026978 0.070190
-0.481567 0.062378 0.938354 -0.154419 0.136963 -0.119751
-0.156372 0.381348 0.980591 -0.014160 0.003296 0.038940
-0.401978 0.224121 0.967773 -0.055420 0.040039 0.036133
-0.119995 0.448242 0.968018 -0.001343 -0.019287 0.076294
-0.106445 0.403320 0.974487 -0.024292 0.008423 0.046875
0.137817 0.641968 1.020996 -0.077026 0.070068 -0.010498
0.004395 0.640991 0.962158 0.001221 -0.013184 0.151489
-0.012207 0.880859 0.971680 -0.092285 0.080566 0.007202
0.089111 0.685059 0.983521 0.006470 -0.022827 0.085205
-0.035645 0.477661 0.961914 -0.000488 -0.017212 0.054932
-0.153931 0.407104 0.973511 -0.023804 0.022705 0.004272
-0.188477 0.397827 0.971313 -0.023193 0.014648 0.042969
-0.161377 0.391724 0.971191 -0.023926 0.005249 0.059082
-0.294922 0.315918 0.985474 -0.248657 0.187378 -0.184326
-0.177856 0.340210 0.981812 -0.026367 -0.011963 0.129150
0.003418 0.615723 1.008545 -0.168213 0.111206 -0.099365
-0.092041 0.375854 0.975708 -0.014282 -0.017090 0.067017
0.019043 0.576538 0.981812 -0.117065 0.070435 -0.098389
-0.553711 0.039551 0.976074 -0.218872 0.136719 -0.197632
-0.174561 0.363403 0.972534 0.000732 -0.039307 0.070435
0.005249 0.451050 0.961792 -0.032715 0.004028 0.044922
-0.579590 -0.063232 0.966553 -0.167847 0.104614 -0.130493
-0.219849 0.330566 0.980225 -0.029907 -0.005615 -0.034912
-0.152588 0.372925 0.972412 -0.021362 -0.008301 -0.040527
-0.150024 0.354858 0.974854 -0.028564 0.001953 -0.056030
-0.196045 0.358765 0.973145 -0.023926 0.002686 -0.028076
-0.188965 0.372803 0.979004 -0.019165 -0.005737 -0.003540
-0.177002 0.366211 0.976440 -0.017578 -0.009888 -0.002686
-0.166626 0.364990 0.970581 -0.016235 -0.009766 0.004761
-0.157959 0.373657 0.975952 -0.017456 -0.003052 -0.001465
-0.183105 0.375610 0.978271 -0.022949 0.002808 -0.013672
-0.187378 0.361816 0.978394 -0.025391 -0.001953 -0.026245
-0.172852 0.361694 0.977295 -0.022339 -0.009888 -0.014648
-0.168457 0.376099 0.978271 -0.022217 -0.003296 -0.026245
