-0.516846 0.779297 1.887451 0.001831 -0.004272 0.017212
-0.533691 0.823242 1.881836 -0.000366 -0.003174 0.011841
-0.535889 0.789307 1.877197 -0.004395 -0.003052 -0.002930
-0.550781 0.778320 1.869385 -0.005981 -0.002441 -0.010620
-0.563232 0.732666 1.879150 -0.004761 -0.003052 -0.004150
-0.530518 0.767578 1.878906 -0.001709 -0.003906 0.004761
-0.526855 0.768311 1.888428 -0.001953 -0.002930 0.002441
-0.529053 0.776855 1.885498 -0.003296 -0.001465 -0.001465
-0.563721 0.758301 1.880615 -0.003540 -0.001465 0.001221
-0.556641 0.752197 1.880859 -0.003174 -0.002686 0.004761
-0.526611 0.775146 1.888428 -0.002319 -0.003418 0.004517
-0.519775 0.797363 1.887939 -0.002808 -0.003052 0.005005
-0.542480 0.784668 1.891602 -0.005615 -0.002686 -0.001221
-0.624512 0.928467 1.889893 -0.012695 -0.010254 -0.011597
-0.532715 0.760010 1.862549 -0.007935 -0.004883 -0.010742
-0.558594 0.758057 1.888672 -0.005981 -0.003540 -0.010132
-0.531494 0.764648 1.897949 -0.005737 -0.004150 -0.007568
-0.531494 0.791260 1.892578 -0.006958 -0.005127 -0.008667
-0.560547 0.748779 1.898682 -0.006592 -0.005371 -0.006348
-0.350830 0.947510 1.805908 -0.004639 -0.021118 -0.005493
-0.685547 0.791748 1.951904 -0.006714 0.003296 -0.001221
-0.283936 0.799316 1.811523 -0.008423 -0.023438 -0.015015
-0.860596 0.822998 2.018311 -0.008179 0.001099 -0.007080
-0.535156 0.706299 1.888916 -0.007935 -0.006348 -0.002808
-0.607666 0.708984 1.900635 -0.008911 -0.006104 0.002808
-0.600098 0.818604 1.955322 -0.008179 -0.005127 0.004761
-0.346191 0.517334 1.782715 -0.020264 -0.020630 -0.028320
-0.675293 0.764893 1.947754 -0.007324 0.002563 -0.002686
-0.139893 0.867188 1.755615 -0.009644 -0.028809 -0.012939
-0.600098 0.861816 1.941162 -0.006104 -0.002563 0.002319
-0.541260 0.656982 1.879883 -0.012817 -0.002075 -0.002930
-0.611572 0.692139 1.917725 -0.009399 -0.000854 0.003052
-1.311035 0.933838 2.107910 -0.010010 -0.010254 -0.002197
-0.000977 0.889648 1.725830 -0.011475 -0.032104 -0.019165
-0.846680 0.839111 2.093262 -0.010864 0.000854 0.002075
-0.310547 0.640137 1.859863 -0.013062 -0.016846 -0.011230
-0.831055 0.660400 2.005371 -0.014648 -0.008423 -0.011963
-0.397461 0.568115 1.859131 -0.014160 -0.007690 -0.002319
-0.877441 0.998535 2.131348 -0.015259 -0.006348 0.008789
0.052490 0.753906 1.798828 -0.022461 -0.026489 -0.010010
-0.395996 0.622314 1.874756 -0.026001 -0.011353 -0.020874
-0.782959 0.794678 2.113281 -0.015381 -0.006592 0.000854
-0.493652 0.863281 1.977295 -0.021240 -0.031860 -0.006836
0.169189 0.656006 1.797852 -0.015381 -0.018677 0.000854
-0.857666 0.850830 1.961426 -0.023438 -0.011230 -0.013184
0.518799 0.363037 1.676270 -0.023804 -0.021973 -0.012329
-0.564453 0.639648 1.923340 -0.006348 -0.001221 0.022949
-0.509766 0.641113 1.955322 -0.001709 -0.003052 0.030762
-0.554199 0.774170 1.989014 -0.005005 -0.008667 0.023438
-0.223389 0.521973 1.859619 -0.013550 -0.010620 -0.001343
-0.588379 0.676270 1.977295 -0.005981 0.005127 0.016479
-0.494873 0.463379 1.937988 -0.016602 -0.013916 0.012695
-0.446777 0.597412 1.922119 -0.011475 -0.000610 0.010742
-0.495117 0.691162 1.957520 -0.007202 0.002075 -0.003296
-0.492188 0.659180 1.945557 -0.008301 0.000244 -0.017334
-0.461914 0.643066 1.949707 -0.007568 -0.000244 -0.015503
-0.462402 0.645508 1.955566 -0.006836 0.000977 -0.008057
-0.500732 0.618896 1.953857 -0.004883 0.001587 0.000488
-0.510498 0.628906 1.950684 -0.002808 -0.000488 0.008545
-0.477295 0.660645 1.949463 -0.000854 -0.002197 0.012329
-0.456055 0.675049 1.949951 -0.001831 -0.002197 0.006226
-0.470459 0.665771 1.951660 -0.003296 -0.000854 0.001343
-0.462646 0.648438 1.952148 -0.004028 -0.000122 0.000000
-0.454590 0.636719 1.949219 -0.002563 0.001099 0.005737
-0.476318 0.675293 1.948242 -0.002197 0.002441 0.009033
-0.508545 0.650635 1.950928 -0.003906 0.001587 0.005005
-0.333984 0.826904 1.920410 -0.005737 0.002319 0.005371
-0.408203 0.708740 1.954346 -0.000488 -0.002441 0.017578
-1.228027 -0.176514 2.044678 -0.028320 0.020508 -0.006348
-0.360596 0.621338 1.940918 0.007690 -0.015747 0.022827
-0.313965 0.793945 1.939941 0.001953 -0.003174 0.015991
-0.472656 0.680420 1.942383 -0.006592 0.005737 -0.001221
-0.552979 0.611328 1.948486 -0.006348 0.003174 0.001709
-0.467529 0.625488 1.948975 -0.002319 -0.000488 0.010864
-0.890381 0.532227 1.960449 -0.027100 0.027222 -0.008789
-0.524170 1.244385 1.966064 -0.008057 0.009399 0.017212
-0.307617 0.801758 1.950928 0.010864 -0.017456 0.041748
-0.192871 0.866943 1.925781 0.006592 -0.007202 0.026123
-0.489014 0.700684 1.942627 -0.006348 0.007446 0.000732
-0.501953 0.653320 1.931885 -0.008423 0.007202 0.003418
-0.290283 0.863281 1.938232 -0.007813 0.006714 0.015259
-0.507324 -0.330566 1.898193 -0.043701 0.020996 -0.024414
-0.446777 0.803955 1.984863 0.003418 -0.004883 0.034790
-0.658203 0.836670 1.965576 -0.011597 0.008545 0.014893
-0.398682 0.666992 1.949951 -0.001221 -0.001831 0.025879
0.032471 1.729980 1.846191 -0.013794 0.012451 0.015625
0.073975 1.737793 1.867432 -0.005127 0.003906 0.033203
-0.250000 1.371094 1.979492 -0.000732 0.000732 0.052979
0.046631 1.348877 1.899170 -0.000366 -0.003540 0.036743
-0.361084 1.025391 1.940918 -0.001465 -0.001465 0.027344
-0.461182 0.938965 1.977783 -0.024414 0.013794 -0.008667
-0.466309 0.701416 1.966553 0.003540 -0.004150 0.029907
-0.422363 0.786865 1.950684 -0.001587 0.001953 0.037842
-0.543213 0.576416 1.921387 -0.043457 0.025635 -0.021362
-0.373779 0.827637 1.917480 -0.017456 -0.001587 0.017578
-0.175781 0.896729 1.925049 -0.010864 -0.003784 0.021362
-0.364258 0.690430 1.947998 -0.005859 -0.001465 0.011963
-0.645508 0.728516 1.923096 -0.014771 0.010498 0.006470
-0.442383 0.612549 1.949951 0.000854 -0.002563 0.026733
-0.469971 0.682129 1.961914 -0.000977 -0.000366 0.027466
0.260010 2.031738 1.911865 -0.010010 0.004150 0.009277
-0.667236 0.578857 1.939697 -0.023560 0.012695 -0.004761
-0.434814 0.698486 1.956055 0.002197 -0.007324 0.028320
-0.335449 0.897461 1.821777 -0.031494 0.013184 -0.019531
-0.471436 0.805176 1.951660 -0.001831 -0.005249 0.007935
-0.397949 0.699707 1.951172 0.000244 -0.004272 0.011841
-0.470215 0.641602 1.956543 -0.005005 0.001343 0.000000
-0.235352 1.159424 1.916260 -0.011841 0.006226 -0.003296
-0.644287 0.636719 1.954590 -0.016724 0.004272 -0.006470
-0.085938 1.221680 1.930176 -0.000732 -0.004028 0.029053
-0.436768 0.855469 1.969971 -0.001465 -0.004395 0.022827
-0.478516 1.098145 1.913818 -0.020386 0.007446 -0.009521
-0.579590 0.900391 1.952637 -0.018311 0.002319 -0.010010
-0.423096 0.711914 1.960449 0.004272 -0.008789 0.032959
-0.356201 0.850586 1.979492 -0.003418 -0.001343 0.022461
-0.354004 1.015381 1.958008 -0.018066 0.007080 -0.003662
-0.578857 0.636719 1.965332 -0.014526 0.000122 -0.001099
-0.285889 0.784668 1.952148 -0.006958 -0.002930 0.011719
-0.392822 0.446777 1.968994 -0.013062 0.000000 0.007568
-0.414551 0.732178 1.952148 -0.002930 -0.000854 0.015991
-0.423584 -0.168701 1.955078 -0.033691 0.007080 -0.034668
-0.468750 0.687744 1.942871 -0.008789 -0.002075 0.004761
-0.397705 0.857666 2.013184 -0.001709 -0.003662 0.026245
0.214111 1.454590 1.836670 -0.027588 0.006104 -0.011353
-0.561035 0.910889 1.968994 -0.001465 -0.008057 0.017700
-0.934082 -0.649414 1.919678 -0.047485 0.013184 -0.032593
-0.460449 0.633545 1.980713 -0.001099 -0.005493 0.016724
-1.548828 -0.370117 2.038818 -0.039917 0.018921 -0.024048
-0.426270 0.506348 1.968262 0.001831 -0.007813 0.005371
-0.481445 0.588623 1.965332 -0.001831 -0.002930 0.011963
-0.524902 0.544189 1.969238 -0.006592 0.000122 -0.002441
-0.568115 0.519287 1.970459 -0.005005 0.000000 0.007568
-0.541260 0.512207 1.966309 -0.004028 -0.001587 0.011963
-0.521729 0.543945 1.965576 -0.003296 -0.001465 0.016968
-0.515625 0.598877 1.964600 -0.003662 -0.000610 0.009033
-0.542236 0.512939 1.979004 -0.003906 -0.000366 0.010742
-0.359863 0.838135 2.022217 -0.004761 0.001465 0.017090
-1.113281 -1.531250 1.979492 -0.088623 0.029175 -0.069580
-0.333252 1.046875 1.992432 -0.005005 -0.003906 0.025879
-0.528564 0.638428 1.974121 -0.011841 0.003540 0.004761
-0.542725 0.497803 1.970459 -0.010742 0.002197 -0.012207
-0.594971 0.433594 1.977783 -0.008545 0.000366 -0.008545
-0.572998 0.440430 1.984863 -0.003784 -0.001221 0.012939
-0.752197 0.341064 2.066162 -0.033569 0.012817 0.002075
-0.472656 0.112061 1.952637 -0.028564 -0.000732 -0.005005
-0.484863 0.595947 1.967285 -0.001953 -0.003906 0.014771
-0.550537 0.528320 1.980957 -0.009033 -0.000122 -0.024658
-0.612549 0.419189 1.977295 -0.009888 0.000000 -0.023071
-0.569092 0.417480 1.982910 -0.005249 -0.004272 -0.009399
-0.509766 0.505859 1.981445 -0.002930 -0.003906 0.004150
