-0.147827 0.467651 0.933105 -0.009766 -0.009155 -0.014893
-0.133423 0.495239 0.935669 -0.011475 -0.008179 -0.015259
-0.147705 0.467163 0.936401 -0.011963 -0.006348 -0.002808
-0.144287 0.474854 0.933350 -0.010254 -0.005859 0.011353
-0.155029 0.458740 0.932861 -0.008911 -0.004883 0.001343
-0.143311 0.486328 0.928467 -0.002197 -0.010742 0.013062
-0.142456 0.489990 0.931152 -0.010010 -0.010498 0.000366
-0.151855 0.482056 0.934692 -0.021240 -0.010010 -0.017822
-0.120850 0.464722 0.929443 -0.015869 -0.014404 -0.012939
-0.132935 0.472900 0.933350 -0.011108 -0.001465 -0.016235
-0.144287 0.489624 0.933838 -0.011963 -0.002319 -0.010498
-0.161011 0.471191 0.934692 -0.017944 -0.004272 -0.004028
-0.175781 0.501831 0.957642 -0.024658 -0.017578 -0.018188
-0.137817 0.454346 0.931274 -0.024170 -0.006226 -0.011963
-0.161255 0.484131 0.943115 -0.035645 -0.013550 -0.003418
-0.124634 0.454102 0.921265 -0.038696 -0.017944 -0.019531
-0.175171 0.541504 0.963989 -0.041626 -0.020264 -0.018677
-0.182251 0.440430 0.942383 -0.039063 -0.023682 0.001953
-0.160400 0.462158 0.939819 -0.031006 -0.020386 0.057251
-0.160034 0.452393 0.935425 -0.029663 -0.014648 0.041992
0.003906 0.384033 0.904541 -0.056152 -0.045776 0.005371
-0.160278 0.497314 0.953369 -0.024048 -0.008667 0.071045
-0.197388 0.583008 1.003906 -0.056274 -0.017578 0.031372
-0.080688 0.321899 0.908325 -0.102905 -0.029297 -0.074829
-0.331177 0.649414 1.060913 -0.054565 -0.020874 0.012329
-0.339111 0.481812 0.939209 -0.070801 0.013672 -0.041504
0.206299 0.165405 0.851196 -0.135132 -0.085083 -0.143066
-0.199341 0.736084 0.974487 -0.098267 -0.033691 -0.058838
-0.248047 0.521606 0.959717 -0.119995 -0.051758 -0.075806
-0.335083 0.582520 1.033325 -0.034424 0.009033 0.025024
-0.078125 0.355713 0.978271 -0.079468 -0.055298 -0.026611
-0.090820 0.691528 0.957886 -0.075928 -0.035889 0.052612
-0.204956 0.439941 0.931274 -0.058838 -0.019897 0.024414
-0.243042 0.536011 1.009033 -0.049194 -0.013916 0.021729
0.176758 0.321167 0.871704 -0.105835 -0.053345 -0.098389
-0.151611 0.434326 0.948608 -0.039917 0.016846 -0.019897
-0.186157 0.394775 0.954834 -0.017090 0.012207 0.026611
-0.180664 0.410889 0.955566 -0.012695 -0.014404 0.064331
-0.125977 0.432617 0.951538 -0.007324 -0.023560 0.053955
-0.106079 0.443237 0.956787 -0.007813 -0.012573 0.029785
-0.132935 0.433838 0.956421 -0.012451 -0.000610 0.017944
-0.149048 0.420166 0.954712 -0.008423 -0.000610 0.021362
-0.117920 0.456177 0.952881 -0.004517 0.002563 0.023071
-0.199585 0.391235 0.956177 -0.034180 0.023193 -0.012817
-0.105469 0.478149 0.954468 -0.035278 0.023315 0.009888
-0.126099 0.410767 0.955322 -0.020020 -0.001587 0.037109
-0.094604 0.449707 0.951538 -0.032104 0.033569 0.038086
-0.126221 0.451904 0.947021 -0.023804 0.024536 0.070068
-0.197632 0.437988 0.952637 -0.027710 0.039795 0.066040
-0.178345 0.416260 0.956909 -0.027344 0.015625 0.040771
-0.077026 0.447998 0.948608 -0.014893 0.000610 0.063965
-0.075439 0.476929 0.961670 -0.025879 0.029053 0.083496
-0.486816 -0.011353 0.967163 -0.161133 0.147095 -0.135254
-0.044312 0.473022 0.958618 0.002441 -0.020264 0.138062
-0.324219 0.014160 0.959229 -0.059570 0.042480 0.018066
-0.070923 0.421387 0.946777 -0.022827 0.022095 0.062012
-0.239136 0.244141 0.952515 -0.067261 0.075562 -0.050659
-0.519775 -0.154541 0.949585 -0.188599 0.121582 -0.198364
0.026733 0.515869 0.965454 -0.018677 -0.004883 0.130859
0.058716 0.631958 0.865234 -0.140747 0.118896 -0.090088
-0.074463 0.518799 0.950195 -0.064209 0.063843 0.027222
0.015015 0.573730 0.956055 0.013794 -0.022583 0.140991
-0.415771 0.137329 0.959229 -0.052612 0.049805 -0.005371
-0.160400 0.404541 0.960449 -0.011597 0.015259 0.020630
-0.011353 0.783203 0.914673 -0.205688 0.184082 -0.242310
-0.112671 0.598389 0.984009 -0.020996 0.009277 0.056030
-0.366577 0.370239 0.955444 -0.088867 0.054321 -0.033569
-0.351563 0.324585 0.985107 -0.080811 0.063110 -0.033569
-0.120850 0.231934 0.978027 -0.026978 0.006104 0.020386
-0.247192 0.212158 0.954224 -0.039795 0.000610 0.062012
-0.476440 -0.078735 0.949219 -0.127197 0.070435 -0.072510
-0.072388 0.515137 0.987305 -0.032593 0.023438 0.062500
-0.178467 0.401367 0.966553 -0.016479 0.004272 0.114380
-0.099365 0.809814 1.008423 -0.113037 0.099365 -0.047607
-0.447632 0.084961 0.969604 -0.047363 0.018311 0.054932
0.029175 0.900635 1.026855 -0.057861 0.043701 0.053101
-0.191650 0.218018 0.967651 -0.026611 -0.025146 0.085693
-0.100952 0.464478 0.976318 -0.030396 -0.013062 0.070679
-0.126465 0.417358 0.969116 -0.014404 0.003296 0.087158
-0.416870 -0.039307 0.954102 -0.130249 0.065186 -0.093262
-0.116089 0.416260 0.959839 -0.061890 0.032837 0.021240
-0.039429 0.642456 0.958008 -0.060181 0.040649 0.013794
-0.073608 0.509521 0.973633 0.001221 -0.035522 0.134521
-0.163574 0.360474 0.959717 -0.083252 0.057373 0.016113
-0.090698 0.488892 0.966309 0.025024 -0.051514 0.142456
-0.096436 0.481689 0.969238 -0.036133 0.014404 0.026123
-0.257568 0.297852 0.969727 -0.062988 0.037476 0.004395
-0.176758 0.369751 0.974731 -0.013916 -0.016968 0.132690
-0.472168 0.118530 1.020752 -0.125977 0.088379 -0.028320
-0.260864 0.130005 0.964600 -0.104980 0.032959 -0.101074
-0.129639 0.317139 0.971191 -0.009521 -0.045044 0.035645
-0.144409 0.350464 0.972290 -0.059448 0.010132 -0.019409
-0.326782 0.324219 0.989136 -0.086304 0.057251 -0.039551
-0.165039 0.407104 0.969727 -0.016357 -0.017578 0.057129
-0.094971 0.468506 0.969360 -0.047607 0.015137 0.018066
-0.314087 0.357422 0.984009 -0.144287 0.083618 -0.154785
-0.198242 0.449097 0.978149 0.012817 -0.035034 0.118042
-0.126831 0.318481 0.958740 -0.077026 0.013794 0.032715
-0.157349 0.356445 0.973999 -0.032837 0.004761 0.065308
-0.406128 0.172241 0.984131 -0.070923 0.034790 -0.043335
-0.169189 0.382568 0.973511 -0.027710 -0.013550 0.023193
-0.192749 0.314941 0.976807 -0.039917 0.001465 -0.010376
-0.187500 0.358643 0.977905 -0.029419 0.007324 -0.042969
-0.203125 0.334351 0.977051 -0.028931 0.007202 -0.059692
-0.216797 0.340942 0.976074 -0.018433 -0.007935 -0.020874
-0.193359 0.343506 0.976807 -0.012817 -0.014160 0.009766
-0.178467 0.360962 0.975098 -0.013184 -0.009888 0.025635
-0.200073 0.355469 0.979614 -0.021240 0.000732 0.016479
-0.206421 0.344849 0.972534 -0.024658 -0.001953 0.008423
-0.199219 0.347046 0.982178 -0.020874 -0.008545 0.002930
-0.054077 0.601685 0.985962 -0.059204 0.015503 -0.024170
-0.100464 0.514282 0.971191 0.021240 -0.020508 0.066895
-0.175293 0.416138 0.980347 -0.001099 -0.004639 0.065430
-0.202637 0.359863 0.978149 -0.018555 0.003784 -0.001831
-0.195313 0.360229 0.974976 -0.022705 0.000488 -0.043823
-0.200073 0.369629 0.980103 -0.033569 0.003174 -0.095581
-0.226807 0.333496 0.980225 -0.031860 -0.007324 -0.076782
-0.193604 0.343506 0.978271 -0.020508 -0.016479 -0.028931
-0.182007 0.350464 0.973145 -0.011353 -0.010254 0.015259
-0.196411 0.350708 0.977051 -0.016235 -0.003052 0.017090
-0.209717 0.363525 0.977539 -0.018188 -0.009888 -0.006104
-0.195068 0.354614 0.982910 -0.024170 -0.012817 -0.022949
-0.194458 0.339966 0.982422 -0.021729 -0.008667 -0.021851
-0.217529 0.333252 0.981323 -0.013184 -0.009521 -0.010376
-0.207275 0.344849 0.981079 -0.005737 -0.017456 0.015137
-0.203247 0.363647 0.980469 -0.004761 -0.020142 0.014160
-0.194214 0.353516 0.977905 -0.010620 -0.022217 -0.002075
-0.186523 0.355225 0.975830 -0.014771 -0.015259 -0.013062
-0.202637 0.351196 0.979614 -0.016113 -0.008911 -0.020386
-0.228394 0.339478 0.977173 -0.011108 -0.017700 -0.011841
-0.217163 0.354370 0.975098 -0.004883 -0.036011 0.007935
-0.161987 0.355591 0.975464 -0.004150 -0.036255 0.021240
-0.165649 0.364502 0.977905 -0.011597 -0.011841 0.005615
-0.195190 0.363281 0.974365 -0.018188 0.001831 -0.013306
-0.209106 0.361328 0.983643 -0.022461 -0.000854 -0.034058
-0.215698 0.342163 0.982056 -0.017944 -0.009277 -0.024658
-0.208374 0.339111 0.981079 -0.013184 -0.014893 -0.009644
-0.179688 0.356323 0.976685 -0.008179 -0.017944 0.018188
-0.182617 0.356689 0.979614 -0.011108 -0.006714 0.015015
-0.208130 0.353271 0.979858 -0.014771 -0.003052 0.003784
-0.192627 0.358398 0.974976 -0.015625 -0.009521 0.000488
-0.199951 0.337524 0.980347 -0.023193 -0.012207 -0.007568
-0.194824 0.344849 0.983521 -0.012329 -0.015259 0.014526
-0.200195 0.342285 0.982300 -0.007568 -0.015991 0.018677
-0.199341 0.340698 0.976074 -0.004150 -0.020386 0.020874
-0.189453 0.357422 0.980225 0.000122 -0.019897 0.023438
-0.191895 0.361816 0.977905 -0.006714 -0.014771 0.010620
-0.190186 0.358521 0.978760 -0.014038 -0.013672 -0.002686
-0.188232 0.350586 0.976685 -0.021606 -0.008179 -0.019775
-0.197510 0.337769 0.978394 -0.017456 -0.006714 -0.008423
