-0.454590 0.665771 1.939697 -0.004028 -0.001709 0.003052
-0.486328 0.675537 1.938721 -0.003418 0.000000 0.005005
-0.501465 0.653809 1.936279 -0.003418 0.000244 0.003784
-0.499756 0.692627 1.940186 -0.003052 -0.000366 0.003174
-0.494873 0.682129 1.941650 -0.003662 -0.001343 -0.000488
-0.498535 0.668701 1.941162 -0.004028 -0.002075 -0.002197
-0.493652 0.667725 1.939697 -0.003052 -0.002563 0.000000
-0.462891 0.695313 1.937256 -0.003174 -0.002319 0.001221
-0.474121 0.695068 1.940918 -0.004395 -0.000854 -0.001221
-0.509277 0.656006 1.933838 -0.004395 -0.000732 -0.000854
-0.509521 0.649902 1.936768 -0.002930 -0.001953 0.002563
-0.486572 0.671143 1.939941 -0.000977 -0.003052 0.005249
-0.460693 0.680420 1.936279 -0.001343 -0.002686 0.001831
-0.470459 0.702148 1.934570 -0.002563 -0.000854 -0.000122
-0.498779 0.694580 1.933105 -0.004883 -0.000366 -0.003906
-0.487793 0.677734 1.936279 -0.005859 -0.000366 -0.007446
-0.494873 0.656982 1.941650 -0.005493 -0.000488 -0.006714
-0.509277 0.669434 1.937500 -0.003906 -0.000854 -0.006104
-0.517578 0.650391 1.938721 -0.003174 -0.001587 -0.005493
-0.489014 0.694336 1.938477 -0.002808 -0.002319 -0.003662
-0.498535 0.666260 1.943848 -0.003296 -0.002197 -0.002441
-0.493164 0.665527 1.931396 -0.002441 -0.001953 0.000610
-0.485352 0.684326 1.941162 -0.001709 -0.001831 0.001465
-0.496094 0.670898 1.933105 -0.001831 -0.001343 0.001099
-0.489258 0.677002 1.933350 -0.001099 -0.001099 0.003662
-0.517090 0.673340 1.944336 -0.001221 -0.000977 0.005737
-0.563965 0.825928 1.968750 -0.001587 -0.005371 0.009521
-0.505127 0.627441 1.927490 -0.001465 -0.003296 0.016479
-0.492920 0.687744 1.934570 0.004761 -0.003052 0.017456
-0.514648 0.687012 1.938477 -0.000732 0.000366 0.003906
-0.472900 0.829346 1.933594 0.008301 -0.002808 0.043579
-0.399414 0.802979 1.917969 -0.005981 -0.011108 -0.001709
-0.479492 0.825928 1.968750 -0.002686 -0.007690 0.007202
-0.000122 -0.000122 -0.000122 -0.000122 -0.000122 -0.000122
-0.000122 -0.000122 -0.000122 -0.000122 -0.000122 -0.000122
-0.000122 -0.000122 -0.000122 -0.000122 -0.000122 -0.000122
-0.265869 0.691406 1.943115 -0.000610 -0.000122 -0.000122
-0.768066 0.960205 2.037354 -0.016602 -0.018921 -0.034424
-0.766846 0.630615 1.939697 -0.023560 -0.024170 -0.051270
-0.462646 0.450439 1.862305 -0.026611 -0.021729 -0.055054
-0.256836 0.796875 1.908447 -0.016235 -0.029541 -0.029907
-0.620605 0.650391 1.967041 -0.019165 -0.022339 -0.027710
-0.708252 0.619141 1.988770 -0.015381 -0.020020 -0.009155
1.062256 0.740967 1.723633 -0.011963 -0.038940 0.002686
-0.271240 0.514160 1.920410 -0.018433 -0.024048 0.006592
-0.895996 0.322510 2.042236 -0.017700 -0.013184 0.011597
-0.774414 1.014893 2.146240 -0.022949 -0.027100 0.007446
-0.616211 0.816162 2.027100 -0.023071 -0.021484 -0.000610
-0.147949 0.837158 1.949951 -0.021240 -0.008057 0.005737
-0.072021 0.131104 1.875000 -0.033936 -0.016968 -0.035645
-0.796143 0.609619 2.144043 -0.016479 0.002075 0.009644
-0.186035 0.361816 1.925781 -0.019653 -0.025391 -0.015991
-0.529053 0.420166 2.015381 -0.012939 -0.004761 0.006470
-0.261475 0.365234 1.927490 -0.016724 -0.007324 -0.000854
-0.410156 0.487793 1.970215 -0.010620 0.001343 0.008301
-0.461182 0.550049 1.997803 -0.003296 0.001343 0.009155
-0.384766 0.590576 1.988770 -0.002197 -0.000854 0.011719
-0.378174 0.593262 1.997803 -0.003540 0.001953 0.013428
-0.403076 0.568604 1.999756 -0.005371 0.003784 0.006836
-0.468994 0.515381 1.993408 -0.003662 0.003052 0.013062
-0.434326 0.554443 1.993652 -0.000488 -0.000122 0.020264
-0.411865 0.541992 1.989746 0.002075 -0.001831 0.018555
-0.367676 0.579834 1.999756 0.003174 -0.000366 0.012939
-0.409180 0.586670 1.998291 0.003052 0.002441 0.000122
-0.455078 0.521729 2.003174 0.003418 0.002197 -0.000244
-0.100342 0.784668 1.961670 0.006714 0.001343 0.015869
-1.328125 -0.351563 2.097168 -0.041748 0.035889 -0.003784
-0.493652 0.418945 1.981689 0.004028 -0.010254 0.022095
-0.213379 0.711670 1.985107 0.010864 -0.011597 0.020752
0.026855 0.991211 1.884033 -0.014893 0.015991 -0.000610
-0.403076 0.288086 1.987793 -0.010620 0.009033 0.014893
-1.038086 0.463623 2.084717 -0.006226 0.008789 0.027710
-0.558838 0.357178 2.038818 -0.002197 0.006104 0.030640
0.030518 1.189941 1.904053 -0.001465 -0.002930 0.021484
-0.383789 0.597900 1.986084 -0.014648 0.016235 0.014526
-0.220215 0.748291 1.970459 0.005005 -0.005981 0.025269
-0.000122 -0.000122 -0.000122 -0.000122 -0.000122 -0.000122
-0.000122 -0.000122 -0.000122 -0.000122 -0.000122 -0.000122
-0.729248 0.182861 1.989258 -0.021484 0.016357 0.006348
-0.261963 0.954102 1.927734 -0.010986 0.009888 0.022461
-0.199219 0.906006 1.996826 0.001465 -0.008911 0.037720
-0.753906 0.379395 2.018311 -0.020752 0.014771 0.019287
-0.509277 0.929688 1.965820 -0.020752 0.016235 0.013550
-0.513672 0.349609 2.014404 -0.015015 0.009766 0.020020
-0.458984 0.400391 1.994873 -0.006592 0.005249 0.028198
-0.347900 0.416504 1.932861 -0.034058 0.024170 0.002563
-0.673340 0.088135 2.015381 -0.019897 0.006592 0.012695
-0.338379 0.741943 1.912354 -0.021240 0.009766 0.004272
-0.344971 0.793945 1.995361 -0.004639 0.000122 0.026001
-0.857178 0.882568 2.086670 -0.016479 0.013428 0.017212
-0.111328 1.054199 1.882324 -0.019897 0.010010 0.012329
-0.380371 0.700928 2.003174 -0.011108 0.002441 0.019653
-0.309326 0.740479 1.996582 0.000610 -0.003296 0.027222
-0.221436 1.272949 1.969238 -0.019775 0.011963 0.000000
-0.524170 0.177246 2.007324 -0.021484 0.011108 -0.009644
-0.434082 0.513184 2.008057 -0.005737 0.003052 0.006348
0.000000 0.000000 0.000000 -0.042969 0.014038 -0.030518
-0.773682 -0.653809 1.950684 -0.040894 0.009155 -0.027100
-0.267822 0.924561 1.958496 -0.009277 -0.003296 0.009521
-0.118408 1.073486 1.917480 -0.005127 0.000122 0.019409
-0.782471 -0.612793 2.032959 -0.036133 0.011597 -0.004639
-0.436279 0.491455 1.990234 0.003174 -0.005981 0.027100
0.291748 1.898682 1.857666 -0.008301 0.006714 0.012451
-0.541504 0.027832 2.000732 -0.041992 0.018555 -0.022827
-0.517822 0.494873 2.004639 -0.001831 -0.003296 0.016724
-0.856445 -0.423828 1.991943 -0.027954 0.005981 -0.004150
-0.402100 0.572021 1.999756 0.002808 -0.002930 0.027100
-0.305664 0.873535 1.826904 -0.044678 0.019531 -0.020874
-0.436035 0.669922 2.006348 0.007446 -0.006836 0.036499
0.009277 1.289795 1.954102 -0.000732 -0.001221 0.027710
-0.473389 0.352783 2.007080 -0.020020 0.002808 -0.001587
-0.519775 0.371338 2.020996 -0.009033 -0.003296 0.012207
-0.412842 0.418457 1.999023 -0.008057 -0.005127 0.004395
-0.413818 0.517334 1.987793 -0.011353 0.002686 0.013550
-0.717285 -0.345215 2.003418 -0.031006 0.014893 0.001709
-0.383545 0.919189 2.046387 -0.002441 -0.001343 0.025146
-0.401611 0.723389 2.000488 -0.020996 0.003662 0.002930
-0.501953 0.557373 1.987061 -0.019897 0.001953 0.008911
-0.530518 0.113770 1.972656 -0.033813 0.009033 -0.001709
-0.396484 0.576904 1.993164 0.005737 -0.005981 0.029663
-0.127930 0.959473 1.985840 -0.004639 0.001221 0.006836
-0.629639 0.224854 2.027588 -0.022827 0.006226 -0.011719
-0.445313 0.538086 1.998779 0.006348 -0.007813 0.027954
-0.380371 0.554932 1.994385 -0.000122 -0.001953 0.023315
-0.495117 0.476318 2.003662 -0.008301 0.005127 0.005615
-0.546875 0.400391 2.012695 -0.008911 0.003418 -0.002808
-0.864258 0.449951 2.029053 -0.042603 0.014282 -0.006470
0.206299 1.600098 1.842285 -0.022827 0.005615 0.034058
-0.815186 0.724365 2.069580 -0.009644 0.002441 0.023071
-0.366943 0.447266 2.010742 -0.019043 -0.006592 -0.025635
-0.405029 0.605713 2.000000 -0.006226 -0.006470 -0.026733
-0.484375 0.403564 2.001953 -0.015869 -0.000854 -0.036011
-0.503174 0.375488 2.009033 -0.013184 0.000854 -0.016602
-0.498779 0.414307 2.005859 -0.009888 0.000854 -0.004395
-0.512207 0.404541 2.012695 -0.008667 0.001221 -0.001831
-0.547363 0.379639 2.014893 -0.005859 -0.000244 -0.001343
-0.513672 0.417480 2.007568 -0.003296 -0.002808 0.001221
-0.500977 0.425049 2.010986 -0.003418 -0.003052 0.000610
-0.503174 0.425293 2.007568 -0.004272 -0.002563 0.000122
-0.523926 0.416260 2.004150 -0.004272 -0.002930 0.000488
-0.510254 0.395508 2.009277 -0.003906 -0.004028 0.001831
-0.485596 0.461914 2.014404 -0.003540 -0.003540 0.000977
-0.495117 0.428223 2.004395 -0.005615 -0.002441 -0.002197
-0.511475 0.386475 2.014648 -0.005493 -0.001831 -0.000122
-0.482666 0.394775 2.012695 -0.003540 -0.001953 0.009033
-0.497070 0.458008 2.005859 -0.002441 -0.000977 0.009033
-0.495361 0.450928 2.007080 -0.004639 -0.000244 0.001221
-0.504639 0.438232 2.011963 -0.006348 -0.000122 -0.002563
-0.518311 0.415283 2.009766 -0.007202 -0.000610 -0.004395
-0.516602 0.407471 2.012451 -0.007202 -0.001343 -0.007935
