-0.565918 0.875732 1.806885 -0.001465 -0.002686 0.006470
-0.555176 0.925537 1.804932 0.000732 -0.003784 0.013550
-0.554199 0.918457 1.811523 0.001099 -0.003418 0.014160
-0.545166 0.927246 1.803711 0.000977 -0.003540 0.011841
-0.545654 0.935547 1.801758 0.000000 -0.003418 0.007080
-0.549805 0.925049 1.800537 -0.000854 -0.003296 0.005005
-0.542725 0.921631 1.799805 -0.000977 -0.003418 0.004395
-0.550293 0.921875 1.803955 -0.000610 -0.003540 0.008545
-0.533447 0.922363 1.798584 0.000366 -0.004272 0.010742
-0.508545 0.949463 1.802490 -0.000244 -0.003662 0.008545
-0.515137 0.937256 1.798340 -0.002563 -0.001587 0.004395
-0.536377 0.970215 1.804199 -0.002930 -0.000366 0.003906
-0.545654 0.923096 1.802490 -0.004883 -0.000122 -0.000244
-0.560303 0.895996 1.797607 -0.004517 -0.001099 -0.002563
-0.565674 0.921387 1.801270 -0.002075 -0.003174 0.002441
-0.512695 0.939697 1.798584 -0.000854 -0.004272 0.009888
-0.516602 0.934570 1.802734 -0.001587 -0.002441 0.013916
-0.538330 0.952881 1.803711 -0.002686 -0.001465 0.011353
-0.527100 0.945557 1.799316 -0.003662 -0.001953 0.008301
-0.502441 0.949219 1.805664 -0.004395 -0.001465 0.005249
-0.517578 0.938721 1.797852 -0.004761 0.000610 0.002197
-0.561035 0.924072 1.798828 -0.005005 0.000488 -0.002197
-0.547607 0.950928 1.801758 -0.004028 -0.001587 0.000000
-0.521729 0.930908 1.788818 -0.004883 -0.002197 -0.001465
-0.510010 0.934082 1.802246 -0.004639 -0.001343 -0.001465
-0.534912 0.933105 1.798584 -0.004272 -0.000122 -0.000122
-0.572754 0.936279 1.797607 -0.003174 -0.001221 -0.000977
-0.546631 0.944092 1.807373 -0.002808 -0.004150 -0.001953
-0.519287 0.920898 1.799805 -0.002808 -0.005249 -0.004639
-0.518555 0.930420 1.803955 -0.002075 -0.004150 -0.004272
-0.500000 0.966797 1.807373 -0.003296 -0.003906 -0.006348
-0.469971 1.016113 1.821045 -0.008179 -0.004517 -0.017944
-0.546143 0.953125 1.853027 -0.012085 -0.002197 -0.026367
-0.348877 0.883301 1.701904 -0.015137 -0.006104 -0.027466
-0.592773 1.041992 1.787598 -0.014160 -0.002319 -0.023682
0.217285 1.423340 1.678223 -0.005981 -0.029053 -0.011353
-0.713379 0.938965 1.827393 -0.012817 0.005371 -0.016113
-0.109863 1.313721 1.934814 -0.011108 -0.034546 -0.010010
-0.596191 0.848145 1.823242 -0.014771 -0.001709 -0.010742
-0.853027 0.795898 1.911621 -0.008057 -0.008301 0.003662
-0.713135 0.773438 1.833984 -0.011108 -0.009033 0.003906
-0.280273 0.922363 1.774902 -0.011475 -0.015991 0.000122
-0.149658 0.809814 1.685303 -0.016602 -0.022827 -0.000366
-1.014404 0.989746 2.051514 -0.010010 -0.009277 0.005981
-0.321289 0.727051 1.681885 -0.018311 -0.007813 -0.011719
-0.707275 0.856934 1.862549 -0.012451 -0.008301 -0.001587
0.122803 0.783936 1.624512 -0.015503 -0.018433 -0.011719
-0.582764 0.777100 1.886719 -0.019775 -0.015991 -0.025269
-0.718750 0.798828 1.843018 -0.012451 0.006958 -0.011108
-0.883301 0.935547 2.039795 -0.014771 -0.010010 -0.004395
-0.433838 0.510986 1.782959 -0.024048 -0.016113 -0.027100
-0.393799 0.843018 1.837158 -0.017212 -0.006348 -0.012939
-0.427490 0.865479 1.775146 -0.014526 -0.009888 -0.010010
-0.655518 0.830811 1.869141 -0.005981 0.002808 0.014648
-0.920898 0.906006 2.057373 -0.009644 -0.010864 0.012573
-0.670654 0.864502 1.968018 -0.020508 -0.013184 -0.022827
-0.570313 0.879639 1.876953 -0.012939 0.003662 0.004883
-0.527100 0.868164 1.791992 -0.018433 -0.004150 0.000732
-0.526855 0.681152 1.842041 -0.017822 -0.009644 -0.006592
-0.596191 0.831543 1.851563 -0.004395 0.000977 0.008789
-0.541504 0.814209 1.868408 -0.002197 -0.001587 0.010498
-0.480225 0.878662 1.871338 -0.002686 -0.002441 0.003174
-0.479980 0.853271 1.867432 -0.005981 -0.000488 -0.012207
-0.525879 0.817627 1.868896 -0.006104 0.000610 -0.010010
-0.509277 0.816895 1.873779 -0.004517 -0.000122 0.005615
-0.504639 0.815918 1.870605 -0.004272 0.000610 0.010254
-0.542480 0.801270 1.864502 -0.003784 0.000854 0.009399
-0.551514 0.792725 1.860840 -0.001465 -0.001465 0.013916
-0.490234 0.835449 1.858887 0.000366 -0.003052 0.018188
-0.456055 0.877686 1.868408 -0.000488 -0.000488 0.020264
-0.581055 0.889404 1.809082 -0.020630 0.019287 0.000366
-0.517334 1.124756 1.889893 -0.001831 0.006104 0.022949
-0.264893 1.092285 1.851807 -0.005493 -0.000366 0.011353
-1.083008 0.404053 1.896484 -0.023560 0.018066 -0.011230
-0.337891 0.770264 1.857178 0.002563 -0.010620 0.010132
-0.455566 0.810059 1.863525 -0.003906 0.001221 0.006836
-0.543457 0.803711 1.855225 -0.004150 0.004517 0.010498
-0.594727 0.804688 1.864746 -0.003540 0.002930 0.015259
-0.330322 1.558838 1.803955 -0.016235 0.017578 0.003662
-0.469727 1.007080 1.895508 -0.007324 0.001831 0.018433
-1.583740 0.132324 2.040283 -0.018921 0.017944 0.005005
-0.308350 0.722656 1.867920 0.001831 -0.010376 0.017334
-0.489990 0.837891 1.862305 -0.005371 0.004639 0.007568
-0.568359 0.822998 1.865479 -0.008789 0.007446 0.006836
-0.604492 0.754395 1.874512 -0.010376 0.005981 0.006104
-0.401367 1.043213 1.828125 -0.013306 0.006104 0.005371
-0.040039 1.465332 1.781250 -0.009155 0.005859 0.016602
-0.888184 0.697754 1.897705 -0.015015 0.010010 0.009155
-0.257324 0.968262 1.857910 0.002686 -0.007202 0.028564
-0.468750 0.890625 1.867432 -0.005127 0.003052 0.011597
-0.546143 0.823975 1.871826 -0.006348 0.003418 0.006958
-0.534180 0.827393 1.868896 -0.006348 0.001831 0.014038
-0.077637 1.468506 1.781250 -0.018677 0.011719 0.005493
-0.450928 0.884033 1.876465 -0.013184 0.008545 0.015503
-0.360352 1.052246 1.837891 -0.004272 -0.002197 0.024048
-0.431152 0.903564 1.893311 -0.013184 0.008057 0.002930
-0.865723 -0.066406 1.862793 -0.032715 0.015869 -0.024780
-0.480469 0.825928 1.863525 -0.000732 -0.005371 0.022583
-0.220703 1.144531 1.898682 -0.008667 0.003174 0.011353
-0.742432 0.328125 1.838623 -0.033813 0.015137 -0.026855
-0.542236 0.755615 1.859131 -0.003906 -0.002319 0.018066
-0.381348 0.976807 1.880859 -0.006104 0.001099 0.012695
-0.619629 0.721924 1.880371 -0.030273 0.015869 -0.027344
-0.449951 0.775146 1.853760 -0.022705 0.007935 -0.007446
-0.484863 0.916748 1.871338 -0.007080 0.000122 0.012329
-0.422607 0.995850 1.922607 -0.005493 0.003784 0.023804
-1.119629 -0.358887 1.852783 -0.049194 0.022339 -0.046509
-0.607422 0.089111 1.846436 -0.033691 0.006348 -0.029419
-0.524902 0.654053 1.877441 -0.009399 -0.000488 0.016968
-0.431152 1.061035 1.886963 -0.037842 0.011230 -0.016235
-0.429688 1.347656 1.923096 -0.003296 0.001587 0.037598
-0.517822 0.962158 1.892822 -0.004883 0.001343 0.031982
-0.601563 0.632080 1.866455 -0.014648 0.004272 0.008789
-0.574219 0.721436 1.876709 -0.003906 0.000000 0.021606
-0.457031 1.122803 1.923584 -0.018555 0.007202 0.004028
-0.540039 0.942627 1.943848 -0.022705 0.009033 0.002319
0.013672 1.081055 1.748291 -0.033813 0.012451 -0.005859
-0.511230 1.113770 1.874023 0.012695 -0.008545 0.045898
-0.533936 0.817871 1.894043 0.000854 -0.003052 0.015015
-0.027344 1.714355 1.855469 -0.010498 0.002197 -0.003052
-0.646973 0.730957 1.885498 -0.013550 0.004150 0.006958
-0.657715 0.348633 1.890381 -0.019897 0.008911 0.003296
-0.715576 0.835205 1.953125 -0.017212 0.006470 0.005859
-0.504150 0.908936 1.885742 -0.002075 -0.005981 0.013428
-0.517822 0.755371 1.888916 -0.003174 -0.002441 0.004028
-0.562744 0.751953 1.891113 -0.004150 0.000488 0.005493
-0.601807 0.728271 1.896484 -0.005737 0.000610 0.009644
-0.541992 0.796875 1.905029 -0.009644 0.000488 0.000000
-0.585693 0.721436 1.892822 -0.008667 -0.001465 0.001831
-0.547852 0.744629 1.887451 -0.000610 -0.002808 0.017822
-0.496582 0.809814 1.898193 -0.002441 0.000488 0.021362
-0.629639 0.382080 1.875000 -0.019775 0.008301 -0.003784
-0.424072 1.183594 1.889893 -0.012695 0.003540 0.000244
-0.560791 0.796875 1.888916 -0.005005 0.000610 0.004517
-0.566895 0.765381 1.891113 -0.005981 0.000610 0.005249
-0.571533 0.760742 1.879639 -0.013184 0.001953 -0.009155
-0.575439 0.682861 1.889893 -0.007813 0.001587 -0.007446
-0.614990 0.717773 1.897461 -0.004883 0.000854 0.003174
-0.382324 1.097900 1.938965 -0.007690 0.001221 0.008179
-0.849854 0.107178 1.887207 -0.029175 0.007446 -0.027466
-0.594971 0.675781 1.892334 -0.004150 -0.003296 -0.000122
-0.569336 0.729248 1.892090 -0.004028 -0.002319 0.000244
-0.565186 0.745605 1.895752 -0.006470 -0.000610 -0.008667
-0.583008 0.728271 1.902588 -0.009155 0.000122 -0.013428
-0.619873 0.657227 1.898926 -0.009521 0.000000 -0.013672
-0.601807 0.672119 1.899658 -0.007202 -0.001831 -0.009033
-0.588379 0.685303 1.903564 -0.005981 -0.002563 -0.008911
-0.601563 0.672852 1.904541 -0.005615 -0.001953 -0.010254
-0.598145 0.691162 1.892578 -0.003784 -0.002319 -0.005615
-0.579102 0.687256 1.894531 -0.003662 -0.002075 -0.002808
