-0.190308 0.241089 1.002686 0.021118 -0.085938 0.022339
-0.133423 0.291504 1.000732 0.016357 -0.050781 0.035156
-0.143555 0.300415 1.000366 -0.004883 -0.008057 0.031616
-0.155762 0.303589 1.001465 -0.023560 0.027710 0.031616
-0.162109 0.317993 0.991577 -0.044312 0.064819 0.040283
-0.223145 0.288574 0.997925 -0.056885 0.068237 0.044678
-0.210083 0.278564 1.002197 -0.060791 0.065308 0.034180
-0.245117 0.260986 1.007446 -0.048950 0.054077 0.028564
-0.230713 0.230225 1.001465 -0.031738 0.040771 0.026001
-0.229126 0.214233 0.999023 -0.000732 0.042603 0.093018
-0.255493 0.134155 1.015259 0.075195 0.014648 0.134644
-0.085693 0.614868 1.007690 0.196167 -0.030151 0.183594
-0.104736 0.220581 1.094849 0.138794 0.108765 -0.039063
-0.137207 0.228638 0.995483 0.249390 0.161133 -0.007446
-0.199463 0.390747 0.927246 0.264160 0.176758 -0.039917
-0.331055 0.298218 0.931641 0.328735 0.126709 0.100098
-0.328735 0.324097 0.917236 0.355103 0.063232 0.165283
-0.335815 0.389282 0.901733 0.333740 0.011597 0.210327
-0.314697 0.424561 0.913086 0.213257 -0.022339 0.175293
-0.306274 0.343140 0.939087 0.168823 -0.048950 0.280762
-0.211792 0.382813 0.931274 0.135620 -0.050903 0.179688
-0.234253 0.394775 0.946533 0.150269 -0.048340 0.122559
-0.257446 0.375244 0.967163 0.203979 -0.070313 0.248779
-0.135742 0.516846 0.974854 0.084229 -0.062134 0.237061
-0.182861 0.459106 0.954468 -0.008423 -0.026611 0.060791
-0.204590 0.410522 0.950562 -0.016357 -0.018799 0.017334
-0.174072 0.375244 0.964355 0.024536 -0.000244 0.041138
-0.210083 0.396606 0.922363 0.047852 0.004150 0.058472
-0.219727 0.441284 0.937622 0.057983 -0.028076 0.090210
-0.202271 0.457397 0.937866 0.031128 -0.036621 0.023193
-0.214966 0.432129 0.920532 0.010620 -0.037720 0.019653
-0.207031 0.436279 0.930176 0.018555 -0.060669 -0.006592
-0.216553 0.447388 0.931030 -0.007446 -0.091797 0.079956
-0.186523 0.485107 0.928833 -0.059204 -0.116089 0.050903
-0.219482 0.406738 0.958984 -0.061890 -0.113281 -0.032593
-0.139771 0.506714 0.952637 -0.004150 -0.067505 0.001221
-0.133911 0.445068 0.952515 0.023438 -0.030273 -0.003174
-0.155029 0.425049 0.954468 0.012817 -0.003784 0.052612
-0.231201 0.441406 0.964233 -0.007813 -0.013428 0.018066
-0.220825 0.463135 0.971313 0.002808 -0.042847 0.119141
-0.274536 0.492920 0.995117 -0.026489 -0.079590 0.072510
-0.039795 0.344971 0.933350 -0.024048 -0.096802 0.054321
-0.168579 0.432007 0.953613 -0.014160 -0.048340 0.051636
0.014404 0.251343 0.863281 -0.049805 -0.097290 -0.000488
-0.178467 0.524048 1.033936 -0.100342 -0.143188 -0.044556
-0.040894 0.230835 0.875366 -0.058838 -0.105469 -0.054321
-0.073608 0.292603 0.953003 -0.068115 -0.056519 -0.000122
0.014404 0.377563 0.940308 -0.152344 -0.053955 -0.110474
-0.245728 0.390137 0.954102 -0.113525 -0.081055 -0.094727
-0.494995 0.558350 0.991821 -0.103638 -0.118774 -0.095947
0.114136 0.143066 0.755859 -0.095215 0.014893 -0.157227
-0.290283 0.389771 0.953735 -0.017822 -0.002563 0.051270
-0.179565 0.382813 0.957397 -0.005371 -0.036743 0.074951
-0.126343 0.414429 0.961182 -0.004272 -0.021973 0.057861
-0.121826 0.403687 0.959473 -0.008423 -0.001587 0.041016
-0.159424 0.412231 0.967407 -0.014160 0.006958 0.055176
-0.165405 0.374634 0.963623 -0.007813 0.004517 0.083374
-0.150757 0.404907 0.967773 -0.005127 0.009766 0.080933
0.143311 0.768188 0.936279 -0.169922 0.161865 -0.115356
-0.335693 0.347168 0.981201 -0.053101 0.023682 0.058228
-0.042480 0.550903 0.966187 0.027832 -0.057129 0.154297
0.077881 0.502197 0.955078 -0.074463 0.102173 0.015747
-0.516113 0.229980 1.017334 -0.037842 0.014404 0.052368
-0.342651 0.151611 0.983643 0.015015 -0.033203 0.106689
0.039063 0.533936 0.975830 -0.072388 0.074463 0.023804
-0.065430 0.646484 0.978027 -0.017090 0.015259 0.086182
-0.254272 0.184692 0.937256 -0.107056 0.067749 -0.057617
-0.046753 0.529541 0.985962 -0.035889 0.024048 0.044434
-0.499512 0.222534 1.020020 -0.104370 0.067749 -0.045288
-0.232300 0.382568 0.943115 -0.070801 0.020996 0.035889
-0.057617 0.460083 0.963989 -0.015503 -0.000610 0.054443
-0.123657 0.413696 0.973145 -0.044189 0.044067 0.021851
-0.116455 0.094971 0.963013 -0.025513 0.041626 0.069702
-0.395142 0.181152 0.976318 -0.091675 0.055908 0.005615
-0.295410 0.262939 1.017944 -0.043701 0.010132 0.084351
-0.301758 0.314453 0.991089 -0.060425 0.008423 0.072144
-0.047241 0.453735 0.971191 -0.016846 -0.007080 0.130127
0.100342 0.501953 0.930908 -0.132202 0.075928 -0.067993
-0.080811 0.597900 0.990112 -0.053467 0.026001 0.045776
-0.052368 0.608276 0.990845 -0.057739 0.041626 0.048218
-0.249268 0.210083 0.972168 -0.041016 0.022705 0.090210
-0.128540 0.849487 1.049316 -0.192261 0.115112 -0.077881
-0.619751 -0.227539 0.998047 0.040894 -0.067749 0.152344
-0.144043 0.365845 0.983398 -0.029419 0.001343 0.064941
-0.570190 -0.020996 1.000366 -0.112183 0.042358 -0.088013
-0.269897 0.244019 0.981323 -0.052979 0.008545 0.058472
-0.185913 0.201294 0.974854 -0.013916 -0.004028 0.052490
0.003296 0.768433 0.992676 -0.156006 0.076416 -0.096924
-0.150635 0.549805 0.981689 -0.026733 -0.005127 0.053223
-0.471680 0.265625 1.024414 -0.096680 0.044678 -0.047607
-0.173096 0.239624 0.982422 -0.010986 -0.023193 0.075806
-0.142822 0.364746 0.979004 0.000977 -0.016846 0.105957
-0.157837 0.373779 0.990234 -0.019287 0.012817 0.084717
-0.407471 0.555664 0.942261 -0.321533 0.146118 -0.330566
-0.108765 0.456299 0.993896 0.028809 -0.045166 0.173828
0.390625 1.181152 0.896606 -0.239136 0.156738 -0.159790
-0.337036 0.478882 1.001587 -0.137817 0.040771 -0.063477
-0.105713 0.467407 0.979492 -0.012085 -0.024658 0.035645
-0.145264 0.378174 0.984741 -0.024902 0.009521 0.044800
-0.142334 0.464600 0.976807 -0.092285 0.070679 -0.010986
-0.255615 0.267944 0.985718 -0.132568 0.077515 -0.111572
-0.209351 0.346924 0.989258 0.009521 -0.034668 0.065430
-0.144653 0.356689 0.989014 -0.007080 -0.020264 0.084473
0.169312 0.920898 0.941406 -0.154541 0.090820 -0.068604
-0.177856 0.500854 0.989380 -0.032837 0.003296 0.068237
0.172485 0.819824 0.940186 -0.202881 0.104370 -0.177979
-0.187866 0.489258 0.985474 -0.000488 -0.014282 0.063232
-0.161499 0.383911 0.983398 -0.021606 -0.004639 0.012329
-0.198242 0.334351 0.982300 -0.020996 -0.000854 0.035522
-0.214111 0.297852 0.988892 -0.016968 0.004395 0.058472
-0.208374 0.323730 0.985962 -0.011963 0.004761 0.097656
0.022217 0.592163 1.017334 -0.119995 0.097534 -0.049561
-0.570801 0.239990 1.042969 -0.102173 0.033691 -0.022461
-0.181885 0.415283 0.984253 0.005981 -0.035156 0.084961
-0.173462 0.364624 0.986572 -0.013306 -0.018677 0.053101
-0.198364 0.314941 0.979492 -0.034302 0.008667 -0.003296
-0.193726 0.325806 0.987915 -0.036987 0.011353 -0.073730
-0.231445 0.306274 0.989624 -0.037354 0.003052 -0.103027
-0.228027 0.296021 0.989014 -0.022583 -0.008545 -0.049805
-0.233887 0.300293 0.982422 -0.009521 -0.019531 0.002930
-0.200562 0.337524 0.989624 -0.009888 -0.020386 0.003906
-0.189331 0.317871 0.985596 -0.020020 -0.009155 -0.018677
-0.207031 0.320313 0.987549 -0.021606 -0.004883 -0.031494
-0.216431 0.309814 0.986816 -0.016846 -0.008057 -0.009521
-0.213623 0.318359 0.987183 -0.011230 -0.012939 0.001831
-0.206665 0.316650 0.983887 -0.012695 -0.010742 -0.000366
-0.205078 0.331665 0.989624 -0.013062 -0.011719 -0.012817
-0.206055 0.306763 0.989502 -0.014404 -0.009888 -0.009399
-0.218262 0.315063 0.985107 -0.012329 -0.014771 0.006470
-0.197388 0.333862 0.987671 -0.012695 -0.015625 -0.025513
-0.204102 0.314453 0.984985 -0.012451 -0.013672 -0.031250
-0.213867 0.309692 0.989136 -0.011108 -0.014404 -0.014282
-0.214600 0.319580 0.989380 -0.009277 -0.022339 0.011475
-0.186768 0.328979 0.992310 -0.016357 -0.017334 -0.006592
-0.192261 0.317993 0.988770 -0.023438 -0.005859 -0.023438
-0.220093 0.310913 0.984985 -0.020996 -0.003906 -0.017822
-0.232422 0.304932 0.992188 -0.011719 -0.012573 -0.007080
-0.216064 0.309692 0.984497 -0.006348 -0.022583 0.007446
-0.189941 0.319458 0.991699 -0.007935 -0.019165 0.006104
-0.192993 0.323120 0.987915 -0.014282 -0.010132 -0.013550
-0.204346 0.316528 0.990601 -0.011475 -0.005005 0.000610
-0.210083 0.321655 0.995117 -0.012207 -0.006958 0.009399
-0.217651 0.318726 0.987793 -0.013672 -0.013062 0.005737
-0.201660 0.320068 0.985718 -0.015869 -0.010498 0.002808
-0.201050 0.316895 0.988159 -0.016235 -0.006836 0.007813
-0.211548 0.322144 0.993408 -0.016235 -0.002563 0.004150
-0.222900 0.313721 0.985840 -0.014648 -0.008301 0.010742
-0.217163 0.316406 0.983643 -0.013794 -0.014282 0.004150
-0.199585 0.321533 0.994141 -0.013550 -0.012207 -0.005005
-0.203979 0.320557 0.987061 -0.013428 -0.008667 -0.000977
