-0.192993 0.403809 0.957886 -0.021606 -0.007080 -0.015747
-0.187012 0.397339 0.959473 -0.020630 -0.007202 -0.009155
-0.194702 0.396240 0.957642 -0.019043 -0.006104 -0.010620
-0.197510 0.397217 0.952759 -0.015991 -0.006226 -0.011719
-0.191406 0.400513 0.962036 -0.014282 -0.013184 0.000977
-0.193115 0.393921 0.962646 -0.012329 -0.014160 0.007202
-0.181274 0.398560 0.958618 -0.010498 -0.013794 0.010010
-0.186768 0.402588 0.957764 -0.011841 -0.010254 0.004517
-0.181641 0.412354 0.960571 -0.013672 -0.007935 -0.003662
-0.193604 0.405396 0.958008 -0.019409 -0.007690 -0.019775
-0.197388 0.390503 0.957886 -0.017822 -0.009033 -0.020508
-0.191528 0.389404 0.953979 -0.009399 -0.013550 0.010620
-0.191650 0.396484 0.959717 -0.004517 -0.014648 0.027222
-0.173828 0.421021 0.956421 -0.005737 -0.013916 0.014282
-0.171021 0.426270 0.956787 -0.014404 -0.007080 0.001587
-0.191284 0.407104 0.954224 -0.023682 -0.000122 -0.018188
-0.199829 0.383057 0.958008 -0.026245 -0.005005 -0.022827
-0.212646 0.379272 0.960571 -0.013916 -0.014893 0.002319
-0.196533 0.406128 0.961548 -0.008545 -0.029907 0.011475
-0.193848 0.414795 0.956787 -0.015381 -0.037109 -0.005127
-0.187500 0.409302 0.964966 -0.021851 -0.048218 0.000732
-0.176758 0.411621 0.967651 -0.021362 -0.046387 0.005493
-0.145264 0.386230 0.946289 -0.022339 -0.038452 0.009155
-0.172363 0.399902 0.966431 -0.016968 -0.023560 0.023926
-0.261719 0.413452 1.053833 -0.066162 -0.066406 -0.007568
-0.175049 0.590210 0.924316 -0.064819 -0.062256 0.025513
-0.015503 0.286255 0.881836 -0.064697 -0.059570 -0.010986
-0.272339 0.455933 0.964600 -0.038330 -0.043701 -0.002197
-0.227051 0.410767 0.981567 -0.023315 -0.037109 0.001221
0.123047 0.050049 0.908569 -0.082275 -0.111694 -0.103516
0.168457 0.156494 0.927612 -0.085815 -0.108521 -0.075439
-0.333496 0.241821 0.996460 -0.100098 -0.053101 -0.136475
-0.048828 0.309814 0.967773 -0.077515 -0.061401 -0.121216
0.209839 0.260986 0.930054 -0.093384 -0.157593 -0.071411
-0.083130 0.170776 0.934326 -0.089233 -0.068970 -0.106689
-0.240845 0.380127 0.996948 -0.066284 -0.092041 -0.069336
-0.481567 0.521118 1.025024 -0.061279 -0.073364 -0.049438
0.190552 0.411865 0.977661 -0.106812 -0.195435 -0.093262
-0.007202 0.231201 0.924194 -0.121948 -0.058960 -0.111816
0.105225 0.259399 0.937378 -0.091919 -0.096313 -0.045166
-0.286865 0.421509 1.001587 -0.045776 -0.034424 0.000366
-0.144653 0.300049 0.961670 -0.042480 0.002930 -0.067627
-0.206665 0.327637 0.987915 -0.010376 -0.001953 0.041138
-0.122070 0.375366 0.981934 0.004150 -0.013428 0.084351
-0.110107 0.368164 0.982422 -0.004150 0.009766 0.040771
-0.171021 0.343384 0.986084 -0.009033 0.020996 0.019531
-0.183228 0.355225 0.981201 -0.003052 0.004883 0.032471
-0.135132 0.364746 0.979858 -0.003296 0.001343 -0.004761
-0.137451 0.371460 0.984985 -0.005615 0.029297 -0.002808
-0.049683 0.593750 0.992065 -0.049805 0.080078 -0.008789
-0.062500 0.422485 0.987793 0.023193 -0.031250 0.116333
-0.873657 0.129639 1.060059 -0.111816 0.160156 -0.004028
-0.018188 0.415527 0.975342 -0.004028 -0.010986 0.032959
-0.228394 0.274902 0.982910 -0.034058 0.034790 0.022827
-0.082642 0.403442 0.988159 -0.022217 0.030029 0.029663
0.203857 0.812866 0.918823 -0.067871 0.088135 0.015381
-0.091797 0.465210 0.978149 -0.019653 0.014648 0.107788
0.109497 0.600830 0.963989 -0.018921 0.023560 0.107910
-0.061035 0.449707 0.977295 0.022705 -0.032715 0.133667
-0.488281 -0.007690 0.974854 -0.170288 0.133545 -0.075439
-0.247437 0.177490 0.981689 -0.055420 0.037598 0.065430
-0.260254 0.130493 0.979858 -0.067017 0.033813 0.066040
-0.270996 0.652222 1.059570 -0.146973 0.139893 -0.022583
0.078979 0.610962 0.987183 0.008423 -0.003418 0.207153
0.009033 0.738037 0.976807 -0.064941 0.044312 0.128784
-0.052979 0.619873 0.995728 -0.064087 0.034668 0.130615
-0.175293 0.335327 0.988159 -0.012939 0.006958 0.139526
-0.525879 0.011475 1.001831 -0.158936 0.142700 -0.028809
-0.318115 0.082642 1.027100 -0.082642 0.054688 0.108276
-0.845581 -0.497681 1.081787 -0.152710 0.068115 0.071655
-0.109009 0.495850 1.026733 -0.023926 -0.001465 0.120117
-0.237793 0.394897 0.951172 -0.108521 0.134521 0.031494
-0.370972 0.126587 0.998779 -0.070435 0.053711 0.087646
-0.019775 0.538208 1.019287 -0.002686 -0.014893 0.090820
-0.370850 -0.018555 1.000244 -0.160645 0.093384 -0.009888
0.060913 0.895386 0.978760 -0.019775 -0.000977 0.101440
-0.419189 0.036255 1.010254 -0.149780 0.084717 0.012695
-0.448853 -0.058594 1.006226 -0.064209 0.020996 0.059082
0.116577 0.519775 0.963501 -0.043091 0.033691 0.028687
-0.333008 0.277710 0.985474 -0.071655 0.053833 0.049316
-0.258057 0.103516 0.986328 -0.119141 0.025391 0.033813
-0.667358 -0.581909 0.990967 -0.228271 0.089844 -0.048584
0.072144 0.395142 0.957642 -0.070801 -0.008057 0.045044
-0.462646 0.115723 1.012207 -0.073853 0.034424 0.040771
-0.249512 0.073853 0.972412 -0.102173 0.010254 0.048462
-0.092773 0.355469 0.974243 -0.074219 0.041748 0.021484
-0.162109 0.332397 0.997803 -0.015503 -0.009155 0.061523
-0.425903 -0.018311 1.013916 -0.129639 0.054199 -0.046631
-0.718872 -0.147461 1.023438 -0.135376 0.076782 -0.043823
-0.145264 0.307251 0.992065 0.001465 -0.027832 0.027954
-0.166992 0.324829 0.987183 -0.015869 -0.004517 -0.002563
-0.194458 0.295410 0.997437 -0.023071 0.004395 -0.010986
-0.216309 0.297485 0.998779 -0.021606 -0.002563 -0.030518
-0.205322 0.290283 0.995972 -0.010986 -0.015869 -0.002075
-0.157471 0.317139 0.995972 -0.010254 -0.013672 0.010986
-0.179688 0.305420 0.991577 -0.015869 0.001465 0.011963
-0.193481 0.314453 0.997192 -0.018555 0.003784 0.000854
-0.203857 0.306030 0.993774 -0.018921 -0.002930 0.003906
-0.187012 0.306763 0.996704 -0.016602 -0.008911 0.003296
-0.186157 0.311279 0.991699 -0.019287 -0.008301 -0.019287
-0.185913 0.299194 0.993896 -0.022339 -0.002930 -0.018677
-0.207031 0.291992 0.998657 -0.020752 -0.003418 -0.006958
-0.189697 0.301880 0.998291 -0.013916 -0.009888 0.004150
-0.185547 0.308594 0.988525 -0.012329 -0.007568 0.002686
-0.192139 0.293701 1.002197 -0.011719 -0.004150 0.009766
-0.192749 0.318237 0.993774 -0.010986 -0.002686 0.014160
-0.197876 0.313354 0.995972 -0.017578 -0.004150 0.008423
-0.184692 0.294434 0.997070 -0.020630 -0.006348 0.002441
-0.189453 0.300903 0.995605 -0.020752 -0.005859 -0.005371
-0.187622 0.294434 0.994873 -0.022583 -0.005615 -0.009399
-0.188721 0.289185 0.996094 -0.018433 -0.003784 0.004150
-0.203491 0.308960 0.996948 -0.012451 -0.004517 0.016602
-0.192383 0.312622 0.995605 -0.012207 -0.010254 0.023315
-0.187012 0.301758 0.997437 -0.011230 -0.010742 0.012207
-0.172852 0.310547 0.993042 -0.009399 -0.007813 0.015747
-0.200195 0.310791 0.995361 -0.014160 0.000854 0.000000
-0.195801 0.301758 1.002563 -0.013916 -0.006104 0.012695
-0.186890 0.308472 1.000000 -0.015259 -0.008179 0.012695
-0.192261 0.299072 0.996460 -0.015625 -0.004517 0.001709
-0.193604 0.303345 0.992065 -0.013428 -0.006592 -0.004028
-0.197266 0.293579 0.994507 -0.013916 -0.008179 0.010254
-0.189697 0.313721 0.997803 -0.011230 -0.011475 0.031128
-0.179565 0.307373 0.996338 -0.013794 -0.009033 0.018066
-0.179321 0.301880 0.993286 -0.015625 -0.003784 0.001709
-0.205078 0.298706 0.998535 -0.014771 -0.004517 0.004395
-0.200684 0.300293 0.999390 -0.011963 -0.012207 0.017944
-0.184692 0.309814 0.997803 -0.014771 -0.011841 0.000244
-0.181274 0.289795 0.998169 -0.019531 -0.006592 -0.010620
-0.189087 0.299927 0.989258 -0.013916 -0.003906 -0.001587
-0.203369 0.296509 0.995728 -0.009888 -0.006714 0.007080
-0.184692 0.314819 0.998657 -0.008911 -0.014404 0.009033
-0.177368 0.317749 0.995728 -0.015381 -0.006592 0.003662
-0.200439 0.303955 0.997925 -0.014893 -0.005737 0.002563
-0.193604 0.306641 0.995605 -0.014038 -0.010132 0.001953
-0.191895 0.305542 0.999146 -0.014038 -0.011108 -0.001221
-0.185059 0.306519 0.990967 -0.019043 -0.008545 -0.017822
-0.187378 0.307495 0.995605 -0.021729 -0.004150 -0.020386
-0.200684 0.296753 0.997192 -0.018066 -0.001465 -0.005981
-0.192993 0.304443 0.995605 -0.016846 -0.005371 0.000610
-0.195923 0.306763 0.996216 -0.016357 -0.007813 0.003296
-0.201050 0.302368 0.994019 -0.011108 -0.010620 0.020386
0.000000 0.000000 0.000000 -0.011719 -0.009888 0.014771
-0.179810 0.309204 0.998291 -0.015137 -0.002808 0.005127
-0.203247 0.301758 0.995605 -0.014893 -0.004028 0.004761
-0.191528 0.313599 0.997925 -0.015381 -0.006836 0.011353
-0.184937 0.306030 0.994019 -0.017944 -0.008545 0.006226
-0.194824 0.301270 0.996460 -0.020020 -0.009277 -0.000854
-0.187988 0.304688 0.995239 -0.018799 -0.012085 0.003052
0.000000 0.000000 0.000000 -0.015015 -0.006470 0.006836
-0.181885 0.307617 0.998779 -0.011597 -0.004761 0.005371
