-0.179199 0.511719 0.907593 -0.017334 -0.006592 -0.009155
-0.185791 0.509399 0.907593 -0.018799 -0.012329 -0.007935
-0.188965 0.501099 0.903076 -0.015991 -0.016602 0.001953
-0.176636 0.504517 0.908325 -0.016113 -0.017456 0.004517
-0.158691 0.495728 0.904541 -0.014893 -0.011597 0.005127
-0.179443 0.505127 0.913330 -0.015381 -0.004028 -0.012573
-0.167480 0.504883 0.903564 -0.019531 -0.013062 -0.032593
-0.015137 0.505371 0.869751 -0.030151 -0.069580 -0.045288
-0.235596 0.547852 0.940674 -0.020874 -0.008545 -0.016846
-0.624146 0.476318 1.009521 -0.047974 -0.118042 -0.056152
-0.267700 0.597290 0.917725 -0.031250 0.036011 -0.088989
-0.361694 0.500366 0.968384 -0.042603 -0.037476 -0.049927
-0.418579 0.516357 0.916382 -0.014282 0.021484 -0.026123
-0.270020 0.529053 0.944092 -0.013794 -0.044067 -0.000244
0.650146 0.363403 0.790283 -0.062500 -0.280640 -0.055786
-0.023315 0.514771 0.891479 -0.032104 -0.056885 -0.047974
-0.186401 0.499390 0.914551 -0.034180 -0.057739 -0.027100
-0.568970 0.368896 0.901245 -0.048950 -0.083130 -0.053589
-0.499512 0.602295 0.929077 -0.024170 -0.035645 -0.006714
-0.221924 0.575439 0.932373 -0.024414 -0.020142 -0.026733
-0.101563 0.478882 0.908325 -0.028320 -0.078979 -0.041260
-0.294556 0.342163 0.942139 -0.048096 -0.034180 -0.063477
-0.141724 0.487305 0.936646 -0.039185 -0.055420 -0.057495
-0.215210 0.426514 0.957642 -0.057861 -0.094116 -0.078369
0.263916 0.441040 0.919312 -0.057007 -0.120728 -0.082764
-0.339111 0.481812 0.938599 -0.038330 0.010986 -0.045898
-0.297974 0.502441 0.958984 -0.020142 -0.057129 -0.000854
-0.455688 0.529419 0.952759 -0.037109 -0.076416 -0.016846
-0.119263 0.549438 0.930908 -0.016602 -0.031128 0.036011
-0.488403 0.655273 1.029541 -0.059326 -0.067261 -0.013062
-0.083008 0.506226 0.878052 -0.040771 -0.065063 -0.000488
-0.021606 0.407959 0.937256 -0.048340 -0.084961 0.002930
-0.179688 0.492676 0.933350 -0.013916 -0.014526 0.051758
-0.114380 0.441528 0.915039 -0.027710 -0.024780 0.020630
-0.153687 0.474609 0.929810 -0.014160 -0.007080 0.024292
-0.133545 0.458862 0.933960 -0.011230 -0.012817 0.034424
-0.132446 0.487915 0.935181 -0.007446 -0.008057 0.067505
-0.139282 0.505737 0.938965 -0.031738 -0.019775 0.041504
-0.150269 0.484253 0.929443 -0.023193 0.005127 0.045898
-0.173096 0.484985 0.930054 -0.023071 0.000244 0.030396
-0.159912 0.462036 0.936768 -0.017456 -0.010864 0.020386
-0.149292 0.467163 0.937866 -0.008667 -0.021729 0.018433
-0.129028 0.474854 0.926636 -0.000244 -0.025024 0.030518
-0.120850 0.480713 0.935547 0.001587 -0.010498 0.026001
-0.125488 0.497437 0.928345 -0.003418 -0.003174 0.040161
-0.134766 0.481445 0.930786 -0.004883 0.001465 0.045288
-0.085571 0.486328 0.929321 -0.008057 0.011963 0.040649
-0.563354 0.191528 0.935669 -0.129639 0.155396 -0.066406
-0.187744 0.456177 0.931519 -0.018555 0.022949 0.086670
-0.182617 0.426392 0.917725 -0.017212 0.008789 0.089844
-0.260986 0.458252 0.933838 -0.082886 0.123169 0.005615
-0.086426 0.509888 0.930786 0.010864 -0.028931 0.101196
0.034180 0.578613 0.943848 -0.026367 0.029297 0.028198
-0.405151 0.062500 0.901611 -0.152344 0.118408 -0.081299
-0.128784 0.470337 0.942261 0.011719 -0.028931 0.109741
0.054688 0.563477 0.940796 -0.017090 0.031982 0.077881
-0.286987 0.371826 0.942139 -0.057373 0.074829 0.045654
-0.097778 0.490479 0.933472 -0.012817 -0.002686 0.097778
-0.333862 0.414795 0.937134 -0.073975 0.079468 0.011353
-0.188965 0.446777 0.938232 -0.041382 0.020264 0.045532
-0.124512 0.475708 0.934326 -0.015381 -0.003906 0.078369
-0.249512 0.421509 0.908203 -0.066772 0.060913 0.005127
-0.134888 0.482788 0.938354 -0.009521 0.001099 0.079102
0.005615 0.546631 0.942871 -0.026489 0.035645 0.037598
-0.497070 0.145386 0.925293 -0.104980 0.089111 -0.025391
-0.108276 0.513428 0.938354 -0.014282 -0.001587 0.090210
-0.008423 0.551392 0.936523 -0.026733 0.019897 0.075806
-1.016724 -0.161377 0.947754 -0.197632 0.194214 -0.162354
-0.046631 0.603882 0.941772 -0.023560 -0.013916 0.072144
-0.000122 -0.000122 -0.000122 -0.000122 -0.000122 -0.000122
-0.000122 -0.000122 -0.000122 -0.000122 -0.000122 -0.000122
-0.000122 -0.000122 -0.000122 -0.020630 0.015137 0.103882
-0.081177 0.526978 0.958496 -0.024414 -0.005493 0.103271
0.037354 0.541992 0.939453 -0.021484 -0.007568 0.087524
-0.212646 0.447510 0.930298 -0.105469 0.088013 -0.054077
-0.101074 0.512817 0.951050 -0.004272 -0.011719 0.098267
-0.157349 0.393311 0.921997 -0.044312 0.017822 0.094849
-0.088501 0.528442 0.962524 -0.016113 0.013672 0.115845
-0.485718 0.201904 0.916016 -0.157227 0.107544 -0.067383
-0.291504 0.099121 0.890747 -0.083252 0.024902 0.035767
-0.032349 0.664795 1.011353 -0.061646 0.003296 0.037109
0.022339 0.487427 0.891968 -0.067139 -0.003418 0.076050
-0.127930 0.565674 0.962524 -0.009766 -0.010986 0.109619
0.192871 0.769775 0.958130 -0.112061 0.049194 -0.053101
-0.245728 0.437622 0.953247 -0.002930 -0.002319 0.110596
0.177246 0.903809 0.949219 -0.093628 0.041138 -0.020874
-0.064941 0.495972 0.935059 -0.041748 0.006592 0.089844
0.050049 1.012817 1.057373 -0.116333 0.092041 -0.028564
-0.390381 0.278809 0.945068 -0.065186 0.032959 0.062622
-0.663574 -0.182495 0.957153 -0.217896 0.125732 -0.185303
-0.130981 0.448730 0.963379 -0.003540 -0.016113 0.072754
-0.120605 0.406250 0.960327 -0.068970 0.022949 0.020508
0.026489 0.791016 0.898804 -0.142456 0.088989 -0.065308
-0.051392 0.539429 0.966431 0.012573 -0.043335 0.145264
0.016846 0.482300 0.875610 -0.124756 0.073730 -0.082031
-0.083374 0.488159 0.961304 -0.017822 -0.002808 0.077026
-0.344482 0.248047 0.949463 -0.079712 0.035767 0.013062
0.027832 0.799561 0.847290 -0.148560 0.090088 -0.073242
-0.154785 0.419067 0.961914 -0.048828 0.018555 0.021729
-0.307739 0.150269 0.955811 -0.097656 0.028320 -0.039307
-0.480225 -0.119141 0.922974 -0.123535 0.040649 -0.033081
-0.118896 0.427856 0.960815 -0.015137 -0.011719 0.038818
-0.166382 0.395508 0.971680 -0.042236 0.015747 -0.005493
-0.820557 -0.237427 0.909912 -0.142944 0.080566 -0.040405
-0.158936 0.509888 0.988770 -0.008911 -0.013794 0.092651
-0.155029 0.489868 0.962036 -0.050293 0.019165 0.053223
-0.166016 0.438110 0.961670 -0.023926 -0.007202 0.064941
-0.388062 0.178833 0.962891 -0.076660 0.031372 -0.027100
-0.185181 0.385986 0.967163 -0.017456 -0.005615 0.054321
-0.119019 0.479980 0.977783 -0.038086 0.008301 0.026367
-0.851318 -0.304077 0.956665 -0.140747 0.083618 -0.091553
-0.176270 0.416260 0.960693 -0.006104 -0.025513 0.041138
-0.157471 0.403198 0.968628 -0.016113 -0.005127 0.045044
-0.173706 0.389771 0.966064 -0.035034 0.017090 -0.014038
-0.214355 0.367676 0.970337 -0.039917 0.011841 0.006226
-0.198120 0.365601 0.968262 -0.017334 -0.008667 0.060303
-0.673828 -0.172607 0.999878 -0.172241 0.133789 -0.142212
-0.072266 0.402466 0.965820 -0.006592 -0.034546 0.010254
-0.150146 0.379395 0.968262 -0.020142 -0.004272 -0.022705
-0.183960 0.378052 0.966064 -0.024414 0.009277 -0.017334
-0.219971 0.375122 0.968262 -0.018311 0.005981 0.006104
-0.204712 0.375366 0.972412 -0.012817 -0.001343 0.043823
-0.016113 0.575195 0.963135 -0.077271 0.040161 -0.010620
-0.841797 -0.532715 0.939941 -0.173584 0.079102 -0.109863
-0.144043 0.434448 0.961914 0.007935 -0.033203 0.024658
-0.174194 0.384155 0.966064 -0.011230 -0.001953 0.014160
-0.212646 0.349609 0.971191 -0.011108 0.006958 0.029297
0.073975 0.704590 0.970215 -0.046509 0.031860 -0.009521
-0.236572 0.317505 0.976929 -0.010864 -0.020142 0.054077
0.353516 1.031372 0.895874 -0.086792 0.023804 -0.018311
-0.222534 0.375854 0.968994 -0.003296 -0.013062 0.010254
-0.179077 0.372803 0.974365 -0.019287 0.003052 0.016846
-0.213623 0.356445 0.972046 -0.019409 0.000610 0.038208
-0.205078 0.387451 0.970459 -0.023926 -0.008057 0.041504
-0.029663 0.655029 0.992920 -0.054565 0.010864 0.015137
-0.074707 0.372192 0.966675 -0.006592 -0.045776 0.091797
-0.114746 0.412354 0.966675 -0.023804 -0.010498 -0.010986
-0.207764 0.365479 0.972534 -0.034668 0.014526 -0.047241
-0.249268 0.325806 0.974243 -0.026733 0.004639 -0.023193
-0.205811 0.361694 0.969360 -0.014282 -0.014160 0.021118
-0.183594 0.385010 0.969238 -0.009766 -0.012329 0.061279
-0.126099 0.415283 0.974976 -0.039063 0.015747 0.015137
-0.326050 0.195068 0.959839 -0.072754 0.020508 -0.034180
-0.193726 0.354248 0.974365 -0.022095 -0.013428 -0.015869
-0.206177 0.330688 0.976196 -0.015747 -0.006470 0.006226
-0.200317 0.383545 0.971924 -0.010376 -0.006592 0.048218
-0.189087 0.385132 0.971313 -0.022339 -0.000732 0.027222
-0.207764 0.362793 0.979004 -0.034058 0.002319 -0.042603
-0.223389 0.345337 0.975098 -0.029785 -0.003540 -0.059326
-0.207275 0.357788 0.968262 -0.020630 -0.011475 -0.052734
