-0.544189 0.893311 1.801514 -0.002441 -0.006592 0.002075
-0.519043 0.940430 1.819580 -0.002563 -0.006348 0.000000
-0.507080 0.928223 1.804199 -0.004028 -0.004761 -0.001953
-0.511719 0.910645 1.802979 -0.003784 -0.002563 0.004761
-0.565430 0.917969 1.810059 -0.003784 -0.001465 0.003296
-0.567383 0.889404 1.814209 -0.002686 -0.003906 0.002075
-0.520508 0.930420 1.807617 -0.001465 -0.005249 0.006592
-0.502686 0.956543 1.798584 -0.003052 -0.004150 0.006470
-0.538086 0.918701 1.807617 -0.005249 -0.002563 0.002319
-0.527344 0.907959 1.812500 -0.005005 -0.002808 0.000854
-0.519775 0.921143 1.815918 -0.004517 -0.002319 0.001099
-0.541748 0.911621 1.811279 -0.004272 -0.001831 0.000610
-0.562256 0.881836 1.812744 -0.003296 -0.003052 -0.000122
-0.542480 0.885498 1.812256 -0.000610 -0.004883 0.008911
-0.499023 0.919922 1.809570 0.000488 -0.004272 0.015259
-0.519531 0.976318 1.803223 -0.000732 -0.002930 0.010254
-0.513428 0.932861 1.811768 -0.003174 -0.002441 0.007568
-0.523193 0.920410 1.810059 -0.003296 -0.001953 0.011353
-0.525146 0.951904 1.809082 -0.002930 -0.002319 0.006714
-0.539063 0.898438 1.804932 -0.003052 -0.003052 -0.001343
-0.517578 0.928223 1.817383 -0.000732 -0.004028 0.008179
-0.491699 0.984131 1.808838 -0.001099 -0.003174 0.007080
-0.519043 0.950439 1.814453 -0.003662 -0.001343 0.002441
-0.521484 0.940918 1.809570 -0.004272 -0.001709 0.002930
-0.493164 0.962402 1.801514 -0.004150 -0.002075 0.003906
-0.493164 0.955811 1.807861 -0.006104 -0.000122 -0.003296
-0.534912 0.913330 1.814209 -0.006714 0.000732 -0.005371
-0.563477 0.869385 1.816650 -0.005127 -0.001343 -0.004395
-0.521973 0.906494 1.810303 -0.001587 -0.003540 0.004517
-0.515869 0.930664 1.814453 0.000366 -0.003784 0.012329
-0.498535 0.988281 1.828369 -0.001343 -0.003906 0.009888
-0.290039 0.554443 1.702393 -0.016235 -0.007446 -0.014771
-1.211182 0.398438 1.879639 -0.006836 -0.002563 0.003296
-0.558105 0.728027 1.833740 -0.010864 -0.000122 -0.003662
-0.490967 0.729004 1.781006 -0.019775 -0.005493 -0.019531
-0.599365 0.922363 1.804443 -0.005859 -0.000366 0.003174
-0.534180 0.918945 1.811523 -0.004150 -0.004761 0.003906
-0.507080 0.946045 1.839111 -0.003906 -0.006470 0.000610
-0.369385 0.925293 1.792480 -0.008179 -0.010620 -0.008667
-0.450928 0.859131 1.792725 -0.011841 -0.010498 -0.020264
-0.198242 1.060059 1.732178 -0.011841 -0.021362 -0.031250
-0.721924 1.084717 1.855469 -0.014648 -0.008545 -0.038818
-0.702148 0.776367 1.807373 -0.016968 -0.010742 -0.040649
-0.585205 0.830566 1.813232 -0.009644 -0.008911 -0.020020
-0.719971 1.030029 1.810059 -0.004272 -0.031250 -0.016357
-0.398438 0.904785 1.790039 -0.006104 -0.013428 -0.007813
-0.284668 1.193115 1.879639 -0.009888 -0.045044 -0.023193
-0.313477 1.007813 1.701660 -0.022827 -0.000366 -0.030518
-0.620850 0.879150 1.838379 -0.016724 0.001221 -0.016846
-0.544189 0.778564 1.831543 -0.012329 -0.005493 -0.011719
-0.577393 0.782959 1.931396 -0.015503 -0.015259 -0.022339
0.153076 0.635010 1.653564 -0.017334 -0.020020 -0.025146
-0.586182 1.029053 1.848389 -0.013550 -0.014282 -0.017334
-0.190186 0.953369 1.852783 -0.013062 -0.016724 -0.028931
-0.177490 0.650635 1.699463 -0.026978 -0.016968 -0.062988
-0.758301 0.716064 1.868652 -0.013672 0.000488 -0.017090
-0.783203 0.908203 1.981201 -0.006836 -0.010376 0.003906
-0.575195 0.896973 1.933350 -0.003662 -0.010010 0.011353
0.168701 0.793701 1.740723 -0.011841 -0.035400 -0.008911
0.028076 0.937988 1.802979 -0.017334 -0.017822 -0.006226
-0.552979 0.764893 1.919922 -0.024780 -0.015503 -0.036011
-0.645264 0.678223 1.854736 -0.018311 -0.003540 -0.016602
-0.330566 0.689697 1.776855 -0.013794 -0.006470 -0.009521
-0.560059 0.833496 1.889648 -0.005005 -0.007446 0.008789
-0.452393 0.783691 1.872559 -0.003174 -0.006226 0.020996
-0.605957 1.066895 2.103271 -0.005493 -0.005371 0.038818
-0.772949 1.183594 2.023682 -0.017700 -0.005615 0.041382
-0.699219 0.289795 1.832764 -0.040771 -0.015991 -0.011230
-0.659180 0.717773 1.866943 -0.016968 0.000732 0.009521
-0.639160 0.762451 1.883057 -0.010010 0.002686 0.000244
-0.458984 0.712646 1.884766 -0.007446 -0.004761 -0.016968
-0.425293 0.770264 1.895020 -0.003784 -0.002197 -0.026245
-0.449951 0.804932 1.897705 -0.004761 0.001831 -0.030518
-0.521484 0.741455 1.896973 -0.005859 0.003540 -0.025146
-0.546387 0.752930 1.895264 -0.003052 0.000977 -0.006714
-0.489258 0.777100 1.894043 -0.002197 -0.000854 0.001709
-0.461914 0.805420 1.898682 -0.002563 0.000488 0.001831
-0.496338 0.756104 1.890625 -0.004028 0.003052 -0.001343
-0.523438 0.767822 1.898193 -0.002441 0.002075 0.004761
-0.501221 0.763428 1.884766 -0.001587 0.000610 0.012207
-0.483643 0.792969 1.892578 -0.000732 0.001831 0.016602
-0.378174 0.855713 1.886963 -0.003540 0.006958 0.011475
-0.071289 1.362793 1.825195 -0.014893 0.024414 0.013184
-0.374756 1.259521 1.833740 -0.011353 0.018066 0.027710
-0.294189 1.186768 1.882813 0.019897 -0.019653 0.058105
-0.023193 1.108887 1.858398 0.003174 -0.000732 0.022461
-0.599121 -0.132813 1.928711 -0.035522 0.027466 -0.021118
-0.411865 0.827881 1.878906 -0.000244 -0.004395 0.021973
-0.996826 0.608154 1.917969 -0.016724 0.020996 0.007446
-0.534912 0.438965 1.839111 -0.029663 0.018433 -0.008667
-0.422363 0.956787 1.934570 -0.004517 0.001099 0.022461
-0.409180 0.588379 1.902832 -0.007568 0.003296 0.020508
-0.264404 0.973877 1.878174 0.004150 -0.005981 0.030640
-0.069824 1.232178 1.806641 -0.021240 0.020020 -0.005737
-0.942627 0.351563 1.882568 -0.036255 0.024658 -0.018921
-0.279785 0.995361 1.886475 0.004272 -0.008789 0.036499
-0.400879 0.908936 1.884033 -0.013550 0.004517 0.013428
-0.520996 0.559326 1.899414 -0.018433 0.008423 0.008179
-0.411377 0.891113 1.887695 -0.001709 -0.002197 0.018799
-0.460205 0.822021 1.908203 -0.014893 0.006348 -0.002441
-0.987793 0.412598 1.909424 -0.030884 0.020142 -0.017212
-0.947510 -0.381348 1.873291 -0.033081 0.007202 -0.012817
-0.316895 0.839600 1.895508 0.002808 -0.006958 0.036987
-0.201172 1.172363 1.846924 -0.018188 0.010864 0.003418
-0.570801 0.999023 1.894775 -0.001831 -0.001465 0.027344
-0.431885 0.860107 1.898926 -0.000732 -0.001221 0.031372
-0.495361 0.816895 1.907715 -0.007080 0.003540 0.016968
-0.803467 0.710693 1.953857 -0.036133 0.020874 -0.016113
-0.603271 0.616455 1.991943 -0.039917 0.015259 -0.017578
-0.372803 0.953125 1.885986 -0.003784 -0.002319 0.032715
-0.734375 0.863525 1.897705 -0.033325 0.019043 -0.024292
-0.513184 0.876709 1.900635 0.002930 -0.004883 0.026123
-0.409424 0.898193 1.915283 -0.001221 -0.000122 0.031250
-0.660889 0.864746 1.902832 -0.028076 0.017944 -0.005615
0.106934 1.664063 1.954834 -0.003784 0.002319 0.033447
-0.706055 1.249756 1.948730 -0.049316 0.018799 -0.037476
-0.302490 1.462402 1.884521 -0.009888 0.004761 0.020020
-0.533691 1.238525 1.925293 -0.015381 0.008667 0.009399
-0.319092 1.052246 1.922119 -0.020386 0.006104 -0.006592
-0.496582 1.050781 1.911377 -0.005981 0.004028 0.023804
-0.250000 1.228271 1.973145 -0.010010 0.007568 0.008789
-0.788086 0.417236 1.898682 -0.054810 0.026978 -0.054321
-0.416992 0.854004 1.924072 -0.005249 0.002075 0.015747
-1.198486 0.122070 1.948975 -0.046143 0.022217 -0.040405
-0.452637 0.747314 1.908447 -0.001099 -0.005981 0.013550
-0.927979 0.041504 1.924561 -0.021973 0.009155 -0.002686
-1.124268 -0.754639 1.878174 -0.034302 0.009888 -0.023315
-0.248779 1.331543 1.943848 -0.008179 0.000244 0.008667
-0.701660 0.474609 1.907471 -0.019775 0.004761 -0.009644
-0.402100 1.175537 1.902832 -0.005859 -0.000977 0.017822
-0.583496 0.857910 1.919678 -0.006226 -0.002808 0.007446
-0.590332 0.624023 1.915771 -0.006226 -0.001587 0.010498
-0.769531 0.443604 1.915527 -0.023071 0.008301 -0.008301
-0.594482 0.652588 1.934082 -0.010010 0.001587 0.011230
-1.152588 -0.129150 1.948975 -0.041138 0.012085 -0.030396
-0.355713 0.995605 1.967285 -0.000122 -0.005615 0.020264
-0.611084 0.844971 1.920166 -0.003784 -0.003174 0.023926
-0.580811 0.695801 1.921875 -0.003174 -0.001587 0.011475
-0.625977 0.610596 1.921387 -0.004883 -0.000732 0.011230
-0.592285 0.591064 1.917969 -0.005859 -0.000488 0.004395
-0.627930 0.602783 1.929932 -0.005615 0.000122 0.000977
-0.644775 0.542725 1.928467 -0.004761 -0.001343 -0.000122
-0.597656 0.599854 1.927979 -0.002686 -0.002563 0.008911
-0.575195 0.690186 1.927734 -0.004639 -0.000854 0.008667
-0.625488 0.624023 1.923828 -0.007935 0.000488 0.001709
-0.624023 0.604004 1.913818 -0.007690 -0.000854 -0.008423
-0.617676 0.611816 1.925293 -0.006958 -0.002441 -0.016724
-0.604736 0.575439 1.921875 -0.007690 -0.002319 -0.019409
-0.650146 0.497559 1.929688 -0.006470 -0.001709 -0.008667
-0.581299 0.599365 1.920654 -0.002686 -0.002686 0.007690
