-0.124390 0.450562 0.954224 -0.010498 -0.009888 0.018311
-0.116089 0.448853 0.950928 -0.018677 -0.006714 0.009277
-0.127197 0.433228 0.951538 -0.022217 0.000732 -0.004395
-0.136597 0.432739 0.950317 -0.017578 -0.003296 0.008667
-0.136230 0.429199 0.957275 -0.011719 -0.006836 0.005493
-0.120483 0.441528 0.955444 -0.011353 -0.008789 0.001099
-0.129150 0.444214 0.951172 -0.014404 -0.004883 -0.000977
-0.124512 0.442505 0.955078 -0.017822 -0.003418 -0.004883
-0.141357 0.423828 0.955688 -0.016235 -0.003906 -0.002686
-0.121826 0.440430 0.951660 -0.010376 -0.004883 0.005493
-0.121094 0.433105 0.958252 -0.011719 0.001343 0.005737
-0.140503 0.440430 0.954712 -0.012451 0.000366 0.001587
-0.142334 0.439453 0.955322 -0.015869 -0.008301 -0.006348
-0.134888 0.432495 0.957031 -0.017456 -0.012817 -0.005127
-0.119141 0.425293 0.950439 -0.015625 -0.014282 0.003540
-0.115845 0.435303 0.954224 -0.012695 -0.007446 0.006348
-0.140869 0.439697 0.955933 -0.012817 -0.004883 0.005981
-0.136841 0.447510 0.952881 -0.015015 -0.015137 0.007202
-0.132935 0.429199 0.955566 -0.019653 -0.024658 0.003906
-0.106201 0.436157 0.954956 -0.009155 -0.017700 0.021973
-0.117554 0.430786 0.955811 -0.006958 -0.003418 -0.000122
-0.129639 0.450806 0.954224 -0.006348 -0.001099 -0.001465
-0.116821 0.442017 0.954468 -0.013184 -0.000244 -0.001709
-0.121338 0.438599 0.953369 -0.016113 0.001099 -0.001465
-0.129028 0.427124 0.949341 -0.012329 0.002563 0.002075
-0.136230 0.421387 0.953979 -0.005737 -0.000977 0.008057
-0.133789 0.435181 0.955322 0.000854 -0.004395 0.015503
-0.126221 0.454712 0.953857 -0.002563 -0.005493 0.021606
-0.121948 0.459839 0.950928 -0.015137 -0.003418 0.002319
-0.130127 0.447388 0.948364 -0.023560 -0.000977 -0.016357
-0.134155 0.428223 0.952026 -0.019409 -0.001831 -0.003418
-0.146973 0.431152 0.952759 -0.008057 -0.009644 0.011353
-0.141846 0.434814 0.951294 0.000366 -0.020996 0.015625
-0.132690 0.440552 0.954102 0.001831 -0.028442 0.022705
-0.121216 0.455566 0.948486 0.000488 -0.029907 0.020020
-0.120850 0.457886 0.944214 -0.009033 -0.025513 0.007568
-0.112915 0.443237 0.950317 -0.017822 -0.019043 -0.009399
-0.119995 0.437378 0.954590 -0.015869 -0.014526 -0.008789
-0.136475 0.438232 0.954590 -0.013306 -0.016113 -0.003540
-0.120728 0.447144 0.954590 -0.011719 -0.021484 0.009033
-0.089722 0.441772 0.949585 -0.015747 -0.013794 0.000610
-0.108276 0.444946 0.952637 -0.016235 0.005005 -0.007080
-0.163818 0.429810 0.956909 -0.011475 0.002441 0.000366
-0.224365 0.458252 0.952271 0.010864 -0.016113 0.033081
-0.094971 0.484253 0.946289 -0.001465 -0.031982 0.027710
-0.100342 0.460327 0.953125 -0.010254 -0.014648 0.015625
-0.137573 0.438354 0.954834 -0.011719 -0.014648 0.030396
-0.153320 0.447266 0.956177 -0.004761 -0.021606 0.045776
-0.159302 0.451050 0.950928 -0.003174 -0.043091 0.040771
-0.128052 0.428711 0.963379 0.009399 -0.057373 0.063843
-0.101929 0.444946 0.881958 -0.073975 -0.146118 0.012329
0.110229 0.409058 0.928711 -0.041870 -0.109131 0.051025
-0.091309 0.518311 0.973022 -0.028076 -0.011353 0.008057
-0.312012 0.396729 0.962769 -0.033447 0.025269 -0.062622
0.172729 0.306519 0.907104 -0.058105 -0.076172 -0.027588
-0.327515 0.366333 0.971558 -0.058472 -0.082764 0.037720
-0.394653 0.634888 1.082764 -0.022339 -0.040161 0.017822
-0.297729 0.777344 1.095947 0.021729 -0.005981 0.054688
-1.027832 0.645386 1.218140 0.039307 0.040161 -0.009155
0.108521 0.388184 0.910400 -0.025757 -0.086548 -0.040405
-0.929932 1.064453 0.992554 -0.054810 -0.153076 0.046753
-0.854736 0.711182 1.170044 0.002686 -0.074707 0.026367
-0.224243 0.311646 0.966675 0.002075 -0.038330 -0.030396
-0.026611 0.627808 0.987305 -0.076782 -0.139160 -0.040527
-0.254883 0.414063 0.991455 -0.043823 -0.131592 0.038818
0.531372 0.466064 0.841064 -0.104858 -0.187622 0.049316
0.178589 -0.035645 0.945923 -0.168213 -0.151611 -0.030273
0.226807 0.321655 0.936157 -0.038330 -0.053467 0.059570
-0.128418 0.440552 0.958252 -0.028687 0.041626 -0.011719
-0.141968 0.410522 0.979004 -0.024902 0.025757 -0.058350
-0.061401 0.364990 0.970581 -0.010498 -0.011108 -0.016479
-0.009277 0.391357 0.968750 0.015747 -0.000732 0.034790
-0.007813 0.426514 0.971924 0.026123 0.032837 0.066040
-0.025879 0.458618 0.970947 0.013184 0.066528 0.050537
-0.036987 0.435547 0.972656 -0.006714 0.092773 0.048096
0.127930 0.375854 0.931152 -0.104126 0.249268 -0.055664
-0.051025 0.448486 0.975342 0.007935 0.018799 0.093262
-1.498047 -0.458984 0.986450 -0.178101 0.272583 -0.146362
0.098022 0.460938 0.977295 0.019531 -0.036743 0.076660
-0.828247 0.010498 0.973999 -0.105347 0.174072 0.013428
0.183594 0.495972 0.955566 0.028442 -0.041504 0.130127
-0.287720 0.053833 0.952515 -0.079956 0.062744 0.046631
0.439697 1.003906 0.998779 -0.093750 0.165039 -0.015503
-0.019531 0.499146 0.981079 0.035522 -0.047852 0.214111
-0.145020 0.268066 0.846069 -0.221069 0.220581 -0.120972
0.107300 0.419189 0.966797 0.005005 -0.012695 0.183105
0.006104 0.500122 0.970337 -0.004272 -0.021973 0.083984
-0.432007 0.198364 0.995239 -0.098022 0.115112 -0.024048
0.315308 0.393188 0.932129 -0.078003 0.023926 0.053833
-0.149414 0.443848 0.963745 -0.035645 0.034546 0.155029
0.230957 0.865112 0.946411 -0.071533 0.110718 0.100830
0.119629 0.383179 1.018066 -0.076172 0.035034 0.152588
0.018311 0.410156 0.977417 0.012573 -0.053223 0.189697
-0.597046 -0.023926 0.965942 -0.220459 0.177856 -0.166260
-0.111206 0.347046 0.981201 -0.022339 -0.006592 0.105469
-0.081055 0.491821 1.004272 -0.099487 0.077637 0.015747
-0.099243 0.032959 0.925659 -0.192139 0.126953 -0.000610
0.146240 0.487793 1.007202 0.016724 -0.052734 0.212891
-0.766846 -0.574829 0.933228 -0.282837 0.196045 -0.157715
0.135132 0.499146 0.947144 -0.094849 0.030396 -0.001343
0.590820 1.039551 0.987549 -0.062134 0.026978 0.054443
-0.002441 0.423340 0.993896 0.003906 -0.017578 0.220093
-0.757690 -0.124146 0.966187 -0.139893 0.102661 0.025146
-0.093872 0.604980 1.019409 -0.152344 0.104614 -0.078003
-0.012573 0.436157 1.006104 0.003296 -0.013428 0.111084
-0.156738 0.322632 0.940063 -0.112549 0.075073 0.020386
-0.074341 0.423706 0.988647 -0.004150 -0.002441 0.072266
0.000122 0.471191 0.998779 -0.032959 0.030518 0.002319
-0.052002 0.357056 0.969360 -0.029297 0.000488 0.013672
-0.077271 0.453613 0.993652 -0.015137 0.006226 0.029907
-0.317627 -0.072998 0.990601 -0.197266 0.129150 -0.153687
-0.155273 0.180420 0.978394 -0.077271 0.024048 -0.036499
-0.089722 0.365356 0.987549 -0.033936 0.009277 -0.054932
-0.126343 0.357544 0.985352 -0.039063 0.012939 -0.104858
-0.136475 0.341431 0.988281 -0.040649 0.003418 -0.144043
-0.136719 0.337402 0.991821 -0.032593 -0.002197 -0.139282
-0.125977 0.342896 0.993042 -0.028076 -0.004761 -0.107666
-0.144287 0.337524 0.989746 -0.027100 0.000244 -0.071655
-0.150391 0.335815 0.992798 -0.022583 -0.003418 -0.045410
-0.127441 0.365234 0.989014 -0.019775 -0.003174 -0.025513
-0.152588 0.341919 0.989014 -0.027222 0.002197 -0.045166
-0.153198 0.335205 0.991089 -0.025391 -0.001099 -0.041504
-0.151489 0.328857 0.993774 -0.020508 -0.006836 -0.029785
-0.149170 0.331055 0.993408 -0.015991 -0.010986 -0.016479
-0.139648 0.343262 0.991943 -0.013794 -0.009399 -0.013184
-0.138062 0.347900 0.986206 -0.015503 -0.002075 -0.013184
-0.153442 0.342773 0.991821 -0.017822 -0.000977 -0.018555
-0.155273 0.344360 0.987793 -0.019043 -0.006958 -0.018311
-0.146118 0.343140 0.993164 -0.019775 -0.010376 -0.017090
-0.146118 0.335449 0.990112 -0.015259 -0.011475 0.003906
-0.144653 0.345825 0.988281 -0.009155 -0.013672 0.014160
-0.141479 0.340454 0.990356 -0.013428 -0.012451 -0.004517
-0.135620 0.352661 0.993286 -0.015625 -0.014160 -0.005127
-0.132935 0.348633 0.989380 -0.017334 -0.008057 -0.005493
-0.145996 0.337158 0.996582 -0.020386 -0.006226 -0.014038
-0.154053 0.331787 0.992065 -0.017090 -0.009277 -0.005981
-0.148193 0.331665 0.990112 -0.012085 -0.012695 0.004517
-0.136597 0.337646 0.994019 -0.008667 -0.010986 0.020020
-0.146484 0.350708 0.988159 -0.009521 -0.004883 0.011841
-0.149170 0.328125 0.993164 -0.013672 -0.008057 0.008545
-0.147461 0.340942 0.994263 -0.013306 -0.013062 0.008057
-0.139038 0.336670 0.992310 -0.009644 -0.012451 0.011475
-0.133911 0.339478 0.988770 -0.007690 -0.011108 0.022583
-0.144897 0.350708 0.990112 -0.008667 -0.008057 0.024414
-0.149048 0.351563 0.990234 -0.007690 -0.014160 0.027466
-0.141846 0.343140 0.988647 -0.007446 -0.012695 0.019043
-0.141235 0.351929 0.990845 -0.005859 -0.010254 0.025024
-0.140991 0.359741 0.991943 -0.012207 -0.009644 0.019165
-0.136108 0.356445 0.992188 -0.018799 -0.008301 0.003052
-0.143555 0.344116 0.993652 -0.020996 -0.006592 -0.010010
