-0.580811 0.844482 1.815674 -0.003540 -0.003174 0.000732
-0.550293 0.881348 1.819092 -0.001587 -0.004028 0.005981
-0.542969 0.897217 1.819336 -0.000977 -0.003296 0.008301
-0.552002 0.911865 1.816650 -0.001953 -0.001953 0.005371
-0.554688 0.921143 1.817627 -0.004028 -0.001465 -0.002808
-0.575928 0.874268 1.822266 -0.005127 -0.001465 -0.004028
-0.579102 0.883789 1.820068 -0.003906 -0.002319 0.000244
-0.567383 0.884033 1.817627 -0.003540 -0.003296 -0.002441
-0.555176 0.877441 1.822510 -0.002808 -0.003296 0.000244
-0.553467 0.888672 1.815674 -0.002563 -0.002563 0.002808
-0.571289 0.904297 1.824463 -0.002075 -0.001587 0.006836
-0.553223 0.879395 1.818115 -0.002197 -0.001953 0.007324
-0.553711 0.894775 1.818359 -0.001221 -0.001099 0.012817
-0.553711 0.890381 1.812012 -0.002563 -0.000488 0.009521
-0.597900 0.935791 1.817627 -0.002563 -0.000366 0.006836
-0.570801 0.913818 1.829102 -0.003662 -0.001587 0.007446
-0.582764 1.124512 1.889160 -0.008667 -0.003418 0.001953
-0.549316 0.901855 1.807373 -0.007446 -0.000732 0.001343
-0.598389 0.870361 1.811035 -0.005493 -0.000488 -0.000854
-0.568604 0.879639 1.816162 -0.003784 -0.003174 0.001343
-0.537109 0.907715 1.819580 -0.003052 -0.003662 0.001221
-0.537354 0.920410 1.817871 -0.004517 -0.001953 0.003174
-0.544189 0.911621 1.826416 -0.006348 -0.000610 -0.001343
-0.544434 0.899170 1.812744 -0.007690 0.000854 -0.003418
-0.564453 0.870605 1.822754 -0.007324 0.001221 0.000732
-0.605225 0.858887 1.818604 -0.006348 -0.000122 0.000610
-0.584229 0.847656 1.820801 -0.003296 -0.002930 0.007935
-0.530518 0.899658 1.816895 -0.000977 -0.003906 0.012817
-0.543945 0.903320 1.822510 -0.001465 -0.002319 0.008301
-0.564941 0.905029 1.850830 -0.002197 -0.002319 0.008667
-1.093506 0.399170 1.907471 -0.006348 -0.008057 0.003052
-0.515381 1.217285 1.885498 0.004272 -0.017700 0.011719
-0.631348 0.930908 1.832520 -0.015869 -0.004761 -0.019409
-0.836182 0.908936 1.933105 -0.017578 -0.005493 -0.029297
-0.974854 0.712891 1.811035 -0.016479 -0.012207 -0.034668
-0.603271 0.696533 1.816406 -0.011475 -0.000366 -0.020996
-0.635742 0.819580 1.905762 -0.009888 -0.010742 -0.016357
-0.293945 0.605957 1.768066 -0.016846 -0.012207 -0.037354
-0.053223 0.922363 1.660400 -0.012329 -0.014526 -0.023315
-0.013428 0.748779 1.665283 -0.011230 -0.011841 -0.009766
0.471436 1.203125 1.642334 -0.004517 -0.038452 -0.011230
-0.757080 1.061523 2.084961 0.004028 -0.019409 0.004761
-0.586914 0.679932 1.851807 -0.015625 -0.012329 -0.033569
-0.358643 0.653564 1.835449 -0.021484 -0.027588 -0.044556
-0.707520 0.629150 1.836914 -0.015625 0.009277 -0.019409
-0.709961 0.788330 1.907227 -0.008057 -0.003662 0.001831
-0.875977 0.843506 2.070313 -0.003662 -0.012207 0.011719
-0.487549 0.670410 1.829590 -0.007935 -0.011353 -0.009644
0.459961 0.767090 1.720703 -0.017944 -0.026489 -0.023560
-0.381836 1.080322 1.777832 -0.001587 -0.019287 -0.004517
-0.891602 1.014893 1.908936 -0.010620 -0.012573 -0.010986
-0.792480 0.785889 1.941162 -0.016968 0.000610 -0.007813
0.192383 0.779785 1.723633 -0.024780 -0.023438 -0.020508
-0.787109 0.951172 1.886963 -0.012695 0.000122 0.008789
-0.708008 0.646973 1.891846 -0.015625 -0.013916 -0.012817
-0.794189 0.979736 1.927490 -0.009766 -0.009033 -0.006714
-0.585938 0.686279 1.837402 -0.011841 0.000610 -0.000854
-0.679688 0.949463 1.856445 -0.011108 -0.004272 0.006958
-0.356934 0.836182 1.841553 -0.012573 -0.012085 -0.002075
-0.576660 0.780762 1.864746 -0.008667 0.004639 0.003784
-0.619629 0.742432 1.883789 -0.006104 0.000732 0.005005
-0.546387 0.719727 1.884277 -0.000610 -0.005127 0.013062
-0.463867 0.821289 1.883057 0.002686 -0.005615 0.020508
-0.479248 0.854736 1.876465 -0.000122 -0.002197 0.014404
-0.506592 0.819824 1.881104 -0.004272 -0.000977 0.005127
-0.506836 0.782471 1.877441 -0.005371 -0.000488 0.002197
-0.525146 0.761230 1.882324 -0.003052 -0.000732 0.006592
-0.513672 0.830811 1.913574 -0.000488 -0.002075 0.020874
-0.552246 0.545410 1.869629 -0.012451 -0.010620 0.013184
-0.537598 0.778809 1.917725 -0.009155 -0.005981 0.016724
-0.556152 0.833252 1.856934 -0.005615 0.002563 0.009277
-0.537109 0.777832 1.885254 -0.005127 0.000610 -0.001953
-0.489990 0.756348 1.886475 -0.003296 -0.001587 -0.000366
-0.482422 0.824463 1.888672 -0.001099 -0.001465 0.008301
-0.488770 0.791748 1.887451 -0.002441 -0.000122 0.009277
-0.498779 0.807129 1.893555 -0.002075 0.000366 0.009155
-0.498779 0.784668 1.884277 -0.002441 -0.000244 0.005859
-0.493896 0.791748 1.880859 -0.001587 -0.000732 0.007813
-0.485107 0.791748 1.883789 -0.001099 0.000610 0.015747
-0.486572 0.809814 1.885498 -0.000488 0.001099 0.017212
-0.408691 0.928467 1.890869 -0.004395 0.004272 0.010986
-0.537598 0.889404 1.876221 -0.013672 0.015503 0.008667
-0.881836 0.544678 1.876953 -0.011841 0.011353 0.010620
-0.085693 1.148438 1.890869 0.003418 -0.006226 0.016235
-1.054932 0.195068 1.978760 -0.023193 0.023438 0.000977
-0.518555 0.552979 1.837402 -0.008179 -0.001465 0.014648
-0.882568 0.291748 1.908447 -0.010986 0.008911 0.020264
-0.647705 1.107910 1.875732 -0.023193 0.018677 0.002075
-0.381348 1.125000 1.896729 0.002930 -0.002686 0.029907
-0.626953 0.928955 1.862305 -0.019775 0.018066 0.005615
-0.589111 0.691162 1.883789 -0.007202 0.000977 0.013184
-0.314209 0.960938 1.878662 -0.000366 -0.002197 0.016235
-1.033936 -0.133545 1.878418 -0.048340 0.036987 -0.032715
-0.554199 0.685303 1.897949 0.000732 -0.005249 0.028564
0.017578 1.279785 1.870605 -0.000122 -0.001465 0.036865
-0.714600 -0.066406 1.876953 -0.046509 0.026123 -0.023682
-0.491943 0.819092 1.879150 -0.001831 -0.002563 0.022949
-0.567871 0.810791 1.878906 -0.012573 0.007446 0.010986
-0.506104 0.749023 1.868652 -0.005981 -0.001343 0.012207
-0.459229 0.843506 1.889160 0.000610 -0.002563 0.018555
-0.473877 0.833984 1.888428 -0.002563 -0.000244 0.014160
-0.396729 0.967041 1.895508 -0.006348 0.003418 0.009521
-0.585938 0.545654 1.859619 -0.042969 0.021729 -0.040649
-0.631836 0.701416 1.888672 -0.001953 -0.004150 0.016968
-0.332520 1.340088 1.855957 -0.010376 0.004517 0.008423
-1.093506 0.289063 1.928467 -0.013062 0.005249 0.006470
-0.272217 0.941162 1.900879 0.006958 -0.013306 0.028687
-1.424561 -0.785400 1.941895 -0.057373 0.030762 -0.044800
-0.396484 0.705322 1.886475 -0.014893 -0.000732 0.004517
-0.696777 0.615723 1.881836 -0.024292 0.007080 -0.002075
-0.446289 0.844727 1.888428 0.001587 -0.005371 0.021973
-0.009033 1.762939 1.861328 -0.009155 0.002686 0.009277
-0.588379 0.560791 1.876953 -0.024902 0.012939 -0.006226
-0.492920 0.796631 1.831787 -0.021606 0.005981 0.008911
-0.729248 0.814209 1.926758 -0.004150 -0.002319 0.029053
-0.177734 1.236084 1.881592 -0.007690 -0.004761 0.021973
-0.570557 0.743408 1.904053 -0.027832 0.010864 -0.012329
-0.421875 0.907715 1.903076 0.001587 -0.002563 0.038696
-0.625488 0.409912 1.884277 -0.021240 0.011353 0.007813
-0.905762 -0.326904 1.881592 -0.036011 0.016479 -0.018677
-0.660889 0.400391 1.879639 -0.023926 0.008545 -0.004639
-1.146240 -0.236084 1.909180 -0.028687 0.010498 -0.005859
-0.355957 0.895996 1.895752 0.001587 -0.005981 0.034546
-0.301758 1.099121 1.936523 -0.016602 0.005249 0.006714
-0.485107 0.862305 1.883301 -0.016113 0.006348 0.009033
-0.519775 0.854492 1.919189 -0.005005 0.001587 0.031616
-1.089355 -0.268066 1.866455 -0.034424 0.013062 -0.010620
-0.505371 0.642090 1.897705 -0.000122 -0.003540 0.022949
-0.466553 0.806885 1.909668 -0.001465 -0.002075 0.022461
-0.437744 1.001465 1.925293 -0.011475 0.003418 0.001831
-0.730713 0.189453 1.880371 -0.027588 0.007935 -0.015869
-0.572021 0.672607 1.910400 -0.000854 -0.003906 0.020996
-0.528076 0.784180 1.867432 -0.017944 0.001343 0.003906
-0.223633 1.358398 1.878174 -0.012817 0.001953 0.001221
-0.454834 1.099121 1.914063 0.002686 -0.006104 0.024902
-0.285156 1.255371 1.921143 -0.012207 0.001221 0.006714
-0.552734 0.869873 1.928467 -0.000122 -0.002686 0.024414
-0.902832 0.163818 1.868164 -0.023926 0.008911 0.000488
-0.440186 0.872559 1.934570 -0.000854 -0.002930 0.024902
-0.549561 0.256592 1.901855 -0.033325 0.006958 -0.020752
-0.576416 0.682617 1.910400 -0.001099 -0.006226 0.017334
-0.672607 0.224609 1.846436 -0.018188 -0.001709 -0.002075
-0.451904 0.672363 1.916016 -0.001709 -0.004028 0.012207
-0.324463 1.076660 1.964844 -0.016113 0.005249 0.006714
-0.394043 0.560303 1.889893 -0.033203 0.007568 -0.016113
-0.601563 0.328857 1.917480 -0.021606 0.001587 0.000488
-0.487305 0.752930 1.908691 0.000244 -0.008545 0.007690
-0.491211 0.639648 1.916504 -0.003784 -0.002563 0.000854
-0.517090 0.699219 1.919678 -0.002441 0.000122 0.015381
-0.515625 0.755615 1.917969 -0.005005 0.002441 0.023193
