-0.227539 0.446777 0.911621 -0.019287 0.013062 -0.020142
-0.217651 0.423462 0.943115 -0.020142 0.002686 0.013428
-0.228516 0.454956 0.917603 -0.027222 -0.004517 -0.012085
-0.220825 0.418579 0.940430 -0.049194 -0.012573 0.000366
-0.224487 0.427246 0.941162 -0.034180 -0.013550 0.019043
-0.223511 0.428589 0.928711 -0.029907 -0.022461 0.032471
-0.218506 0.435181 0.942627 -0.039307 -0.022461 0.026367
-0.218506 0.443359 0.948608 -0.040283 -0.016235 0.031982
-0.220459 0.442383 0.954102 -0.001221 -0.011719 0.009644
-0.193970 0.406860 0.938354 -0.019653 -0.006470 -0.020508
-0.216309 0.435059 0.940796 -0.023560 -0.000977 -0.029297
-0.219971 0.417358 0.938599 -0.023315 -0.001221 -0.030762
-0.233521 0.400269 0.942261 -0.012329 -0.008179 0.010498
-0.208984 0.423706 0.941284 -0.004028 -0.014526 0.034546
-0.225952 0.419067 0.941650 -0.003662 -0.014526 0.023926
-0.220581 0.434814 0.940186 -0.001709 -0.023438 0.018311
-0.197021 0.434570 0.936768 0.002808 -0.022461 0.023926
-0.199219 0.428711 0.940430 -0.010498 -0.013062 -0.039307
-0.207153 0.388184 0.947021 -0.000732 -0.008301 -0.004272
-0.206665 0.473999 0.933716 0.001709 -0.005737 0.040649
-0.210449 0.415649 0.939209 -0.009155 -0.004150 0.020752
-0.214844 0.432251 0.939941 -0.012573 -0.008423 -0.016235
-0.215210 0.429443 0.945313 -0.003906 -0.014160 -0.008789
-0.232544 0.415894 0.938354 -0.002930 -0.019165 0.007690
-0.220337 0.399536 0.942017 0.006348 -0.029541 0.036255
-0.168945 0.469238 0.938354 -0.000977 -0.028687 0.025757
-0.166382 0.433350 0.942017 -0.009766 -0.009644 0.005737
-0.192261 0.479736 0.937500 -0.023315 0.009033 -0.014282
-0.187500 0.441284 0.940796 -0.040649 0.019409 -0.054077
-0.244263 0.410767 0.939331 -0.040771 0.020142 -0.066772
-0.251587 0.400024 0.943481 -0.024292 0.000366 -0.026245
-0.241455 0.387329 0.947144 -0.003540 -0.020264 0.021606
-0.213013 0.413940 0.943481 0.009399 -0.031738 0.064331
-0.189697 0.472290 0.936646 0.010010 -0.026245 0.072998
-0.192749 0.458618 0.935303 -0.011719 -0.013794 -0.005249
-0.215942 0.410156 0.941528 -0.017090 -0.006958 -0.030029
-0.224121 0.422119 0.942139 -0.002930 -0.015381 0.020020
-0.198730 0.417236 0.938843 0.000244 -0.015869 0.018188
-0.191162 0.475342 0.941040 -0.001953 -0.009033 0.021484
-0.200439 0.389038 0.936890 -0.017334 0.001709 0.005371
-0.208008 0.424438 0.935791 -0.002075 0.001587 0.035400
-0.225220 0.429199 0.936768 0.006714 -0.003296 0.047729
-0.213623 0.448975 0.938110 0.014404 -0.014771 0.068604
-0.195923 0.507202 0.947144 -0.004883 -0.018677 0.020264
-0.174683 0.373535 0.910034 -0.053711 -0.017822 -0.096313
-0.243530 0.421875 0.935913 -0.035767 -0.014771 -0.069214
-0.239746 0.388672 0.944702 -0.010498 -0.037598 -0.000854
-0.189087 0.434692 0.951172 0.000488 -0.045410 0.047607
-0.108521 0.418213 0.921143 -0.013916 -0.047119 0.022339
-0.206421 0.455566 0.943848 0.001953 -0.013550 0.060059
-0.463501 0.675415 1.083984 -0.032471 -0.047729 0.038940
-0.260376 0.390869 0.952148 -0.047241 -0.053589 -0.065796
-0.466553 0.634766 1.049805 -0.059570 -0.031738 -0.082520
-0.175781 0.415894 0.901611 -0.039185 -0.016357 -0.110474
-0.349121 0.469971 1.002319 -0.022339 -0.022827 -0.020386
-0.144409 0.321655 0.926025 -0.027832 -0.023438 -0.051270
-0.678955 0.642212 1.163696 -0.030396 -0.062012 0.001221
0.104736 0.437500 0.862915 -0.095093 -0.147461 -0.179199
-0.555542 0.553955 1.109131 -0.042114 0.040283 -0.052002
-0.203369 0.397949 0.914307 -0.106567 -0.092163 -0.217896
-0.233643 0.445068 0.915894 -0.041992 -0.008667 -0.098267
-0.513672 0.362061 1.018921 -0.032715 -0.061890 -0.045044
0.145020 0.414917 0.838379 -0.052368 -0.079224 -0.077759
-0.480835 0.505615 1.090088 -0.037476 -0.026733 -0.004517
0.368408 0.116577 0.772583 -0.127563 -0.143799 -0.243164
-0.569336 0.300537 1.051392 -0.078857 0.030273 -0.124512
-0.122803 0.415405 0.909546 -0.055420 -0.035889 -0.086792
0.047852 0.274780 0.867798 -0.067993 -0.182739 -0.186646
-0.308350 0.397583 0.971680 -0.043091 -0.001221 -0.057129
-0.331299 0.418945 1.056763 -0.051270 -0.003662 -0.016479
0.480713 0.117188 0.836060 -0.095459 -0.188232 -0.115967
-0.242310 0.455322 0.970093 -0.021851 0.005005 0.038696
-0.308594 0.383545 1.026123 -0.043091 -0.014648 -0.002441
-0.235229 0.592041 0.931763 -0.060913 -0.113892 -0.024048
-0.264038 0.484985 1.024414 -0.035889 -0.009766 0.037109
0.136108 0.456299 0.913696 -0.050781 -0.094727 -0.011475
-0.188354 0.400146 0.954468 -0.035767 -0.013672 0.034180
-0.224609 0.368652 0.971558 -0.017334 -0.004395 0.043213
-0.180542 0.359009 0.960815 -0.007080 -0.012695 0.042358
-0.185181 0.406982 0.970337 -0.011597 -0.005615 0.020874
-0.171631 0.394531 0.970825 -0.023315 -0.001343 0.013550
-0.182129 0.369751 0.968018 -0.030029 0.003906 -0.017456
-0.182007 0.354980 0.968628 -0.025269 0.003418 -0.018311
-0.200195 0.357300 0.976196 -0.017456 -0.000488 -0.011841
-0.179321 0.363159 0.974487 -0.006958 -0.003784 0.012085
-0.198364 0.360718 0.971924 -0.001465 -0.002930 0.020386
-0.194092 0.377441 0.967651 0.005005 -0.008789 0.069336
-0.175781 0.386719 0.969604 0.003296 -0.012329 0.074585
-0.169678 0.388794 0.969604 -0.000244 -0.004639 0.071167
-0.191528 0.386230 0.973999 0.000488 -0.003418 0.113647
-0.180908 0.401245 0.985840 -0.003052 -0.006470 0.106445
-0.157959 0.249634 0.913574 -0.159058 0.033691 -0.105103
-0.281738 0.100830 0.963501 -0.063965 0.012329 0.007324
-0.327271 0.311035 0.959717 -0.070190 0.030640 0.002197
-0.156982 0.416382 0.965332 -0.002075 -0.012207 0.057129
-0.207153 0.366577 0.953979 -0.061646 0.049927 -0.041504
-0.182861 0.342163 0.975098 -0.012451 -0.016235 0.020020
-0.169922 0.400635 0.977173 -0.012817 0.005005 0.031982
-0.075806 0.108887 0.938354 -0.094971 0.045410 -0.033569
-0.154541 0.409912 0.972534 0.021729 -0.036865 0.100830
-0.272217 0.405762 0.991943 -0.073364 0.073242 0.011475
-0.280518 0.643921 0.973267 0.064209 -0.054077 0.153076
-0.032715 0.502563 0.963989 0.012573 -0.005737 0.108643
-0.290405 0.131226 0.955933 -0.125488 0.103394 -0.034302
-0.379761 0.064819 0.988647 -0.076660 0.033325 0.027710
0.137695 0.608887 0.888184 -0.046265 0.044800 0.055054
-0.063110 0.533447 0.967651 -0.015381 0.003540 0.084229
-0.174927 0.627197 1.001587 -0.043701 0.066772 0.068604
-0.156860 0.472900 0.968750 -0.013306 0.001831 0.077026
-0.173950 0.301636 0.945679 -0.042725 0.041992 0.033203
-0.138306 0.432861 0.976440 0.011963 -0.026123 0.135864
-0.132080 0.053345 0.970459 -0.103394 0.043457 -0.022217
-0.286011 0.324097 0.967163 -0.042236 0.037964 0.057739
-0.104126 0.482056 0.916016 -0.152832 0.098633 -0.094971
-0.187012 0.395386 0.990479 -0.036499 -0.005859 0.049316
-0.084473 0.504028 0.988159 -0.024292 -0.011597 0.063843
-0.134277 0.579468 0.988037 0.006348 -0.002441 0.134033
-0.209961 0.160889 0.973022 -0.073364 0.037964 0.056641
-0.184937 0.572632 1.000732 -0.051147 0.013428 0.073975
-0.262817 0.290527 0.987793 -0.068848 0.023926 0.031616
-0.208130 0.188110 0.966431 -0.031250 -0.011475 0.069702
-0.444214 0.232056 0.995483 -0.159912 0.082397 -0.087402
-0.192261 0.560425 1.007446 0.020996 -0.012695 0.169556
0.366577 1.306274 0.985718 -0.019653 0.020752 0.109375
-0.248169 -0.244995 0.966553 -0.070068 0.002930 0.069824
-0.163452 0.612915 0.976807 -0.057861 0.006104 0.083130
0.106934 0.831909 1.013550 -0.053345 0.011230 0.040649
-0.396606 -0.409668 0.981567 -0.160767 0.037720 -0.120850
-0.158813 0.382324 0.991821 -0.007080 -0.011475 0.077026
-0.203491 0.208984 0.992188 -0.102295 0.020996 -0.072144
-0.361572 0.090332 0.981201 -0.094116 0.039063 -0.014282
-0.195313 0.337280 0.976563 0.008179 -0.028564 0.103149
-0.154175 0.360840 0.991455 -0.028320 -0.003540 0.049805
-0.539551 -0.421631 0.961548 -0.275879 0.102905 -0.274414
-0.256836 0.292969 0.986816 -0.004150 -0.013672 0.039307
-0.181274 0.335327 0.990479 -0.014160 -0.013794 0.045166
0.050903 0.683350 0.906250 -0.134399 0.043457 -0.059448
-0.051392 0.256592 0.993530 0.000854 -0.023682 0.110718
-0.126099 0.449585 1.001831 0.000000 -0.016113 0.136353
-0.438110 -0.309448 0.992065 -0.135010 0.041870 -0.057861
-0.135498 0.391479 0.982910 -0.014893 -0.012573 0.063477
-0.161987 0.379272 0.997192 -0.025635 -0.004028 0.029419
-0.212646 -0.168091 0.980225 -0.167480 0.053955 -0.136353
-0.241333 0.268799 0.996582 -0.000977 -0.018799 0.091919
-0.158691 0.362061 0.993164 -0.039307 -0.010010 0.040649
-0.224121 0.184082 0.975952 -0.106689 0.030029 -0.048462
-0.206909 0.341064 0.990967 -0.005127 -0.009644 0.068115
-0.069702 0.834839 0.924072 -0.130737 0.035767 -0.056519
-0.154419 0.416138 0.966064 -0.097656 0.029175 -0.010376
-0.224609 0.057739 0.990479 -0.042725 -0.022461 0.051147
