-0.115234 0.501587 0.929810 -0.001709 -0.021851 -0.013306
-0.120972 0.510132 0.927124 -0.013184 -0.010376 -0.032959
-0.141846 0.496582 0.931030 -0.018555 -0.009399 -0.039185
-0.138428 0.486206 0.923950 -0.019409 -0.011841 -0.036255
-0.132324 0.465210 0.928467 -0.011719 -0.013916 -0.025391
-0.148071 0.473267 0.928101 -0.007690 -0.015991 -0.028564
-0.144531 0.491699 0.926880 -0.002441 -0.017822 -0.005127
-0.131348 0.503662 0.926636 -0.007202 -0.017700 -0.039917
-0.127319 0.504028 0.925415 -0.016479 -0.009521 -0.044312
-0.128662 0.483398 0.924438 -0.017334 -0.006714 -0.023315
-0.137207 0.498413 0.927124 -0.020020 -0.003052 -0.026001
-0.142944 0.490967 0.929199 -0.023315 -0.001343 -0.050293
-0.161987 0.465942 0.931641 -0.020752 -0.002930 -0.033203
-0.163696 0.470215 0.926758 -0.009033 -0.018433 -0.001221
-0.131958 0.478394 0.927246 -0.006470 -0.023071 0.007568
-0.119751 0.492310 0.928467 -0.008057 -0.014282 -0.009644
-0.149170 0.472534 0.921997 -0.010742 -0.003052 -0.021851
-0.146729 0.484619 0.928223 -0.005981 -0.003906 0.010010
-0.139282 0.497437 0.924438 -0.013428 -0.000488 0.001831
-0.156860 0.461426 0.930908 -0.014526 -0.003662 -0.014404
-0.154663 0.479858 0.928589 -0.002319 -0.015381 -0.016113
-0.144775 0.474609 0.929932 -0.004028 -0.015625 -0.018433
-0.152832 0.503784 0.928589 -0.003418 -0.019653 -0.008789
-0.126953 0.501953 0.931152 -0.015015 -0.022339 -0.018921
-0.125610 0.510376 0.935547 -0.029419 -0.011475 -0.054199
-0.019043 0.438965 0.889160 -0.049683 -0.016968 -0.071777
-0.186401 0.503906 0.937744 -0.031982 0.006958 -0.049072
-0.316040 0.529297 0.992554 -0.065063 -0.015625 -0.110107
-0.072754 0.424194 0.892334 -0.042358 -0.032959 -0.078613
0.005493 0.533813 0.859863 -0.038940 -0.069946 -0.061523
0.252563 0.679932 0.885376 -0.025635 -0.187378 -0.044067
-0.591064 0.287109 0.924927 -0.039795 -0.041504 -0.078003
-0.254272 0.491089 0.924927 -0.046753 0.057739 -0.090698
-0.408691 0.347168 0.952637 -0.070313 -0.131470 -0.025635
-0.140869 0.576660 0.883423 -0.035156 -0.111816 -0.014648
0.545288 0.246094 0.828613 -0.122070 -0.120605 -0.144043
-0.413696 0.397461 0.951294 -0.074829 -0.026489 -0.063599
-0.220947 0.628662 0.984741 -0.078491 -0.122681 -0.065430
-0.180786 0.411865 0.885498 -0.068237 -0.091675 -0.063354
0.510132 0.798340 0.916260 -0.045776 -0.146484 -0.009155
0.091797 0.463501 0.869263 -0.102417 -0.010498 -0.133911
0.076538 0.543335 0.953857 -0.037598 -0.089844 -0.002319
-0.627563 0.502075 1.062744 -0.049072 0.044922 0.003906
0.254639 0.247437 0.870972 -0.105469 -0.105103 -0.032227
0.121094 0.208252 0.938599 -0.113037 -0.045776 -0.170532
0.389526 0.358032 0.868042 -0.060547 -0.061768 -0.109619
-0.229004 0.408813 0.955811 -0.013184 0.010010 0.022095
-0.120850 0.438110 0.951172 -0.001587 -0.026367 0.073853
-0.109497 0.455566 0.955811 -0.005859 -0.010376 0.027222
-0.133911 0.432373 0.962158 -0.011108 -0.007324 0.016357
-0.135010 0.436523 0.954712 -0.010376 -0.007080 0.041626
-0.132324 0.435303 0.954346 -0.009155 -0.005737 0.035645
-0.136597 0.425049 0.959717 -0.004517 -0.002808 0.039795
-0.140137 0.424316 0.961426 -0.001465 -0.002441 0.039673
-0.137939 0.447632 0.954590 0.003540 -0.007446 0.046265
-0.133667 0.443359 0.956787 -0.000732 -0.013794 0.040039
-0.121216 0.433838 0.953125 -0.002075 -0.015015 0.040161
-0.113525 0.444458 0.955566 -0.001099 -0.008057 0.045166
-0.118286 0.443359 0.954956 -0.003296 0.002441 0.049927
-0.005615 0.600220 0.933716 -0.039063 0.053101 0.015625
0.205444 0.626465 0.959595 -0.008911 0.000000 0.084961
-0.215576 0.387817 0.915649 -0.081177 0.079224 0.003662
0.009155 0.570313 0.956299 0.022583 -0.042114 0.157104
-0.231323 0.404175 0.953369 -0.052734 0.075439 0.019287
-0.175171 0.349243 0.953369 -0.074341 0.054810 -0.033813
-0.064941 0.466797 0.950195 0.003662 -0.032959 0.087524
-0.007080 0.509155 0.955566 -0.015015 0.017578 0.044434
-0.386475 0.294678 0.954468 -0.046753 0.096313 0.026001
0.043823 0.674072 0.984375 -0.031738 0.028442 0.083252
-0.214233 0.189453 0.941528 -0.071777 0.014648 0.033325
0.085449 0.585938 0.950073 0.002686 -0.008789 0.160278
0.105713 0.575317 0.960571 0.020020 -0.040894 0.168701
-0.956543 -0.354736 0.991821 -0.210327 0.202759 -0.237305
-0.087036 0.405029 0.963867 -0.001831 -0.026611 0.104614
-0.359009 0.233887 0.917725 -0.161743 0.178711 -0.125732
-0.067017 0.473633 0.977417 0.003174 -0.026733 0.176270
0.104370 0.531494 0.935181 -0.035889 0.028564 0.067749
-0.134155 0.533081 0.969482 -0.096436 0.083496 -0.025269
-0.057495 0.534790 0.960938 0.005859 -0.030518 0.162598
-0.233521 0.174683 0.949097 -0.115845 0.098877 -0.068604
-0.242065 0.406372 0.950928 -0.098389 0.088867 -0.024658
-0.193359 0.398926 0.971802 -0.056763 0.050537 0.029663
-0.147827 0.434448 0.969604 -0.022827 0.011719 0.084473
-0.213013 0.497437 0.983765 -0.067749 0.069214 0.015259
0.044067 0.580444 0.963501 -0.020142 -0.000854 0.110718
0.226807 0.817261 0.976807 -0.018677 0.023315 0.119141
0.002808 0.626221 0.989014 -0.011841 0.017822 0.132324
-0.392578 0.367065 0.987793 -0.120605 0.095337 -0.081787
-0.049805 0.534790 0.960938 0.009521 -0.036621 0.144165
-0.702393 0.177124 0.999146 -0.142822 0.135864 -0.096680
-0.030396 0.478516 0.969360 0.001221 -0.033813 0.128174
-0.574097 -0.030884 0.975464 -0.129028 0.096191 -0.079712
-0.052979 0.557373 0.936646 -0.127197 0.050171 -0.051880
-0.172729 0.505981 0.985229 -0.074951 0.060547 0.037842
-0.060669 0.517822 0.982666 -0.017334 -0.010498 0.161743
-0.448486 0.125000 0.966919 -0.136475 0.110596 -0.049316
-0.151978 0.189819 0.970825 -0.063354 0.026245 0.037231
-0.439087 0.187500 1.003662 -0.080078 0.069214 0.006958
-0.208374 0.131470 0.961670 -0.044189 -0.009399 0.065308
0.210205 0.643311 0.873047 -0.185059 0.129028 -0.155151
-0.041626 0.600220 0.977905 0.036011 -0.064575 0.237305
0.160522 0.562378 0.898804 -0.153076 0.089478 -0.098755
-0.274414 0.554932 0.986206 -0.090332 0.064941 -0.008667
-0.137085 0.423950 0.966187 -0.005859 -0.012817 0.134033
-0.106934 0.434937 0.977905 -0.030029 0.012207 0.060303
-0.382324 0.069336 0.961304 -0.118286 0.068726 -0.082642
-0.585693 -0.094727 0.987793 -0.135132 0.081787 -0.088135
-0.002075 0.598389 0.913940 -0.124390 0.030273 -0.045044
-0.017334 0.456665 0.973999 0.010376 -0.045044 0.144653
-0.413086 0.122681 0.979736 -0.097290 0.058228 -0.034546
-0.174805 0.339844 0.978394 -0.024292 0.006836 0.020752
-0.121582 0.499756 0.987427 -0.042480 0.018921 0.013306
-0.557861 -0.029297 0.983521 -0.112793 0.050659 -0.069946
-0.044312 0.540527 0.992432 -0.027710 -0.016235 0.050903
-0.071899 0.473511 0.970825 0.030151 -0.037231 0.129517
-0.145020 0.416748 0.979736 -0.002441 0.002808 0.107056
-0.439697 0.228760 0.974731 -0.173584 0.105347 -0.144653
-0.136719 0.310547 0.983643 -0.033813 -0.002319 0.060547
-0.040527 0.610229 0.971680 -0.054810 0.016602 0.019165
-0.104370 0.411987 0.964722 -0.020752 0.010864 0.061157
-0.292847 0.296875 0.989502 -0.060547 0.053955 0.013062
-0.140625 0.368652 0.972534 -0.033203 -0.000366 0.051392
-0.150635 0.333252 0.970947 -0.034668 0.014648 0.052002
-0.159180 0.371460 0.975830 -0.018188 -0.000610 0.035278
-0.170532 0.367188 0.977905 -0.007324 -0.006470 0.020508
-0.196899 0.349976 0.975952 -0.013428 0.005981 -0.000977
-0.207031 0.344727 0.975098 -0.010254 0.001587 0.021606
-0.224609 0.343750 0.979858 -0.001099 -0.010742 0.063232
0.011719 0.619995 1.009277 -0.035767 0.006714 0.049438
-0.282959 0.215332 0.975098 -0.083374 0.031982 -0.025146
-0.398438 0.133789 0.979126 -0.093262 0.027588 -0.064819
-0.108887 0.362793 0.983765 -0.001343 -0.028442 0.050903
-0.178345 0.376343 0.983398 -0.016235 0.010620 0.026733
-0.188599 0.411621 0.982788 -0.054443 0.028564 -0.010864
-0.129761 0.431030 0.973877 -0.118774 0.081421 -0.102051
-0.219971 0.392578 0.979370 -0.001953 -0.030762 0.067139
-0.181274 0.355347 0.978149 -0.015259 -0.024414 0.037720
-0.173462 0.334839 0.983276 -0.017822 -0.007202 0.016479
-0.207031 0.337402 0.983887 -0.014771 0.001587 0.019531
-0.226440 0.330078 0.978638 -0.012817 0.000488 0.045410
-0.201660 0.351929 0.983398 -0.007813 -0.011841 0.088257
-0.211792 0.364868 0.982544 -0.018433 0.003174 0.045288
-0.182739 0.332520 0.981689 -0.016602 -0.010254 0.033691
-0.071167 0.497803 1.005493 -0.032471 0.010986 0.022583
-0.199829 0.362061 0.983887 -0.049927 0.052734 0.005615
-0.140747 0.457886 0.979858 0.010498 -0.033447 0.088501
-0.490601 0.217651 1.001831 -0.197876 0.135254 -0.250244
-0.213501 0.360107 0.978882 -0.012085 -0.020752 -0.031006
-0.167603 0.355103 0.980835 -0.017822 -0.013550 -0.041626
-0.210083 0.328247 0.982178 -0.019531 -0.003296 -0.026855
