0.000000 0.000000 0.000000 -0.012085 -0.012939 0.006592
-0.225830 0.452026 0.923340 -0.011963 -0.010498 0.012451
-0.230347 0.456177 0.928101 -0.013794 -0.010620 0.010498
-0.223877 0.454712 0.932373 -0.012695 -0.008057 0.016113
-0.240112 0.435669 0.928223 -0.004517 -0.009888 0.034546
-0.229614 0.453491 0.923096 -0.000244 -0.007813 0.042236
-0.227295 0.458252 0.927979 -0.002075 -0.005737 0.062744
-0.211304 0.466064 0.924194 -0.006714 0.005005 0.072510
0.088379 0.646118 0.891968 -0.077515 0.112793 0.011841
-0.603271 0.194092 0.951172 -0.009521 0.006348 0.057983
-0.162476 0.492065 0.922729 0.000244 -0.018188 0.049805
-0.199707 0.456055 0.930298 -0.005127 -0.007080 0.044556
-0.242432 0.444824 0.917969 -0.010742 0.002075 0.044800
-0.226807 0.457520 0.924927 -0.013184 0.003296 0.057251
-0.450195 0.317261 0.942993 -0.038086 0.052979 0.070068
0.073364 0.587036 0.896484 -0.067383 0.146362 0.047485
-0.431641 0.266235 0.868652 -0.052002 0.032837 0.030029
-0.085693 0.490723 0.922241 0.015015 -0.026733 0.097046
-0.239014 0.442017 0.926392 -0.022949 0.023560 0.051025
-0.177490 0.504883 0.922241 -0.034912 0.031616 0.055420
-0.383789 0.272827 0.933838 -0.120728 0.131348 -0.043091
0.007080 0.762573 0.909302 0.042847 -0.072510 0.232910
-0.215332 0.437622 0.920166 -0.016602 0.007080 0.093262
0.194092 0.958618 0.885376 -0.222290 0.195557 -0.157471
-0.070068 0.516846 0.898560 -0.063599 0.039917 0.048706
0.004517 0.769287 0.930542 -0.077515 0.047119 0.027954
-0.111938 0.519043 0.927612 -0.020020 0.018799 0.112671
-0.064331 0.902710 1.005859 -0.251709 0.178345 -0.244995
-0.823120 -0.469482 0.934326 -0.019043 0.007202 0.136597
-0.475220 0.074829 0.921021 -0.072998 0.033325 0.037842
0.038818 0.702515 0.936279 -0.109375 0.052856 -0.011475
-0.207153 0.443848 0.906982 -0.107056 0.080444 -0.042236
-0.249512 0.417969 0.918335 -0.044434 0.006836 0.088867
-0.149536 0.463135 0.929810 -0.041992 0.024902 0.067261
0.459595 1.524780 0.814209 -0.358521 0.214844 -0.396362
-0.181274 0.393921 0.941284 -0.014038 0.010376 0.144531
-0.291504 0.286011 0.913208 -0.050415 -0.001221 0.075317
-0.442261 -0.083374 0.881470 -0.112061 0.002197 -0.033569
-0.206909 0.536011 0.928711 -0.001587 -0.002563 0.125610
-0.291016 0.388306 0.934448 -0.047241 0.002441 0.056274
-0.121948 0.678345 1.004395 -0.180420 0.068115 -0.077759
-0.101440 0.319214 0.912720 -0.024292 0.026001 0.123047
-0.232056 0.458618 0.956909 -0.101563 0.026001 -0.006104
-0.266602 0.374756 0.933716 -0.015381 0.001465 0.067139
-0.228760 0.435059 0.936890 -0.021973 0.004761 0.072632
-0.334229 0.595947 0.970825 -0.109375 -0.019409 -0.038940
-0.435181 -0.003662 0.864136 -0.072388 0.006470 -0.010742
-0.228516 0.436523 0.933105 -0.028320 0.014893 0.004395
-0.285522 0.409058 0.946289 -0.036743 0.002319 -0.002197
-0.273071 0.473022 0.934814 -0.105347 -0.013306 -0.053955
-0.296631 0.460815 0.957031 -0.029541 -0.000610 0.054810
-0.239136 0.158081 0.888062 -0.062866 -0.015869 -0.005005
-0.261230 0.394531 0.928833 -0.081787 -0.021484 -0.035767
-0.300171 0.445435 0.968750 -0.048340 -0.009033 -0.005371
-0.253418 0.358398 0.940674 -0.033447 -0.006836 0.014648
-0.266235 0.390869 0.954224 -0.027222 -0.008789 0.021362
-0.223022 0.345337 0.953979 -0.067627 -0.039063 -0.028687
0.060547 0.205688 0.885010 -0.015991 0.009155 0.031372
-0.054443 0.228394 0.898193 -0.020386 -0.017090 0.014038
-0.217896 0.415649 0.956299 -0.021973 -0.017578 -0.018677
-0.232422 0.394043 0.945313 -0.036011 -0.020386 -0.039185
-0.224243 0.370972 0.940918 -0.033081 0.007446 -0.059814
-0.275879 0.391602 0.966309 -0.036987 -0.009399 -0.096436
-0.209717 0.337158 0.953857 -0.023682 -0.023682 -0.089966
-0.240845 0.370361 0.940552 -0.020508 0.013062 -0.092407
0.342041 0.539673 0.903809 -0.031006 -0.040283 -0.124023
-0.410889 0.278564 0.954346 -0.024170 0.011963 -0.085815
-0.154053 0.436890 0.929199 -0.021729 -0.018799 -0.076904
-0.264526 0.364502 0.948608 -0.027344 -0.005127 -0.103760
-0.337158 0.320190 0.954224 0.012207 -0.056396 -0.084229
-0.178223 0.431396 1.003784 0.087891 -0.104492 -0.047607
-0.345947 0.264160 0.958618 0.008545 -0.031616 -0.071533
-0.868408 -0.306519 0.828369 0.163818 -0.150879 0.103027
-0.189209 0.363525 0.941406 -0.029663 0.001343 -0.072266
-0.328247 0.289063 0.948730 -0.009644 -0.016113 -0.063110
-0.292480 0.265503 0.946533 0.027222 -0.028687 -0.050293
-0.243652 0.382935 0.944336 0.021118 -0.014893 -0.041016
-0.144165 0.652100 0.976929 0.046265 -0.021729 -0.022705
-0.349365 0.295654 0.962402 0.071411 -0.032593 0.012329
-0.258545 0.334229 0.940552 -0.014526 0.003174 -0.064331
-0.291260 0.374878 0.948853 0.027588 -0.009644 -0.021606
-0.267090 0.376465 0.948364 0.006836 -0.022217 -0.050415
-0.250732 0.379272 0.942627 0.005981 -0.017090 -0.057007
-0.205078 0.141357 0.856812 0.112427 0.004639 0.063232
-0.342651 0.400024 0.956177 -0.028931 -0.014038 -0.093140
-0.248535 0.354126 0.950562 0.014282 -0.000610 -0.033447
-0.255615 0.382202 0.941406 0.038574 -0.008179 0.005371
-0.266113 0.285156 0.922119 0.053589 -0.008667 0.041138
-0.239258 0.360596 0.942505 -0.017334 -0.028687 -0.055420
-0.230591 0.337769 0.942261 0.000000 -0.013428 -0.040649
-0.189087 0.246826 0.870850 0.060303 0.018921 0.036987
-0.239624 0.393921 0.938110 0.005493 -0.017090 -0.008911
-0.381592 0.531250 1.046387 0.062012 -0.007690 0.081543
-0.222412 0.337402 0.922974 0.021851 -0.003906 0.042480
-0.226807 0.347290 0.927002 0.006714 -0.010742 0.007080
-0.299072 0.423950 0.951172 0.003296 -0.024536 0.002930
-0.250610 0.409058 0.938843 0.009033 -0.021240 0.035156
-0.249268 0.424927 0.933716 0.009155 0.006714 0.040649
-0.284424 0.416748 0.940552 -0.001221 -0.014160 0.007935
-0.228516 0.384155 0.928101 0.008911 -0.012329 0.020386
-0.218750 0.411011 0.925537 0.009888 0.017578 0.036499
-0.114746 0.342163 1.004517 0.064331 0.124390 0.145142
-0.103271 0.360229 0.929565 0.005005 -0.026001 0.041260
-0.227051 0.445190 0.941406 -0.000977 -0.004150 0.039429
-0.233643 0.429321 0.930054 -0.004883 0.000732 0.038696
-0.316772 0.409424 0.941650 0.000488 -0.006104 0.042114
-0.257813 0.410156 0.923950 0.008545 -0.016113 0.059937
-0.224121 0.454834 0.945068 -0.010376 0.101196 0.030884
-0.075439 0.431763 0.922607 0.002441 -0.042725 0.067505
-0.197021 0.440918 0.934814 -0.002319 -0.009766 0.061646
-0.210693 0.456421 0.925903 -0.020874 0.010986 0.040771
-0.254395 0.414307 0.930420 -0.028320 0.014038 0.010742
-0.285034 0.374756 0.911987 -0.023682 0.049438 0.028564
-0.326050 0.416016 0.931274 -0.007202 0.000244 0.049927
-0.436401 0.379150 0.941040 -0.010742 -0.023315 0.044312
-0.148071 0.506836 0.922729 -0.040771 0.041138 0.005249
-0.188232 0.453979 0.926270 -0.011841 -0.018066 0.051514
-0.250244 0.435547 0.929688 -0.014526 -0.013916 0.038330
-0.215698 0.447144 0.924072 -0.019165 -0.000366 0.039307
-0.236572 0.425171 0.926270 -0.023315 0.010620 0.033813
-0.247925 0.435059 0.926636 -0.038940 0.034302 0.035400
-0.971558 -0.000122 0.943726 0.021240 -0.078613 0.133545
-0.217285 0.505371 0.948120 -0.035278 0.000000 0.060303
-0.780640 -0.166992 0.940918 -0.026733 -0.003662 0.053223
-0.266113 0.471191 0.928833 -0.019531 -0.001465 0.044067
-0.291626 0.410400 0.931152 -0.023193 -0.003174 0.023315
-0.276367 0.407349 0.931030 -0.016357 -0.008911 0.033691
-0.256104 0.434814 0.928955 -0.021484 -0.006226 0.011963
-0.244385 0.418823 0.926392 -0.024048 -0.005737 0.005371
-0.256226 0.414063 0.932251 -0.018188 -0.006714 0.007568
-0.250610 0.417725 0.932373 -0.016235 -0.007446 0.002319
-0.247314 0.425415 0.930664 -0.017090 -0.005493 -0.006104
-0.259888 0.421997 0.930176 -0.019775 -0.001099 -0.004150
-0.270508 0.416138 0.932617 -0.018799 -0.003418 -0.003662
-0.269287 0.415161 0.934204 -0.013306 -0.008667 -0.010498
-0.261475 0.418945 0.928711 -0.011230 -0.013672 -0.006226
-0.248657 0.420410 0.929688 -0.013306 -0.008301 -0.005493
-0.253174 0.423584 0.928955 -0.015381 -0.005493 0.002563
-0.257568 0.415771 0.928101 -0.017822 -0.001709 -0.000977
-0.272095 0.415527 0.930664 -0.014893 -0.005371 -0.000977
-0.270142 0.417114 0.930420 -0.016602 -0.007568 -0.005615
-0.244019 0.422485 0.936646 -0.018433 -0.008545 -0.007935
-0.258179 0.414917 0.924683 -0.018677 -0.001709 -0.011475
-0.269287 0.416748 0.935059 -0.014893 -0.007446 0.006958
-0.257080 0.420776 0.930664 -0.017212 -0.008423 -0.007080
-0.263672 0.414673 0.928955 -0.016235 -0.011353 -0.009521
-0.239136 0.417603 0.935547 -0.015991 -0.005737 -0.007935
-0.256470 0.408325 0.930420 -0.018555 -0.002808 -0.008423
-0.272095 0.405640 0.928467 -0.015503 -0.008545 -0.000610
-0.252686 0.416870 0.932617 -0.012451 -0.011108 -0.001343
