-0.239380 0.311890 0.972412 -0.020996 0.002197 -0.003662
-0.254761 0.301392 0.975464 -0.021851 0.006592 -0.012695
-0.276367 0.267456 0.981201 -0.015015 0.001587 0.008545
-0.286499 0.288330 0.976929 0.001831 -0.012939 0.072510
-0.247192 0.317871 0.968384 0.013306 -0.024658 0.091675
-0.248535 0.312012 0.973389 0.007568 -0.021362 0.069580
-0.239502 0.336670 0.975708 0.003662 -0.016602 0.054565
-0.256104 0.301636 0.975708 -0.003174 -0.009277 0.040894
-0.247437 0.316650 0.973511 0.005981 -0.015381 0.067017
-0.246826 0.320557 0.975220 0.010132 -0.014038 0.081299
-0.250488 0.300415 0.974609 0.011230 -0.014404 0.080444
-0.246338 0.300659 0.974609 0.016724 -0.015625 0.114624
-0.237671 0.318481 0.977905 0.027954 -0.004150 0.203735
-0.223877 0.340942 0.977295 0.010010 0.010742 0.126831
-0.912354 -0.205811 0.963501 -0.251465 0.195557 -0.256836
-0.205200 0.398438 0.979858 0.017090 -0.028687 0.070190
-0.385620 -0.034668 0.969971 -0.129028 0.073120 -0.115479
-0.386108 0.147949 0.992065 -0.013306 -0.021118 0.061401
-0.171021 0.339966 0.971313 0.019043 -0.035034 0.120972
-0.036621 0.719971 0.971069 -0.051758 0.047363 0.081909
-0.194336 0.353027 0.936646 -0.124512 0.100952 0.010498
-0.259033 0.339600 0.970337 0.020386 -0.020996 0.162476
-0.730835 -0.160889 1.027588 -0.177856 0.128662 -0.113159
-0.245117 0.288330 0.976807 0.001709 -0.029907 0.115601
0.042114 0.692383 0.934326 -0.073242 0.051392 0.035400
-0.351563 0.057373 0.987915 -0.030273 0.002808 0.151733
-0.129883 0.350464 0.962524 -0.046997 0.005737 0.072876
-0.245483 -0.183350 0.906494 -0.219604 0.102295 -0.134399
-0.226318 0.432129 0.972412 -0.014648 0.028809 0.154663
-0.124512 0.911255 0.968750 -0.094482 0.052368 0.064941
-0.617798 -0.460327 0.961548 -0.177124 0.050171 -0.061157
-0.161255 0.465820 0.977417 0.012451 -0.011719 0.162354
-0.103394 0.379517 0.970215 -0.106567 0.038208 -0.063110
-0.250854 0.417480 1.003540 0.001465 0.000000 0.188599
-0.244995 0.202148 0.971436 -0.261597 0.067261 -0.148438
-0.271118 0.713989 0.999268 -0.073730 0.050659 0.039673
-0.197388 0.554199 0.987183 0.004395 -0.007813 0.072876
-0.238770 0.232422 0.997437 -0.052979 0.002075 0.063843
-0.257813 0.309448 0.982056 0.017944 -0.004272 0.148071
-0.239380 0.853394 1.047729 -0.068970 0.015259 0.001953
-0.251221 0.362061 0.989990 0.022949 -0.001221 0.143311
-0.269165 0.427856 1.004395 -0.056030 0.003906 -0.015381
-0.231445 0.498535 0.957520 -0.115479 -0.015381 -0.073120
-0.252808 0.653809 1.012085 -0.021973 -0.031982 0.055054
-0.330688 0.329956 0.986572 0.023315 -0.023071 0.123169
-0.234497 0.382202 0.990112 -0.021606 -0.023682 0.058350
-0.236084 0.271729 0.986206 -0.029175 -0.003174 0.038208
-0.226807 0.308716 0.989014 -0.066895 -0.013916 -0.008057
-0.127441 -0.068604 0.934204 -0.103516 -0.011108 -0.061035
-0.316284 0.532471 1.023560 -0.063354 -0.021118 0.019897
0.039185 -0.026367 0.895630 -0.128540 -0.061157 -0.098633
-0.173218 0.174194 0.950928 -0.073730 -0.010010 -0.031860
-0.283447 0.290405 0.989380 -0.034546 0.008667 -0.038940
-0.197632 0.217773 0.947388 -0.066650 -0.032227 -0.081787
-0.278442 0.272705 1.005249 -0.021729 -0.010986 0.012085
-0.414429 0.335938 1.042358 -0.035034 -0.034546 -0.030273
0.420654 0.289551 0.906860 -0.043945 -0.140747 -0.083252
-0.274536 0.332764 0.968140 -0.048096 0.022461 -0.120728
-0.463257 0.199097 1.030396 -0.044556 -0.036133 -0.131592
-0.413208 -0.013550 0.972412 -0.027344 -0.042969 -0.142700
-0.305908 0.233643 0.984131 -0.055664 0.013306 -0.172485
-0.323853 0.204224 0.994995 -0.036743 -0.005127 -0.113647
-0.149536 0.214966 0.988403 0.075562 -0.102783 0.022949
-0.249390 0.220459 0.999634 -0.004883 -0.018311 -0.035278
-0.229004 0.471558 0.979614 0.103882 -0.078003 0.018799
-0.296509 0.165039 0.995117 -0.061890 0.036377 -0.130127
-0.329224 0.165649 0.991577 -0.010864 -0.005737 -0.107544
-0.189331 0.829712 0.987061 0.081055 -0.039917 -0.022583
-0.264160 0.209717 0.995605 -0.014526 -0.000854 -0.100830
-0.390503 0.009399 1.007813 0.014404 -0.016479 -0.058960
-0.172729 0.404663 0.982422 0.036865 -0.026611 -0.047241
0.179932 0.639648 1.085205 0.215576 -0.116333 0.139282
-0.286011 0.179443 0.994507 -0.032715 0.010620 -0.058350
-0.259277 0.198120 0.987915 -0.007690 0.000244 -0.050903
-0.203369 0.512329 0.990601 0.069824 -0.008423 0.032104
-0.279663 0.303467 0.996460 0.000000 0.004028 -0.052490
-0.287476 0.177368 0.989380 0.001709 -0.012817 -0.075562
-0.276245 -0.751709 0.618286 0.078613 -0.011719 -0.006470
-0.169434 0.408447 0.984619 -0.016235 -0.022827 -0.068604
-0.429443 0.274902 1.148315 0.187378 0.018677 0.155518
-0.287842 -0.046387 0.950562 -0.019897 -0.009399 -0.063232
-0.232300 0.294434 1.001587 -0.007813 -0.012329 -0.014526
-0.252686 0.273560 0.987549 0.032593 0.015991 0.019043
-0.275757 0.244141 0.987061 0.007080 0.008911 -0.006226
-0.260864 0.256592 0.982056 -0.023682 0.003296 -0.043457
-0.310059 0.283813 0.991821 0.008789 0.027100 -0.011353
-0.084351 -0.036255 0.775391 0.031982 0.028809 0.031616
-0.135742 0.088501 0.891479 0.006348 -0.001465 0.013428
-0.171753 0.480957 0.998535 0.020752 -0.028076 0.088135
-0.228394 0.297241 0.956421 0.028809 0.010254 0.094727
-0.215088 0.294922 0.978516 -0.016357 -0.000244 0.015991
-0.248901 0.297119 0.977051 -0.018677 0.008667 0.000732
-0.285522 0.280884 0.976929 -0.021729 0.007690 -0.005615
-0.263550 0.291870 0.969360 -0.008057 -0.003296 0.015015
-0.373291 0.351563 0.966553 0.003052 0.044312 0.037598
-0.190552 0.324951 0.989502 0.027344 -0.046021 0.091553
-0.161133 0.304810 0.971802 0.015137 -0.029907 0.081421
-0.205688 0.322021 0.980469 -0.003540 -0.002563 0.046021
-0.240967 0.313354 0.969849 -0.015503 0.017822 0.020264
-0.465942 0.258545 1.008545 -0.019653 0.045410 0.052246
-0.267700 0.296021 0.966797 0.010254 -0.028076 0.068604
-0.562256 0.248291 1.016846 -0.005127 0.038086 0.083984
-0.283936 0.321167 1.008301 -0.022461 0.054199 0.049316
-0.283936 0.331421 0.984253 0.000366 -0.013062 0.088135
-0.207031 0.330078 0.977051 -0.013184 0.001709 0.053955
-0.258057 0.303711 0.974609 -0.015503 0.014038 0.053833
-0.263550 0.328369 0.973389 -0.003784 0.000732 0.068970
-0.281982 0.290894 0.972656 -0.009888 -0.006470 0.046631
-0.138306 0.465088 0.938721 -0.031128 0.065308 0.033813
-0.269775 0.158936 0.985718 -0.002441 -0.044434 0.074585
-0.159302 0.334595 0.976807 0.000000 -0.031860 0.055664
-0.233887 0.331299 0.972656 -0.018188 0.009521 0.025024
-0.267700 0.299194 0.970581 -0.024658 0.015747 0.006714
-0.291138 0.283081 0.976196 -0.014160 0.002319 0.032959
-0.248047 0.341553 0.979126 -0.006836 -0.009766 0.070313
-0.260742 0.139038 0.942017 -0.121948 0.036133 -0.076782
-0.213867 0.332642 0.974731 0.005249 -0.027588 0.060791
-0.215454 0.339233 0.968140 -0.007080 -0.014160 0.023682
-0.247192 0.332886 0.980835 -0.015381 0.001343 0.012573
-0.287964 0.266357 0.962769 -0.057007 0.020142 -0.028687
-0.524658 -0.243408 0.961670 -0.141113 0.029785 -0.121094
-0.187744 0.348145 0.976807 0.009766 -0.040527 0.066162
-0.215942 0.239014 0.970093 -0.042358 -0.002686 0.004028
-0.272705 0.199341 0.971313 -0.046143 0.011597 -0.024414
-0.282715 0.275635 0.971680 -0.026489 0.007324 0.000000
-0.260620 0.303711 0.979126 -0.015503 -0.009033 0.019653
-0.256104 0.302856 0.979614 -0.012085 -0.011475 0.031372
-0.250977 0.315918 0.973511 -0.010620 -0.010010 0.052124
-0.253906 0.331177 0.973755 -0.014404 -0.008423 0.034668
-0.258423 0.309204 0.977295 -0.022949 -0.008545 0.002930
-0.253662 0.297852 0.977295 -0.016235 -0.011108 0.025024
-0.235840 0.310669 0.974487 -0.008057 -0.006470 0.048706
-0.231323 0.409302 0.995972 -0.012573 0.000854 0.074463
-0.325439 0.231323 0.971924 -0.013306 0.005615 0.037476
-0.289795 0.289673 0.981689 -0.010010 -0.008179 0.028442
-0.254395 0.302368 0.974854 -0.003540 -0.019409 0.042725
-0.224854 0.327515 0.972412 -0.000488 -0.012817 0.038208
-0.242188 0.337891 0.974243 -0.015015 0.000854 0.000000
-0.276001 0.296631 0.978271 -0.018311 -0.001953 0.015991
-0.252930 0.298828 0.974121 -0.008789 -0.010620 0.046753
-0.231567 0.307617 0.974854 -0.002930 -0.006958 0.058838
-0.253418 0.303955 0.970947 -0.010620 0.008911 0.040649
-0.275391 0.305664 0.980713 -0.026489 0.004883 -0.018555
-0.250122 0.330200 0.976074 -0.030396 -0.003906 -0.012695
-0.413818 -0.251343 0.965210 -0.230225 0.044922 -0.247437
-0.220459 0.350830 0.972900 -0.013794 -0.013184 0.033569
-0.226929 0.351685 0.980713 -0.027466 -0.002686 -0.019287
-0.248047 0.314209 0.975464 -0.036499 0.002075 -0.047974
-0.257202 0.307617 0.976807 -0.034668 0.000488 -0.030884
-0.262451 0.290039 0.973999 -0.029663 0.001587 -0.019897
