0.000000 0.000000 0.000000 -0.019531 0.000244 0.001465
-0.234131 0.412720 0.940552 -0.021973 0.002197 -0.004517
-0.242676 0.406494 0.939453 -0.017944 -0.001099 -0.002441
-0.237793 0.397827 0.939331 -0.012329 -0.004639 0.012329
-0.234131 0.418579 0.945923 -0.013428 -0.002197 0.015991
-0.225952 0.415161 0.945435 -0.017700 -0.000366 0.007568
-0.232788 0.409302 0.949951 -0.019897 -0.000122 -0.001709
-0.237183 0.398438 0.940918 -0.017700 0.001343 0.000488
-0.240845 0.402344 0.939941 -0.013306 -0.002686 0.010742
-0.234375 0.415649 0.946777 -0.013428 -0.003174 0.002930
-0.223755 0.417725 0.942017 -0.018066 -0.001221 -0.000732
-0.236938 0.402344 0.937378 -0.017578 0.001587 0.014038
-0.182861 0.374634 0.946655 -0.008179 0.010498 0.064453
-0.240356 0.397583 0.941772 -0.008423 0.000122 0.039307
-0.207153 0.429565 0.938354 -0.025757 0.009399 0.023438
-0.221680 0.404907 0.939087 -0.050415 0.047119 0.006714
-0.296021 0.296997 0.934082 -0.045532 0.022827 0.022949
-0.237915 0.398804 0.941895 -0.018066 0.009277 0.043213
-0.238525 0.410278 0.936768 -0.013550 0.000977 0.034058
-0.191284 0.415771 0.938843 -0.027832 0.026367 0.018066
-0.820557 -0.116089 0.963623 -0.010986 -0.006348 0.050781
-0.483643 0.240845 0.952393 -0.029541 0.020874 0.038452
-0.285522 0.410522 0.943970 -0.006958 0.000122 0.068848
-0.173706 0.442139 0.927856 -0.065308 0.058960 0.002686
-0.223755 0.407227 0.947388 -0.032104 0.015625 0.033447
-0.135864 0.449219 0.938110 -0.045044 0.045410 0.046143
-0.714355 0.353760 0.864258 -0.160400 0.059204 -0.024658
-0.204468 0.456665 0.953247 -0.005981 0.008301 0.096802
-0.000122 -0.000122 -0.000122 0.000000 0.000000 0.062256
-0.266479 0.329712 0.943970 0.009644 -0.008423 0.087280
-0.208862 0.426392 0.941040 -0.039551 0.025024 0.058594
-0.589355 0.057373 0.964111 -0.094849 0.058838 0.007568
-0.248047 0.397095 0.947510 -0.023315 0.011597 0.070679
-0.229858 0.481079 0.972168 -0.071411 0.034058 -0.021484
-0.601807 0.025879 0.931885 0.012207 -0.043335 0.143677
-0.286011 0.427856 0.945557 -0.010010 0.000000 0.110352
-0.243408 0.502441 1.001465 -0.239502 0.126465 -0.150513
-0.368286 0.143799 0.944946 -0.000122 0.005615 0.188599
-0.159180 0.571655 0.961060 -0.055786 0.043579 0.071167
-0.307373 0.300781 0.933960 -0.055054 0.025391 0.067505
-0.447632 0.118286 0.937866 0.003296 -0.024780 0.109985
-0.253662 0.410522 0.943726 -0.007324 -0.003296 0.064087
-0.265381 0.403687 0.960327 -0.023804 0.011597 0.063599
-0.276611 0.225342 0.961182 -0.251343 0.076660 -0.174316
-0.240112 0.433472 0.947144 0.011108 -0.005615 0.097900
-0.211914 0.456543 0.950928 -0.012207 -0.007446 0.054321
-0.244873 0.398926 0.949951 -0.021118 0.005737 0.004517
-0.288574 0.363281 0.945801 -0.014648 0.002075 0.023560
-0.272217 0.375488 0.948364 -0.010254 -0.005005 0.054688
-0.255859 0.401123 0.956055 -0.017212 -0.009399 0.067993
-0.252441 0.380371 0.956543 -0.026855 -0.005127 0.052368
-0.209106 0.385010 0.940918 -0.032715 0.007690 0.025757
-0.368530 -0.296997 0.867188 -0.033936 -0.020996 0.026245
-0.263672 0.428101 0.966919 -0.036499 -0.010742 0.011963
-0.161133 0.511841 0.972290 -0.143311 0.037720 -0.101807
-0.247681 0.368530 0.953491 0.002686 -0.004761 0.071899
-0.204102 0.548096 0.972046 -0.059692 -0.000732 -0.003540
-0.253784 0.381470 0.951538 -0.037598 0.014526 0.013916
-0.323853 0.509277 0.975830 -0.101318 0.000366 -0.049438
-0.296387 0.384521 0.965088 -0.035400 0.001953 0.030640
-0.279663 0.317383 0.963867 -0.076416 -0.004761 0.004150
-0.082886 0.095093 0.906860 -0.012939 0.005249 0.072144
-0.241699 0.357788 0.959106 -0.024292 -0.000488 0.034424
-0.263062 0.409180 0.957397 -0.057617 -0.013428 -0.009155
-0.266968 0.373901 0.957642 -0.023926 0.004272 0.009521
-0.275024 0.375610 0.960205 -0.032349 0.001099 -0.004028
0.031006 0.152344 0.863281 -0.096802 -0.056885 -0.085327
-0.248535 0.373413 0.950317 -0.071655 -0.007324 -0.032227
-0.303955 0.324707 0.965698 -0.074585 -0.028076 -0.034180
-0.230225 0.336792 0.952515 -0.023071 0.003174 -0.008911
-0.268433 0.361572 0.966309 -0.035278 -0.010986 -0.026611
-0.355713 0.473145 1.001465 -0.082886 -0.048584 -0.070801
-0.270996 0.343506 0.956787 -0.037842 0.000732 -0.016479
-0.196777 0.313232 0.915405 -0.086426 -0.054810 -0.099854
-0.321045 0.338623 0.982910 -0.039185 -0.021606 -0.049072
-0.407593 0.371948 1.002930 -0.024658 -0.051514 -0.054688
-0.290283 0.333008 0.958740 0.000122 -0.027222 -0.047852
-0.376221 0.378174 0.977295 -0.025635 -0.107666 -0.084839
-0.285034 0.395630 0.966064 -0.038818 -0.034302 -0.079346
-0.149414 0.354248 0.950439 -0.042480 -0.011475 -0.098267
-0.338623 0.326416 1.001099 -0.038696 -0.071411 -0.106201
-0.344360 0.249634 0.978882 -0.029419 -0.013672 -0.069458
-0.244629 0.305908 0.953491 -0.029175 -0.010986 -0.088013
-0.334229 0.296753 0.971069 -0.013550 -0.036987 -0.095215
-0.215454 0.464722 0.993042 0.018311 -0.125366 -0.069580
-0.318970 0.341675 0.966919 -0.037231 0.003174 -0.095215
-0.303833 0.301880 0.973389 -0.031006 -0.014160 -0.102295
-0.399658 0.227539 0.990112 0.012085 -0.076050 -0.060059
-0.445923 0.101685 0.952271 0.046509 -0.078125 -0.050415
-0.416016 0.149292 0.970215 0.033569 -0.066650 -0.060913
-0.464111 0.046631 0.944946 0.052002 -0.064575 -0.030151
-0.272949 0.300537 0.968384 -0.026367 -0.005615 -0.070435
-0.240601 0.307129 0.971558 -0.008301 -0.013550 -0.052734
-0.255737 0.355591 0.969482 -0.007080 -0.013550 -0.060791
-0.259888 0.327393 0.969971 -0.012451 -0.010864 -0.090820
-0.250244 0.291626 0.968628 0.023682 -0.009277 -0.067017
-0.045898 0.694580 1.002075 0.074341 -0.029297 -0.030029
-0.278442 0.216919 0.958740 0.086914 -0.026123 0.007324
-0.287476 0.343384 0.980469 -0.010864 -0.007324 -0.064575
-0.272217 0.308228 0.960693 0.006714 -0.013062 -0.038940
-0.398315 -0.362305 0.858032 0.189087 -0.036499 0.079834
-0.188599 0.758667 1.004761 0.037476 -0.006470 -0.053101
-0.254761 0.353394 0.977661 -0.018677 -0.006226 -0.071045
-0.246582 0.322754 0.966431 -0.010864 -0.007324 -0.049438
-0.274658 0.336060 0.968140 -0.006958 -0.012329 -0.044800
-0.241333 -0.046509 0.859253 0.132690 -0.007324 0.070435
-0.171143 0.273682 0.953735 -0.000977 -0.009521 -0.043945
-0.232300 0.233521 0.940186 0.044312 0.004150 0.026123
-0.367188 0.415161 0.987305 -0.026855 -0.031616 -0.044067
-0.225098 0.302856 0.962036 -0.010620 -0.003784 -0.031860
-0.247314 0.294922 0.950317 0.011475 0.009277 -0.013916
-0.449585 0.547241 1.014771 0.002563 -0.018555 -0.014648
-0.264771 0.341919 0.962402 0.006226 -0.016724 -0.008423
-0.262573 0.354736 0.958740 -0.001221 -0.007324 -0.028809
-0.259277 0.334839 0.947754 0.009277 0.004395 -0.029785
-0.588257 0.526489 1.050415 0.022217 0.005493 0.003662
-0.262939 0.296021 0.918335 0.032959 -0.003418 0.021851
-0.278564 0.368408 0.970215 -0.015503 -0.020752 -0.047363
-0.260864 0.319702 0.963623 -0.004395 -0.006470 0.005127
-0.259888 0.345337 0.949829 0.000977 0.008667 0.039185
-0.306885 0.371704 0.964844 -0.001221 -0.007690 0.039063
-0.255005 0.339478 0.948242 0.000977 -0.004028 0.018921
-0.317017 0.369263 0.966187 -0.000854 -0.007690 0.006958
-0.239746 0.344116 0.954834 -0.000366 0.003418 0.017944
-0.109009 0.324829 0.969971 0.027344 0.121704 0.114990
-0.190918 0.351074 0.953491 0.010010 -0.013794 0.034058
-0.228882 0.397583 0.962280 -0.005859 -0.004272 0.022217
-0.145020 0.355713 0.935059 -0.012451 0.062622 0.039307
-0.293457 0.337646 0.962769 -0.015015 -0.009766 0.018066
-0.258545 0.343262 0.956055 -0.009033 -0.012451 0.020874
-0.241455 0.348877 0.949951 -0.005249 -0.002441 0.021362
-0.256592 0.337891 0.953735 0.001221 0.025146 0.039185
-0.184692 0.334106 0.915161 0.010498 0.059082 0.077271
-0.176392 0.354980 0.955322 -0.000488 -0.029785 0.057373
-0.187744 0.374634 0.948975 -0.005493 0.012817 0.058472
-0.253174 0.374268 0.961670 -0.024780 0.084839 0.070679
-0.245239 0.351807 0.948486 -0.004761 0.000000 0.045898
-0.319458 0.377441 0.969971 -0.007690 0.026733 0.044800
-0.216431 0.378418 0.937622 -0.020630 0.033936 0.004761
-0.251709 0.376465 0.955811 -0.010010 -0.012817 0.012817
-0.247925 0.384155 0.953125 -0.017090 0.002197 0.020996
-0.244141 0.376587 0.950073 -0.020142 0.011475 0.022949
-0.187256 0.403564 0.927368 -0.042114 0.059448 0.018311
-0.407471 0.316528 0.967651 -0.005127 -0.027344 0.060059
-0.257202 0.400146 0.947021 -0.012573 -0.011841 0.036987
-0.265259 0.376343 0.943970 -0.030640 0.016968 0.006958
-0.263794 0.359131 0.950562 -0.018555 0.003662 0.031250
-0.260010 0.367798 0.951416 -0.019165 0.007813 0.034180
-0.232788 0.393921 0.944824 -0.026855 0.014771 0.027100
-0.252930 0.356445 0.948486 -0.018433 0.003418 0.033691
