-0.311523 0.355103 0.930786 -0.018433 -0.006592 -0.001221
-0.335815 0.373657 0.937622 -0.017212 -0.004150 -0.000122
-0.311035 0.327393 0.933838 -0.012695 -0.008179 -0.001099
-0.304565 0.341431 0.937500 -0.006226 -0.009277 0.005493
-0.314575 0.364746 0.933594 -0.007568 -0.004761 0.003296
-0.318481 0.354492 0.928711 -0.010132 -0.002930 0.002808
-0.322876 0.343750 0.934814 -0.007446 -0.005493 0.014526
-0.311646 0.357666 0.936523 -0.002930 -0.008423 0.027466
-0.320679 0.369019 0.933960 -0.005615 -0.010010 0.020142
-0.303101 0.361938 0.937256 -0.006226 -0.009033 0.040405
-0.260742 0.410278 0.930054 -0.013794 0.004150 0.044067
-0.395508 0.300171 0.946167 -0.051392 0.048828 0.033936
-0.257935 0.410645 0.931763 -0.038330 0.032959 0.037231
-0.374390 0.331787 0.947266 -0.028931 0.033813 0.082764
-0.619629 0.202515 0.978760 -0.134155 0.117920 0.007690
-0.288086 0.404419 0.928833 0.002563 -0.005371 0.083008
-0.806274 0.046387 0.963135 -0.122681 0.124878 0.036377
0.007080 0.732544 0.915649 -0.067139 0.079468 0.052246
-0.245728 0.434204 0.938843 0.000244 -0.026367 0.082397
-0.244019 0.419189 0.928589 -0.027222 0.009644 0.030273
-0.785522 -0.023315 1.058716 -0.230835 0.183716 -0.049438
-0.103516 0.515503 0.913452 -0.005005 -0.006104 0.124268
-0.475098 0.337524 0.899048 -0.117065 0.100830 0.081909
-0.291748 0.459839 0.934814 -0.038208 0.010010 0.133545
-0.139893 0.663208 0.926758 -0.099365 0.075439 0.052490
-0.241089 0.459839 0.968506 -0.036377 0.004883 0.135986
-0.292114 0.376831 0.882080 -0.114624 0.028564 -0.020508
-0.327881 0.252686 0.912842 -0.115601 -0.004883 -0.044312
-0.395020 0.055054 0.903809 -0.093384 0.014282 0.020142
-0.325806 0.582275 0.940918 -0.170532 0.047485 -0.050171
-0.328125 -0.083984 0.884644 -0.099365 -0.005249 0.075073
-0.360840 0.562134 1.021973 -0.044067 -0.001831 0.067505
-0.322266 0.205078 0.927368 -0.079956 -0.010742 0.003174
-0.374268 0.480347 0.955200 -0.058594 -0.016846 0.044678
-0.333618 0.366455 0.947876 -0.026245 0.000488 0.098633
-0.391235 0.435303 0.946289 -0.080444 -0.015503 0.012085
-0.401123 0.268433 0.933472 -0.098267 -0.019897 -0.007813
-0.408203 0.307861 0.954590 -0.043213 -0.011841 0.036011
-0.324097 0.243896 0.939819 -0.020508 -0.042236 0.025269
-0.304688 0.295044 0.930176 -0.022583 -0.053345 0.044800
-0.092163 0.054688 0.867676 -0.079468 -0.072632 0.011719
-0.398560 0.391479 0.991943 -0.043091 -0.017578 0.055664
-0.100098 0.006104 0.811890 -0.197876 -0.135010 -0.128662
-0.245850 0.338989 0.923706 -0.046387 -0.068970 0.031250
-0.384277 0.293945 0.948853 -0.027832 -0.003784 0.006348
-0.315674 0.280518 0.954102 -0.014160 -0.033447 0.002319
-0.433594 0.375732 1.023926 -0.014771 -0.059204 0.023560
-0.077271 0.337891 0.866333 -0.039551 -0.066895 -0.058105
-0.433228 0.346924 0.983032 -0.035522 -0.011230 -0.041504
-0.299683 0.267212 0.950195 -0.038696 -0.051636 -0.111938
-0.279785 0.240356 0.931274 -0.028076 -0.128906 -0.153198
-0.355225 0.319458 0.967163 -0.012207 0.007568 -0.057495
-0.223633 0.335815 0.944946 0.033081 -0.059570 -0.069336
-0.613037 0.081299 0.941040 0.048462 -0.095093 -0.034912
-0.374878 0.273071 0.974243 -0.012573 -0.010986 -0.087646
-0.652344 -0.003540 0.975220 -0.001831 -0.032104 -0.097778
-0.374390 0.286987 0.950928 0.018311 -0.016968 -0.086426
-0.239136 0.537720 0.979736 0.086060 -0.069336 -0.022705
-0.423096 0.143066 0.958862 -0.006348 -0.012329 -0.104492
-0.325073 0.349731 0.958618 0.015625 -0.006592 -0.059326
-0.350586 0.288696 0.953003 0.017212 -0.010986 -0.038208
-0.343628 0.307495 0.960693 0.041626 -0.015015 -0.048584
-0.315308 0.302368 0.955078 -0.000854 -0.007202 -0.086060
-0.310059 0.302856 0.943726 0.010864 -0.008545 -0.044922
-0.299927 0.184692 0.923828 0.030029 -0.008789 -0.053955
-0.267090 -0.044556 0.877075 0.018799 0.009155 -0.071411
-0.372070 0.530151 0.986572 0.034912 0.008179 -0.039795
-0.335205 0.269897 0.945557 0.000977 -0.006592 -0.069214
-0.415405 0.547852 0.996826 0.081055 0.011475 -0.003174
-0.307495 0.235352 0.924316 0.037720 -0.002930 -0.036255
-0.312378 0.327759 0.948120 0.002686 -0.012573 -0.069336
-0.309814 0.084961 0.931274 0.091675 0.039917 0.027710
-0.217163 0.186523 0.930054 -0.006348 -0.018066 -0.085449
-0.264282 0.164063 0.889404 0.040527 0.009033 0.026489
-0.261597 0.333740 0.953247 0.009521 -0.026978 -0.010132
-0.277344 0.311401 0.942505 0.001221 -0.010864 -0.008545
-0.317261 0.322266 0.939209 -0.000610 0.002197 -0.017578
-0.349487 0.321777 0.938232 0.024658 0.024536 0.003418
-0.330200 0.335815 0.955444 0.010254 -0.014160 -0.004150
-0.287354 0.346680 0.939819 0.004150 -0.008179 0.012695
0.020386 0.209351 0.739258 0.015991 0.053467 0.044067
-0.169678 0.264648 0.929321 -0.005371 -0.030029 0.010498
-0.425903 0.309448 0.942505 0.017944 0.054565 0.088623
-0.365601 0.331787 0.957031 0.007690 0.004517 0.066772
-0.677734 0.268311 1.078979 -0.000977 0.110474 0.106567
-0.266968 0.349609 0.914063 0.014526 0.005249 0.076782
-0.350220 0.367065 0.944458 0.006958 0.001465 0.067017
-0.302124 0.367188 0.933472 -0.012939 0.005127 0.009277
-0.419434 0.346436 0.953369 -0.018921 0.010620 0.009399
-0.337646 0.323608 0.937622 -0.007324 -0.004883 0.017944
-0.246460 0.365112 0.913940 -0.003784 0.025513 0.057129
-0.939941 0.084961 1.006348 -0.039307 0.101929 0.133057
-0.294189 0.382813 0.927979 0.009399 -0.007568 0.061279
-0.349609 0.359497 0.940063 -0.004028 0.001587 0.044800
-0.338867 0.374268 0.936401 -0.014282 0.004761 0.029785
-0.322510 0.352783 0.942017 -0.017944 -0.000610 0.037720
-0.282349 0.407349 0.929321 -0.015381 0.005005 0.060181
-0.803955 0.136719 0.980957 -0.059448 0.078247 0.048706
-0.324097 0.385010 0.929932 0.000977 -0.018555 0.025879
-0.293701 0.395874 0.927856 -0.019653 0.009277 0.024414
-0.684814 0.204956 0.967529 -0.056396 0.052124 0.010620
-0.347412 0.338745 0.929565 -0.009644 -0.003418 0.022705
-0.250000 0.440186 0.912842 -0.023804 0.023560 0.043091
-0.414551 0.258789 0.944092 -0.026001 -0.001343 0.067627
-0.287476 0.386475 0.931152 -0.002808 -0.012329 0.047485
-0.286743 0.385620 0.929443 -0.023438 0.010986 0.017944
-0.358032 0.342163 0.931274 -0.038696 0.022217 0.013062
-0.334839 0.323120 0.936279 -0.027954 0.002563 0.026855
-0.400391 0.226929 0.931030 -0.124023 0.046143 -0.066528
-0.271973 0.417603 0.928467 0.000366 -0.011475 0.061401
-0.335083 0.358398 0.932495 -0.015015 0.000854 0.040771
-0.328491 0.355103 0.936646 -0.019165 -0.001831 0.026489
-0.329956 0.363892 0.937134 -0.022827 -0.000244 0.028442
-0.330811 0.358032 0.942749 -0.026855 0.004517 0.029175
-0.320435 0.361084 0.935669 -0.024048 0.005127 0.028076
-0.337891 0.316406 0.928345 -0.032104 0.003662 0.014038
-0.341919 0.334229 0.928955 -0.014893 -0.003662 0.036621
-0.331543 0.345459 0.935425 -0.011597 -0.004639 0.045044
-0.314087 0.376953 0.937866 -0.023193 0.003052 0.042847
-0.233521 0.769775 0.896851 -0.188354 0.057373 -0.123413
-0.240601 0.451416 0.935913 -0.050537 0.002686 -0.001953
-0.299561 0.385986 0.929688 -0.010254 -0.011719 0.000244
-0.306519 0.381348 0.932739 -0.021240 -0.010376 -0.029541
-0.332031 0.350830 0.939575 -0.024414 -0.005737 -0.027344
-0.335693 0.343384 0.937500 -0.021851 -0.008301 -0.010742
-0.336670 0.342041 0.938843 -0.020630 -0.009644 -0.008057
-0.319946 0.334717 0.936279 -0.020386 -0.005493 -0.019409
-0.339478 0.338379 0.932617 -0.016357 -0.003662 -0.008057
-0.338623 0.340698 0.933472 -0.011963 -0.006348 0.000122
-0.336792 0.351563 0.937378 -0.016479 -0.006470 -0.012207
-0.329102 0.355591 0.933716 -0.023438 -0.002686 -0.012573
-0.350830 0.337158 0.929443 -0.025879 -0.007690 -0.014282
-0.335205 0.341187 0.930542 -0.023315 -0.012451 -0.014648
-0.337280 0.329590 0.937378 -0.018066 -0.008667 -0.013672
-0.331177 0.344604 0.932129 -0.016479 -0.006470 -0.012817
-0.335938 0.339233 0.935059 -0.017456 -0.005371 -0.014771
-0.342285 0.323730 0.934937 -0.011230 -0.008301 0.000366
-0.335938 0.346924 0.931763 -0.012329 -0.010376 -0.003662
-0.336914 0.345215 0.934448 -0.017334 -0.011353 -0.010498
-0.340332 0.339478 0.934814 -0.015259 -0.011230 -0.010620
-0.342896 0.338013 0.935669 -0.013306 -0.011475 0.002075
-0.325806 0.355835 0.928711 -0.021362 -0.005981 -0.005493
-0.336792 0.344604 0.934448 -0.026733 -0.003784 -0.014160
-0.355835 0.321289 0.940918 -0.020020 -0.009155 -0.005127
-0.329712 0.335938 0.934326 -0.012695 -0.012085 0.002075
-0.331299 0.339844 0.936523 -0.010986 -0.005493 0.010254
-0.337646 0.336548 0.934448 -0.011353 -0.003418 0.014282
-0.341675 0.345947 0.931396 -0.015381 -0.004395 0.002441
-0.340088 0.337524 0.934082 -0.017944 -0.011230 0.001099
-0.324463 0.335571 0.935303 -0.017456 -0.005859 0.002686
