-0.263062 0.395020 0.932861 -0.011597 -0.008911 0.010742
-0.280029 0.391602 0.935669 -0.015259 -0.003296 0.012939
-0.281372 0.395874 0.938354 -0.015015 -0.004150 0.016235
-0.285156 0.395386 0.934448 -0.018799 -0.004761 0.004028
-0.291138 0.383789 0.933594 -0.015137 -0.010010 0.006104
-0.277832 0.388428 0.921143 -0.007446 -0.010742 0.020508
-0.289429 0.402588 0.936279 -0.002563 -0.008789 0.028076
-0.265381 0.396606 0.939087 -0.008667 -0.009399 0.018066
-0.272583 0.396118 0.936157 -0.012817 -0.005005 0.018555
-0.283325 0.382935 0.938354 -0.010010 -0.003296 0.032349
-0.281128 0.401245 0.937012 -0.007324 -0.008789 0.037598
-0.277832 0.394043 0.938232 -0.008301 -0.013184 0.048706
-0.275024 0.410278 0.935547 -0.006470 -0.002075 0.060669
-0.285522 0.396851 0.936646 -0.010010 0.005371 0.055542
-0.084839 0.581177 0.897461 -0.030396 0.043091 0.045532
-0.545776 0.124512 0.941528 -0.076050 0.049805 0.053345
-0.348267 0.401123 0.934692 -0.041992 0.025879 0.063232
-0.181396 0.459839 0.931030 0.000122 -0.020264 0.072998
0.000000 0.000000 0.000000 -0.086304 0.083862 -0.012817
-0.205078 0.386719 0.943848 -0.047485 0.001953 0.051514
-0.000122 -0.000122 -0.000122 0.000000 0.000000 0.000000
-0.098877 0.775879 0.870117 -0.110718 0.071533 0.033203
-0.327026 0.084229 0.979248 -0.121216 0.064087 0.033691
-0.321289 0.500000 0.942017 -0.072754 0.065430 0.037964
-0.559692 0.228149 0.914429 -0.122070 0.103394 0.011475
-0.308472 0.418213 0.941895 -0.004639 -0.013916 0.138794
0.033203 0.720337 0.878174 -0.168945 0.116821 -0.002319
-0.022095 0.448120 0.937500 -0.014771 -0.028442 0.174683
-0.415161 0.546021 0.900146 -0.170776 0.129883 -0.003052
-0.653198 -0.139893 1.000610 -0.166016 0.074585 0.031494
-0.166626 0.605347 0.958740 -0.025513 0.004761 0.138550
-0.229126 0.348633 0.942505 -0.056641 -0.008423 0.117798
-0.196411 0.307983 0.946167 -0.107300 0.035645 0.067261
-0.330200 0.250854 0.909302 -0.137085 0.015015 0.011475
-0.276611 0.429688 0.937988 -0.020630 0.007935 0.081787
-0.344971 0.242798 0.926392 -0.077637 0.029663 -0.000610
-0.211304 0.675659 1.014893 -0.034302 0.035645 0.074463
-0.265137 -0.235107 0.919678 -0.200195 0.022339 -0.073730
-0.335449 0.158813 0.910645 -0.082031 0.008789 0.026245
-0.330566 0.446899 0.954590 -0.017090 -0.001343 0.072144
-0.243774 -0.031128 0.886841 -0.133911 -0.025757 -0.040894
-0.236694 0.157593 0.924072 -0.122070 -0.033081 -0.008057
-0.216309 0.246460 0.934937 -0.137573 -0.031250 -0.009155
-0.411377 0.376831 0.970215 -0.030884 0.019531 0.061157
0.087402 -0.138062 0.859253 -0.149780 -0.076294 -0.151978
-0.293579 0.324097 0.957764 -0.040039 -0.006104 0.004883
-0.365845 0.363037 0.977417 -0.069824 -0.037598 -0.024048
-0.402222 0.395996 0.984863 -0.032471 0.000122 0.036499
-0.444336 0.405151 0.902588 -0.069458 -0.038818 -0.021484
-0.503418 0.449219 0.990967 -0.053345 -0.026001 -0.035156
-0.215088 0.250244 0.956665 -0.049927 -0.018311 -0.076050
-0.173218 0.260620 0.933228 -0.040039 -0.037476 -0.117065
-0.514526 0.341064 1.021118 -0.030640 -0.032715 -0.098389
-0.114258 0.317749 0.893311 -0.026855 -0.015869 -0.171753
-0.230835 0.302246 0.929077 -0.001465 -0.073486 -0.064941
-0.421143 0.218262 0.972656 -0.015747 -0.030151 -0.066528
-0.267334 0.330688 0.947754 0.001465 -0.042114 -0.062866
-0.277710 0.309082 0.956177 -0.003784 -0.022217 -0.059937
-0.265869 0.307007 0.965332 -0.002441 -0.014893 -0.065308
-0.325195 0.286011 0.959106 0.026978 -0.030762 -0.032104
-0.294067 0.334595 0.956909 -0.000488 -0.013428 -0.069702
-0.255859 0.380371 0.968750 0.022705 -0.021973 -0.052246
-0.262329 0.289063 0.953979 -0.005737 -0.005981 -0.042358
-0.376465 0.233154 0.966553 0.066895 -0.019043 0.013550
-0.327271 0.261353 0.992188 0.073242 -0.039795 0.002197
-0.331299 0.272827 0.960449 -0.021851 -0.003296 -0.064575
-0.255981 0.328247 0.959351 0.001343 -0.016724 -0.040283
-0.293579 0.337891 0.953491 -0.004272 -0.009644 -0.046021
-0.301392 0.138672 0.930786 0.016602 -0.017578 -0.062012
-0.385132 0.294312 0.956909 0.079834 -0.007690 -0.053101
-0.301270 0.245850 0.939819 -0.006836 -0.009399 -0.076294
-0.344238 0.300781 0.962158 -0.010986 -0.006836 -0.049438
-0.304321 0.333862 0.954590 -0.012939 -0.009033 -0.023315
-0.297241 0.206787 0.937134 0.017212 -0.005371 -0.036377
-0.387207 0.327271 0.967651 -0.016479 -0.003052 -0.093628
-0.312256 -0.122192 0.807495 0.052368 0.001465 -0.014404
-0.279785 0.292847 0.936523 -0.014526 -0.024048 -0.068604
-0.285034 0.470337 0.971191 0.036499 -0.014404 -0.017822
-0.294922 0.340576 0.949707 0.028687 0.003540 -0.027710
-0.305298 0.311279 0.951172 0.016846 -0.002075 -0.033813
-0.474121 0.505005 1.010254 0.044434 -0.006470 0.017212
-0.271484 0.355225 0.951416 0.010986 -0.026611 -0.006470
-0.291260 0.358154 0.949829 -0.002808 -0.006592 -0.025757
-0.261353 0.298462 0.938843 -0.008179 0.007935 -0.056396
-0.350464 0.338135 0.954712 -0.006836 -0.004761 -0.035522
-0.306152 0.342529 0.949951 -0.001099 -0.012451 -0.013794
-0.276245 0.328369 0.931519 0.002930 -0.003296 -0.008301
-0.620972 0.568726 1.018188 0.115479 0.088379 0.138184
-0.219849 0.322266 0.920288 0.009766 -0.024048 -0.000977
-0.458374 0.446777 0.991943 0.030640 0.033569 0.035767
-0.312256 0.360474 0.945801 -0.001221 0.002441 0.007935
-0.313965 0.336304 0.937866 -0.003418 0.000244 0.013794
-0.287964 0.324829 0.930908 0.001099 0.009399 0.010620
-0.648560 0.426270 1.019287 0.023926 0.069946 0.063965
-0.291138 0.346313 0.918701 0.011230 0.011230 0.024170
-0.405884 0.383545 0.954956 0.000366 0.030396 0.028442
-0.488647 0.257813 0.987427 -0.020630 0.095947 0.036255
-0.282715 0.354370 0.942505 -0.006958 -0.017334 0.045288
-0.319336 0.351440 0.944092 -0.014282 0.005493 0.036743
-0.325928 0.354370 0.938232 -0.014038 0.005737 0.039673
-0.327148 0.351807 0.943970 -0.012207 -0.002319 0.034058
-0.307495 0.348633 0.943848 -0.009766 -0.005981 0.022217
-0.297729 0.355469 0.938599 -0.007813 -0.002930 0.026611
-0.244263 0.390259 0.922974 -0.014771 0.011719 0.034424
-0.367798 0.346680 0.953979 -0.033569 0.045410 0.053955
-0.289551 0.385864 0.940308 -0.000854 -0.017578 0.066895
-0.289551 0.369141 0.938965 -0.015869 -0.005127 0.032349
-0.310181 0.361816 0.944092 -0.020874 -0.000854 0.014771
-0.319336 0.339600 0.940063 -0.018188 -0.003540 0.026733
-0.310181 0.362061 0.936401 -0.010620 -0.009155 0.048340
-0.306152 0.364502 0.941040 -0.010254 -0.007324 0.044312
-0.310669 0.358032 0.941284 -0.011108 -0.006836 0.023560
-0.293091 0.368042 0.941895 -0.015259 0.000122 0.021484
-0.276611 0.396606 0.942505 -0.026978 0.016602 0.026489
-0.317749 0.331177 0.941162 -0.041382 0.016235 0.027100
-0.290527 0.396362 0.939941 -0.032104 0.012817 0.042236
-0.367554 0.347900 0.947876 -0.041626 0.026245 0.055542
-0.261475 0.469971 0.930664 -0.084106 0.038086 -0.032593
-0.294434 0.369629 0.939453 -0.030151 0.005005 -0.026367
-0.333252 0.327759 0.941162 -0.020020 -0.009521 -0.009888
-0.313354 0.350342 0.943115 -0.012817 -0.018188 0.013550
-0.275024 0.377686 0.936035 -0.033081 0.003906 0.001221
-0.352905 0.301514 0.946289 -0.028198 -0.004639 0.008301
-0.268311 0.318481 0.937134 -0.011230 -0.006836 0.020142
-0.302612 0.341553 0.939941 -0.013306 -0.003174 0.019165
-0.305908 0.369507 0.942261 -0.014404 -0.002075 0.032349
-0.312866 0.362793 0.937744 -0.019287 -0.001343 0.040161
-0.312134 0.336304 0.937500 -0.022461 0.002075 0.046021
-0.293457 0.370605 0.938599 -0.020020 0.002686 0.059082
-0.315674 0.352173 0.942261 -0.021973 0.004028 0.044189
-0.304077 0.360840 0.941772 -0.021729 0.000488 0.030151
-0.313599 0.361084 0.939575 -0.023560 0.001465 0.007324
-0.329834 0.345337 0.942871 -0.016479 -0.006226 0.023193
-0.306152 0.362061 0.940308 -0.014282 -0.005493 0.026611
-0.303711 0.364380 0.942993 -0.013916 -0.004883 0.017090
-0.312378 0.360962 0.936646 -0.015869 -0.007080 0.008789
-0.306274 0.354004 0.938232 -0.015991 -0.008423 0.006958
-0.299683 0.354004 0.940430 -0.013184 -0.007690 0.005859
-0.302979 0.354492 0.939575 -0.016602 -0.007568 -0.006836
-0.302612 0.360718 0.938843 -0.017334 -0.006958 -0.005127
-0.315552 0.345825 0.943359 -0.012573 -0.010010 0.023682
-0.299683 0.360596 0.942871 -0.010742 -0.008179 0.037964
-0.296875 0.374268 0.937744 -0.016602 -0.001953 0.023804
-0.303711 0.363159 0.935669 -0.021484 0.001587 0.010376
-0.315186 0.351318 0.942261 -0.015503 -0.004639 0.026733
-0.302002 0.355469 0.934204 -0.015991 -0.002319 0.027832
-0.301392 0.378052 0.942139 -0.019165 -0.000854 0.014038
-0.296997 0.366577 0.942261 -0.018921 -0.002441 0.006470
-0.299194 0.359497 0.940308 -0.021362 -0.003052 -0.003418
-0.313843 0.353638 0.940918 -0.018311 -0.006592 -0.003052
