-0.214355 0.405396 0.949097 -0.008789 -0.005859 0.039429
-0.229126 0.390503 0.952148 -0.007324 -0.003052 0.041260
-0.222168 0.388306 0.943726 -0.002930 -0.005127 0.047974
-0.219727 0.404419 0.947876 -0.004028 0.000977 0.061890
-0.018799 0.594116 0.926636 -0.022461 0.027100 0.058105
-0.150757 0.332275 0.939331 -0.040771 0.003540 0.033325
-0.192261 0.419556 0.945557 0.026855 -0.040039 0.115845
-0.095459 0.611572 0.947266 -0.030273 0.034180 0.073486
-0.243774 0.435303 0.947021 0.006836 -0.005615 0.135376
-0.210571 0.405884 0.950073 -0.022827 0.016724 0.090210
-0.185913 0.322998 0.946289 -0.005859 -0.018066 0.116333
-0.231812 0.301758 0.932983 -0.047241 0.005371 0.033569
-0.145874 0.381714 0.951660 -0.000366 -0.028442 0.074097
-0.365967 0.232300 0.939087 -0.140503 0.074585 -0.102295
-0.289429 0.270020 0.949585 -0.021973 0.000854 0.100586
-0.136963 0.453979 0.958008 0.004028 -0.004639 0.114258
-0.217041 0.357422 0.952515 -0.012817 0.011841 0.095581
0.070313 0.706299 0.924316 -0.046021 0.047974 0.050171
-0.353149 0.234863 0.953735 -0.009766 0.027222 0.196777
-0.208984 0.307251 0.958740 0.021851 -0.036987 0.156006
-0.693115 0.033936 1.002197 -0.159790 0.131714 -0.069824
-0.260132 0.349609 0.958252 -0.098755 0.031982 0.029785
-0.169922 0.499390 0.943481 0.007935 -0.011719 0.162598
-0.088989 0.575806 0.965820 -0.015259 0.014771 0.152100
-0.551880 -0.097656 0.943359 -0.154297 0.094604 -0.055908
-0.119507 0.244385 0.937378 -0.024902 -0.001465 0.100708
-0.218384 0.212646 0.941284 -0.090576 0.033447 0.025146
-0.342529 0.234497 0.961304 -0.046997 0.029663 0.084351
-0.153564 0.464478 0.963623 -0.017700 0.005737 0.091064
-0.171997 0.447266 0.925659 -0.078735 0.060059 0.002563
-0.104126 0.524780 0.954224 0.034058 -0.029175 0.215820
-0.268677 0.315063 0.954346 -0.110962 0.068359 0.008789
-0.261597 0.292114 0.952271 -0.030762 0.010742 0.086670
-0.390503 0.068726 0.935425 -0.064331 0.019653 0.048584
-0.278564 0.376221 0.961304 -0.108765 0.060059 -0.031128
-0.181885 0.319336 0.959229 -0.004761 -0.019531 0.093506
-0.239258 0.352295 0.953247 -0.081909 0.046387 0.017212
-0.265259 0.482544 0.965698 -0.128296 0.050781 -0.060913
-0.164185 0.591187 0.971313 -0.027466 0.012451 0.063843
-0.151123 0.346802 0.956055 0.007935 -0.002197 0.111938
-0.252075 0.354004 0.956299 -0.007690 0.003784 0.082886
-0.248535 0.380493 0.973389 -0.024902 0.006470 0.036743
-0.018066 0.493652 0.903320 -0.169067 0.065186 -0.214111
-0.299316 0.391602 0.980957 -0.015259 0.004639 0.111084
-0.179443 0.528198 0.958496 -0.148315 0.053711 -0.069336
-0.224609 0.533325 0.962402 -0.000366 -0.012085 0.140625
-0.190186 0.447266 0.974243 -0.052368 0.002686 0.048462
-0.252075 0.365845 0.954956 -0.034790 0.011963 0.065796
-0.306885 0.415405 0.944824 -0.135620 0.039795 -0.079468
-0.552124 -0.042969 0.943115 -0.144775 0.039429 -0.147217
-0.210083 0.386841 0.973511 -0.013794 -0.014771 0.056396
-0.507568 0.016724 0.945190 -0.167114 0.052734 -0.099731
-0.355835 0.181763 0.903198 -0.115845 0.018555 -0.034546
-0.222778 0.356445 0.968994 -0.006348 -0.008667 0.121460
-0.203003 0.826782 0.967041 -0.078857 -0.043457 0.076904
-0.197021 0.457642 0.992065 -0.040649 -0.008667 0.113281
-0.165894 -0.324097 0.836304 -0.169067 -0.013550 -0.152954
-0.293457 0.444824 1.021851 -0.009521 0.007935 0.103149
-0.218994 0.324951 0.947876 -0.066406 -0.009155 0.028809
-0.241455 0.373901 0.982666 -0.038208 -0.011719 0.046631
-0.159790 -0.064819 0.910278 -0.139648 -0.029175 -0.119019
-0.270630 0.404663 0.985474 -0.061279 -0.012329 0.000610
-0.239746 0.382690 0.979370 -0.017944 -0.009277 0.085083
-0.097168 0.039429 0.934570 -0.081177 -0.033691 -0.050049
-0.257080 0.368164 0.987183 -0.025269 -0.007202 0.009521
-0.278564 0.369751 1.026489 -0.049927 -0.031128 -0.013550
-0.197144 0.376587 0.955566 -0.041748 -0.012207 -0.027832
-0.315063 0.351685 0.976807 -0.030151 -0.012085 0.046143
-0.448364 0.459839 1.034302 -0.023438 -0.019409 0.014526
-0.251221 0.366333 0.970703 -0.008789 -0.007324 0.023560
-0.258545 0.347900 0.974365 -0.026245 -0.040649 -0.050415
-0.275269 0.349243 1.002319 -0.027954 -0.045410 -0.087036
-0.265747 0.299438 0.987915 -0.036133 -0.050171 -0.144409
-0.231934 0.319336 0.972046 -0.019531 -0.018311 -0.076416
-0.312622 0.317017 0.973999 -0.025513 -0.062866 -0.060181
-0.309448 0.320435 0.995728 -0.003784 -0.028320 -0.034302
-0.171143 0.326660 0.953247 -0.007568 -0.043579 -0.116455
-0.422729 0.227295 1.015625 0.018799 -0.063965 -0.070313
-0.361694 0.091675 0.964722 0.000000 -0.052734 -0.109985
-0.281860 0.251221 0.979492 -0.054688 0.010864 -0.157837
-0.074463 0.007080 0.999512 0.107422 -0.109009 0.029053
-0.382690 0.040649 0.974854 0.000122 -0.011841 -0.065796
-0.247925 -0.003540 0.967407 0.049927 -0.083252 -0.029541
-0.314575 0.189087 0.980591 -0.025879 0.002930 -0.102783
-0.202271 0.538452 0.967285 0.026611 -0.045532 -0.052734
-0.225952 0.358154 0.974121 -0.019409 -0.014893 -0.081055
-0.292725 0.206299 0.973511 -0.003174 -0.022583 -0.101929
-0.057739 0.965088 0.968506 0.103516 -0.063721 0.023438
-0.096558 0.728271 1.031860 0.147949 -0.059204 0.109985
-0.271851 0.182251 0.968872 0.036499 -0.034058 -0.022461
-0.244873 0.284668 0.971191 -0.021118 -0.019165 -0.099121
-0.214355 0.204346 0.957031 0.005127 -0.021606 -0.076294
-0.218750 0.335693 0.973877 0.011963 -0.025146 -0.064819
-0.321899 0.232056 0.863037 0.117676 -0.030884 0.064453
-0.103760 0.094604 0.973755 -0.082153 -0.015137 -0.167969
-0.249146 0.285767 0.968506 0.047852 -0.020386 -0.045898
-0.197510 0.584717 0.973267 0.039063 -0.021240 -0.018311
-0.224854 0.425537 0.974854 0.010376 -0.019043 -0.045654
-0.225708 0.142944 0.914185 0.016724 -0.016846 -0.052246
-0.172241 0.283691 0.957031 -0.014038 -0.014404 -0.097168
-0.218750 0.412720 0.980713 0.048584 -0.012451 0.025024
-0.218872 0.519897 0.992676 0.027344 -0.011230 0.038818
-0.214233 0.353027 0.975464 -0.020752 -0.008545 -0.056519
-0.235107 0.316528 0.964844 -0.007813 -0.006226 -0.053589
-0.223511 0.229492 0.934204 0.031738 0.000732 -0.009888
-0.200928 0.281860 0.947388 0.014160 -0.015137 0.005859
-0.230957 0.497559 0.990723 0.030273 -0.014282 0.054688
-0.181152 0.372681 0.963501 0.001221 -0.013550 0.015381
-0.214600 0.361328 0.963989 -0.005127 0.006714 0.003418
-0.293945 0.243164 1.004761 0.081909 0.061768 0.085449
-0.224854 0.271851 0.955688 -0.005615 -0.006104 -0.013306
-0.326294 0.458252 1.027954 0.049438 0.029907 0.079102
-0.154785 0.285522 0.924438 -0.002686 0.011108 -0.010376
-0.113037 0.445557 0.962524 -0.004272 -0.004883 0.000732
-0.567627 0.478394 1.031128 0.027954 0.032959 0.090088
-0.161011 0.333862 0.942383 -0.001343 -0.014160 0.023315
-0.353149 0.382935 0.994507 0.014038 0.034546 0.076904
-0.205444 0.373291 0.960693 -0.009033 -0.015625 0.001465
-0.204102 0.373779 0.960938 -0.009033 -0.006348 0.011597
-0.149780 0.359863 0.926147 -0.006592 0.030884 0.025513
-0.364624 0.385132 0.972168 0.010742 0.017822 0.079834
-0.396240 0.340698 1.019287 0.017334 0.025757 0.108521
-0.126221 0.369507 0.948730 0.003784 -0.026978 0.062988
-0.164429 0.398926 0.958984 -0.002930 0.000244 0.059937
-0.207642 0.379761 0.955566 -0.010132 0.014404 0.056274
-0.233643 0.368896 0.956787 -0.012085 0.024048 0.089233
-0.335938 0.384399 0.928833 -0.058228 0.146240 0.070190
-0.306152 0.363159 0.942627 -0.024658 0.010010 0.054565
-0.168335 0.347778 0.981812 0.008179 -0.029053 0.095093
-0.119019 0.466797 0.956177 -0.021362 0.026489 0.066895
-0.233521 0.390503 0.959595 -0.022461 0.020142 0.026978
-0.238525 0.398193 0.955322 -0.024658 0.023438 0.016479
-0.251587 0.392700 0.951294 -0.023560 0.007568 0.024780
-0.281006 0.315796 0.955688 -0.030762 0.002319 0.021973
-0.206055 0.390259 0.958008 -0.012573 -0.007813 0.065552
-0.215332 0.385864 0.951660 -0.017456 0.007690 0.066528
-0.228882 0.395630 0.953857 -0.012939 0.002808 0.047119
-0.230469 0.381958 0.959351 -0.014893 0.000977 0.028564
-0.213257 0.402710 0.957764 -0.025513 0.010010 0.063354
-0.705444 -0.147949 0.981934 -0.155029 0.105347 -0.111328
-0.334473 0.088135 0.955933 -0.064697 0.013062 -0.038452
-0.174316 0.375732 0.945313 -0.018188 -0.012451 0.004883
-0.208496 0.392212 0.957764 -0.033569 0.009033 -0.047119
-0.248291 0.380859 0.955811 -0.032837 0.007568 -0.046631
-0.256958 0.370117 0.952271 -0.023071 -0.011108 -0.019165
-0.213379 0.387939 0.960938 -0.018677 -0.018921 0.003540
-0.208984 0.393066 0.952881 -0.025146 -0.007690 -0.011719
-0.222168 0.384888 0.954224 -0.032959 0.006348 -0.034424
-0.251709 0.359619 0.956909 -0.026489 0.003418 -0.021240
-0.237305 0.376953 0.953857 -0.008423 -0.012939 0.017822
