-0.196045 0.489258 0.912109 -0.014404 -0.012817 0.005737
-0.184082 0.493164 0.908813 -0.010254 -0.014526 0.023071
-0.177979 0.487305 0.913086 -0.005981 -0.008057 0.032227
-0.158936 0.485840 0.901489 -0.013550 0.001831 0.017334
-0.229980 0.497559 0.914063 -0.010376 0.021484 0.018921
-0.180420 0.498169 0.915161 -0.014648 0.000732 0.015625
-0.415894 0.448853 0.930176 -0.026123 0.049072 0.014893
-0.187500 0.509155 0.907837 -0.005005 -0.013306 0.042114
-0.148560 0.518066 0.902344 -0.009644 0.005493 0.033691
-0.514038 0.549438 0.977539 -0.135864 0.252930 -0.063843
0.024292 0.634399 0.905640 0.025146 -0.088867 0.116089
-0.143066 0.508789 0.903198 0.005981 -0.029785 0.072266
-0.153442 0.545898 0.906494 -0.013428 0.011597 0.031616
-0.329102 0.525635 0.894165 -0.090210 0.115967 -0.049194
-0.209961 0.472168 0.912231 -0.019287 0.008789 0.062256
-0.115601 0.544189 0.906860 -0.005737 -0.008789 0.063354
-0.065674 0.569336 0.911133 -0.039429 0.068848 0.012939
-0.397827 0.440063 0.881836 -0.080200 0.079834 -0.020508
0.030762 0.617310 0.916748 -0.005737 -0.027466 0.096924
-0.278931 0.558960 1.003662 -0.124390 0.142944 -0.051758
-0.165894 0.533203 0.905640 0.016846 -0.032349 0.132813
0.299438 0.857910 0.928467 -0.036011 0.027100 0.015747
-0.439453 0.154663 0.912109 -0.082642 0.051636 0.032471
0.012695 0.681396 0.878906 -0.066040 0.044800 0.015991
-0.143188 0.619629 0.913818 -0.091309 0.083740 0.005737
-0.102905 0.489380 0.915161 -0.001587 -0.031494 0.129883
-0.830444 -0.059204 0.890015 -0.122803 0.098633 -0.050903
-0.192017 0.521484 0.909058 -0.006958 -0.007202 0.071777
-0.076050 0.619995 0.934326 -0.039551 0.037109 0.009277
0.061401 0.898804 0.950806 -0.083008 0.077393 -0.007080
-0.223389 0.322144 0.913818 -0.047363 0.017334 0.087036
-0.092529 0.550415 0.915649 0.001587 -0.029175 0.108765
-0.175781 0.598633 0.929077 -0.132935 0.129883 -0.078247
-0.107056 0.493896 0.918091 -0.019775 -0.006470 0.102905
-0.407471 0.218140 0.900269 -0.075684 0.034424 0.010376
-0.269409 0.418335 0.909546 -0.028931 0.003540 0.050293
-0.245605 0.466309 0.925659 -0.020630 0.000610 0.040527
-0.223145 0.398193 0.881104 -0.221313 0.107910 -0.180542
0.179443 0.842773 0.913330 -0.031982 0.021362 0.078125
-0.150146 0.524902 0.921509 -0.013306 -0.009155 0.092041
-0.118774 0.500000 0.928711 -0.030884 0.000366 0.037598
-0.193604 0.487183 0.925537 -0.051880 0.020386 0.006836
-0.225830 0.462036 0.923584 -0.039063 0.020752 0.021973
-0.295410 0.683716 0.969238 -0.143921 0.097046 -0.064453
-0.209106 0.497681 0.937012 -0.006714 0.006470 0.102661
-0.170410 0.610474 0.960449 -0.073486 0.027100 -0.010864
-0.227295 0.438721 0.911133 -0.023071 0.002930 0.068115
-0.218018 0.510498 0.933960 -0.027954 0.009888 0.059082
-0.490967 0.154785 0.899902 -0.228149 0.055542 -0.156982
-0.242065 0.871094 0.978271 -0.076050 0.000244 0.038452
-0.351318 0.094482 0.875000 -0.073853 0.021484 0.033569
-0.280640 0.393555 0.854492 -0.109497 -0.000122 -0.000122
-0.280640 0.393555 0.854492 -0.014648 0.018433 0.027344
-0.249268 0.459595 0.926025 -0.031494 0.007813 0.001831
-0.260498 0.508179 0.986206 -0.058716 -0.007568 -0.060059
-0.088989 0.285889 0.876465 -0.072021 -0.023804 -0.127075
-0.032593 0.322144 0.907227 -0.055298 -0.042725 -0.090698
-0.257080 0.469116 0.969727 -0.045410 -0.045410 -0.060059
-0.254150 0.471191 0.942261 -0.038086 0.000977 -0.050903
-0.000122 -0.000122 -0.000122 -0.000122 -0.000122 -0.000122
0.058838 0.244019 0.845215 -0.055664 -0.109497 -0.080322
-0.275269 0.412109 0.918213 -0.034668 0.011353 -0.068604
-0.267578 0.396851 0.935059 -0.024048 -0.018188 -0.053955
-0.230591 0.395264 0.937866 -0.012329 -0.029541 -0.035645
-0.279175 0.440918 0.966675 -0.011841 -0.029541 -0.050049
-0.431152 0.429199 0.965088 -0.024658 -0.026001 -0.074707
-0.139404 0.466553 0.932861 0.000122 -0.055908 -0.075562
-0.419067 0.402588 0.968872 -0.034790 0.023071 -0.092651
-0.095825 0.483398 0.915405 0.008911 -0.067261 -0.051758
-0.310669 0.396606 0.943970 -0.026245 0.000366 -0.076294
-0.202393 0.410767 0.930176 -0.014038 -0.021851 -0.071167
-0.510376 0.134521 0.938965 0.021240 -0.045166 -0.035889
0.044678 0.607422 0.923706 0.043457 -0.067261 -0.035645
-0.438721 0.265381 0.924561 -0.018066 0.006714 -0.083252
-0.250366 0.366455 0.943604 -0.021973 -0.007446 -0.083496
-0.563477 0.004761 0.898560 0.036499 -0.051758 -0.017578
-0.477051 0.145142 0.886963 0.013794 -0.035767 -0.046021
-0.385620 0.356567 0.952759 -0.033569 0.025024 -0.112671
-0.254395 0.386230 0.931641 -0.027100 0.006470 -0.077271
-0.354370 0.130859 0.875610 0.023804 -0.011597 -0.012573
-0.253784 0.488281 0.948120 0.003906 -0.008789 -0.049072
-0.257813 0.340210 0.936401 0.004639 -0.015137 -0.036865
-0.356323 0.186523 0.899414 0.075317 -0.029175 0.022705
-0.211914 0.365479 0.921509 -0.024292 -0.009521 -0.091675
-0.271851 0.362671 1.010010 0.099243 -0.039673 0.041138
-0.236328 0.404663 0.931152 -0.022095 -0.010376 -0.088989
-0.228149 0.408813 0.929810 -0.010742 -0.001099 -0.065918
-0.245361 0.434692 0.928101 -0.001343 -0.005981 -0.046021
-0.209473 0.309204 0.879028 0.015015 -0.007446 -0.015869
-0.216919 0.451172 0.938599 0.010498 -0.016602 -0.011841
-0.212158 0.437012 0.929443 -0.001709 -0.012573 -0.021973
-0.235352 0.420776 0.925537 0.003174 -0.007080 -0.016357
-0.225342 0.457153 0.916992 0.032104 -0.003052 0.012695
-0.278198 0.602905 0.969971 0.023682 -0.014038 0.002930
-0.237671 0.420654 0.928223 -0.009766 -0.019775 -0.019043
-0.238159 0.428467 0.919312 -0.004272 -0.009888 -0.000977
-0.258911 0.445801 0.927979 0.009155 -0.002075 0.009277
-0.262329 0.440918 0.931030 0.022095 -0.007324 0.045776
-0.211304 0.450439 0.930298 0.015259 -0.009644 0.065918
-0.262939 0.460083 0.942139 0.017700 0.016724 0.071411
-0.244385 0.443237 0.923950 0.000610 -0.006958 0.026123
-0.190430 0.377563 0.898560 0.026855 0.008789 0.033569
-0.852905 0.755127 1.134277 0.081665 0.082275 0.144287
-0.209717 0.459595 0.915527 0.009766 -0.027832 0.035645
-0.111084 0.348755 0.839600 0.019287 0.034790 0.051270
-0.172974 0.453857 0.924683 -0.004883 -0.031128 0.031128
-0.184814 0.470093 0.913452 -0.000122 -0.008789 0.045044
-0.208008 0.432129 0.915527 0.007446 0.020386 0.070557
-0.215088 0.442383 0.916992 0.003052 -0.002197 0.071411
-0.231812 0.465942 0.919067 0.004761 0.010010 0.084961
0.001221 0.485962 0.877563 -0.004395 0.053223 0.067749
-0.331665 0.466431 0.943848 0.001587 0.026123 0.071411
-0.156738 0.483887 0.913940 -0.002563 -0.013428 0.055298
-0.156250 0.453857 0.908203 -0.013672 0.014771 0.037964
-0.024658 0.573853 0.877563 -0.023926 0.058105 0.024536
-0.178711 0.438477 0.911499 -0.002319 -0.044800 0.063232
-0.431885 0.530151 1.020996 0.006348 0.062622 0.063965
-0.156616 0.472290 0.906738 -0.001831 -0.022705 0.050415
-0.226074 0.465942 0.910645 -0.009521 0.003906 0.035156
-0.254395 0.477173 0.911865 -0.010986 0.004150 0.046997
-0.245728 0.480713 0.919800 -0.010986 -0.000610 0.042847
-0.226685 0.479248 0.914795 -0.009399 -0.006836 0.039551
-0.221191 0.465820 0.912231 -0.008667 -0.008423 0.039307
-0.209473 0.481079 0.915039 -0.006836 -0.005615 0.041382
-0.319824 0.479004 0.926025 -0.029541 0.056152 0.020874
-0.207397 0.489502 0.912231 -0.013184 -0.009155 0.033691
-0.219116 0.475952 0.916626 -0.014160 0.000854 0.024902
-0.224609 0.477783 0.913330 -0.014648 0.006226 0.031250
-0.217041 0.494751 0.915283 -0.026367 0.027222 0.031494
-0.196533 0.480957 0.916626 -0.025146 0.006836 0.052002
-0.037231 0.597778 0.882446 -0.060425 0.042847 0.001709
-0.173462 0.487183 0.917969 -0.012207 -0.012085 0.057861
-0.080322 0.565063 0.914307 -0.031250 0.020386 0.011230
-0.222534 0.450195 0.915405 -0.022339 -0.003418 0.019897
-0.214355 0.474609 0.913940 -0.018555 -0.002686 0.014282
-0.237549 0.466919 0.918335 -0.018433 -0.000854 0.020142
-0.199463 0.486816 0.917358 -0.020508 -0.000488 0.031128
-0.430054 0.249756 0.912109 -0.085571 0.056396 -0.025269
-0.177979 0.506836 0.910522 -0.022095 0.012451 0.038452
-0.212036 0.492188 0.914063 -0.033813 0.014404 0.013550
-0.286377 0.430542 0.924194 -0.045288 0.027954 -0.012451
-0.208130 0.471924 0.913574 -0.017334 -0.006348 0.011230
-0.227905 0.471680 0.912842 -0.017334 -0.000977 0.023682
-0.236206 0.462036 0.915527 -0.016113 -0.003296 0.038452
-0.219482 0.460693 0.918213 -0.013428 -0.008057 0.045776
-0.220093 0.472046 0.912842 -0.013550 -0.007080 0.047485
-0.207031 0.471802 0.918701 -0.020508 -0.000610 0.034058
-0.231689 0.476196 0.912964 -0.039795 0.008789 0.019531
-0.271606 0.459595 0.901611 -0.071533 0.030762 -0.025024
-0.215454 0.469360 0.915527 -0.017334 -0.014038 0.035522
