-0.197388 0.330811 0.982056 -0.008545 -0.000122 0.069092
-0.202881 0.330566 0.982422 -0.016724 0.005981 0.052246
-0.217896 0.313599 0.985229 -0.015015 0.001221 0.037720
-0.210571 0.301147 0.984253 -0.005859 -0.005981 0.059937
-0.199463 0.323120 0.991455 0.001343 -0.002319 0.100464
-0.201538 0.352295 0.984375 -0.016724 0.018921 0.102661
-0.182739 0.288574 0.976929 -0.027466 0.029419 0.080200
-0.180542 0.345215 0.989258 -0.004028 -0.002197 0.080444
-0.164063 0.378174 0.978760 -0.014404 0.010376 0.041016
-0.613525 0.027832 1.021484 -0.045044 0.069336 0.020996
-0.481323 0.177246 0.988281 -0.150513 0.131592 -0.035156
-0.150269 0.371338 0.976074 0.048828 -0.062988 0.158691
0.121216 0.768188 0.976563 -0.039795 0.092529 0.113525
-0.532349 -0.121948 1.006592 -0.075439 0.068604 0.064575
0.065308 0.942017 0.935059 -0.084229 0.064941 0.064331
-0.367188 0.157959 0.967041 -0.101929 0.101440 0.096069
-0.121582 0.627930 0.933350 -0.067139 0.038940 0.132446
-0.214233 0.442993 1.037720 -0.029053 0.038452 0.208496
-0.442139 0.055420 1.061279 -0.277466 0.146484 -0.139160
-0.223145 0.419922 1.010254 -0.000244 -0.003052 0.182495
-0.173706 0.234741 1.033203 -0.109375 0.071533 0.081909
-0.281250 0.048462 0.965698 -0.103149 0.048340 0.145386
0.031128 0.641846 0.988403 0.008545 0.008789 0.323730
-0.434692 -0.504150 1.089600 -0.270630 0.120361 -0.011841
0.220947 1.070190 0.835571 -0.022095 0.007690 0.259521
-0.287476 0.458984 0.982300 -0.133667 0.064331 0.088867
-0.258179 -0.029663 0.984375 -0.077271 0.002808 0.110840
-0.304810 0.013672 1.017090 -0.186035 0.079712 0.018433
-0.610229 -0.174805 1.057495 -0.199707 0.088623 0.056885
-0.215210 -0.130493 1.010986 -0.215820 0.034424 -0.019775
-0.226685 0.211792 0.994751 0.001099 -0.035400 0.106689
-0.162598 0.388062 1.003296 -0.009888 -0.019531 0.064697
-0.240723 0.306274 1.010254 -0.057373 0.007080 0.002686
-0.217285 0.161255 0.987305 -0.043945 -0.015503 0.024902
-0.241333 0.402832 0.998901 -0.056152 -0.010986 0.087524
-0.230469 0.482666 1.002075 -0.102783 0.002686 0.013184
-0.191895 -0.383789 0.925293 -0.183472 -0.019775 -0.133911
-0.251831 0.385742 1.024658 -0.021484 -0.019165 0.071045
-0.216187 0.350098 1.003174 -0.037964 -0.011841 0.034668
-0.237915 0.291626 1.002319 -0.050049 -0.005981 0.003906
-0.139404 -0.018188 0.971313 -0.126099 -0.055298 -0.176025
-0.265259 0.297729 1.001587 -0.027222 -0.000977 0.043945
-0.211304 0.163208 0.976196 -0.056763 -0.027222 -0.016724
-0.221069 0.277832 1.002808 -0.041260 -0.027832 -0.031982
-0.208862 0.247925 0.996460 -0.049072 -0.023804 -0.069580
-0.230225 0.257446 1.015625 -0.037842 -0.016235 -0.052612
-0.157104 0.246216 0.980713 -0.050171 -0.033203 -0.078369
-0.183105 0.221680 0.984497 -0.035156 -0.032959 -0.043579
-0.298584 0.277466 1.018677 -0.020874 -0.040405 -0.004761
-0.215454 0.254272 0.997070 -0.030640 -0.044800 -0.047485
-0.256592 0.228760 1.012329 -0.027710 -0.045044 -0.025635
-0.201904 0.235962 0.996582 -0.029541 -0.000122 -0.047241
-0.222656 0.232056 1.003418 -0.023560 -0.029541 -0.055786
-0.251465 0.248901 1.007935 -0.016724 -0.019531 -0.023926
-0.149292 0.256958 0.994141 -0.015869 -0.062012 -0.053101
-0.229370 0.251831 1.010376 -0.014404 -0.015991 -0.030273
-0.238525 0.244019 1.012085 -0.011841 -0.029541 -0.040649
-0.139038 0.281006 0.979858 -0.019653 -0.026245 -0.127563
-0.289551 0.190063 1.010986 -0.037354 0.009766 -0.091064
-0.266479 0.220825 1.008545 -0.020264 -0.012573 -0.057617
-0.252441 0.201782 1.013428 0.000244 -0.041260 -0.058594
0.076294 0.649170 0.974121 0.112061 -0.140747 0.023926
-0.157959 0.095703 1.007324 -0.077026 0.041382 -0.105225
-0.588501 -0.067749 1.051270 0.034424 -0.046143 -0.012085
0.036499 0.408081 0.998413 0.081543 -0.083496 0.015381
-0.316772 0.216919 1.008667 -0.027344 0.013184 -0.078003
-0.160034 0.323853 1.005249 0.042114 -0.052490 -0.018188
-0.248413 0.196289 1.008545 0.011841 -0.029907 -0.066406
-0.138184 0.275391 0.994751 0.018311 -0.035034 -0.060669
-0.171143 0.280884 1.005005 0.066528 -0.042236 0.006470
-0.230103 0.265259 1.009766 0.005249 -0.014038 -0.038940
-0.225708 0.247437 1.005981 -0.009644 -0.010498 -0.045898
-0.374512 -0.121216 0.969360 0.041138 -0.033813 -0.010742
-0.191772 0.354370 1.001221 0.000488 -0.012817 -0.079468
-0.467651 -0.277588 0.944580 0.045166 -0.026001 -0.038086
-0.254028 0.151611 0.997314 -0.052734 0.014404 -0.126465
-0.311646 -0.028931 0.963623 0.024536 -0.016968 -0.039307
-0.213989 0.130249 1.014282 -0.041504 -0.020142 -0.102173
-0.215088 0.226318 1.006714 -0.022461 -0.011841 -0.092896
-0.206787 0.237305 0.995972 -0.002808 -0.007690 -0.045288
-0.251465 0.686157 1.020752 0.065796 -0.006104 -0.003052
-0.285156 -0.250854 0.872437 0.066650 0.005737 -0.005493
-0.157837 0.092407 0.989136 -0.036499 -0.012573 -0.119751
-0.226074 0.440430 1.022949 0.057495 -0.003662 0.017212
-0.221069 0.310303 1.001831 0.021118 -0.009399 -0.035278
-0.223755 0.265015 0.995483 0.029907 -0.002441 -0.011475
-0.263550 0.919312 1.072266 0.151855 0.001953 0.216309
-0.221558 0.304321 1.005005 0.001709 -0.008423 -0.003418
-0.207642 0.284912 0.995361 -0.002930 -0.008057 0.015503
-0.206055 0.286499 0.995239 -0.006592 -0.002930 0.006348
-0.195435 0.237915 0.989502 -0.004639 0.008301 -0.030396
-0.289063 -0.275146 1.062866 0.096069 0.047974 0.102173
-0.241211 0.229126 1.012451 0.019409 -0.013794 0.015503
-0.175415 0.266113 0.997070 -0.015991 -0.003906 -0.012451
-0.219360 0.269775 0.992676 -0.018433 0.013428 -0.014893
-0.240967 0.270630 0.988892 -0.009888 0.006958 0.021484
-0.224487 0.275024 0.991699 -0.003296 -0.001343 0.042725
-0.207764 0.278687 0.984253 0.004395 0.003906 0.032227
-0.233765 0.290527 0.996582 0.009766 -0.001953 0.010742
-0.253540 0.347534 1.006226 0.016602 0.001831 0.036133
-0.198120 0.301392 0.997070 0.002686 -0.004028 0.029175
-0.213257 0.264038 0.997070 -0.008301 -0.002441 0.004761
-0.210938 0.264526 0.991577 0.005615 0.004883 0.052979
-0.324707 0.273071 0.981079 0.044678 0.053223 0.133423
-0.124023 0.288208 0.995728 0.014160 -0.030762 0.076416
-0.250732 0.388428 0.994751 0.018311 0.048828 0.079712
-0.220337 0.319214 0.996582 -0.001831 -0.000732 0.064575
-0.189941 0.313477 0.989990 -0.016724 0.009521 0.059204
-0.187866 0.301758 0.982910 -0.021362 0.026978 0.052979
-0.231445 0.288940 0.977295 -0.020508 0.033813 0.067749
-0.210938 0.288208 0.974731 -0.022583 0.030884 0.053345
-0.154297 0.339233 0.987793 0.012085 -0.039307 0.058472
-0.159790 0.326660 0.989990 -0.000610 -0.008667 0.028198
-0.199097 0.310547 0.986938 -0.014160 0.011475 0.032349
-0.227417 0.295410 0.986938 -0.017578 0.011353 0.044678
-0.218994 0.310547 0.984375 -0.016846 0.007690 0.046631
-0.200806 0.310059 0.980835 -0.020508 0.018311 0.040649
-0.507080 0.335815 1.025879 -0.097778 0.092896 -0.017822
-0.217163 0.344971 0.984253 0.013062 -0.043335 0.066162
-0.160034 0.342529 0.983521 -0.008789 -0.007935 0.033325
-0.214844 0.307251 0.987305 -0.024170 0.013184 0.001831
-0.250122 0.291382 0.988281 -0.021484 0.006592 0.014038
-0.232788 0.297485 0.988403 -0.008911 -0.008789 0.052002
-0.298706 0.387939 0.951416 -0.065552 0.109131 0.006714
-0.532715 0.078125 1.015503 -0.034302 0.006470 0.049561
-0.132202 0.331665 0.983276 -0.004761 -0.016724 0.041870
-0.179810 0.332397 0.981201 -0.020996 0.009277 -0.003052
-0.237793 0.299194 0.991211 -0.029175 0.019897 0.011475
-0.259399 0.278320 0.987671 -0.021973 0.004272 0.031128
-0.214233 0.303955 0.982788 -0.015747 -0.004395 0.039063
-0.221802 0.296265 0.988892 -0.016113 -0.001709 0.031006
-0.223267 0.322144 0.981201 -0.019897 0.003662 -0.006348
-0.221558 0.304321 0.989258 -0.016113 0.000366 0.025146
-0.213257 0.304321 0.986816 -0.010498 0.000977 0.034546
-0.067017 0.485107 0.928589 -0.058472 0.089355 -0.006958
-0.304443 0.363525 0.986938 0.016479 -0.018921 0.095093
-0.205566 0.367065 0.992188 -0.021484 0.011230 0.065430
-0.190796 0.264648 0.997925 -0.021240 -0.004272 0.050537
-0.188599 0.317871 0.986572 -0.020630 -0.000244 0.022461
-0.230103 0.315186 0.993042 -0.024292 0.010620 0.036743
-0.234009 0.305908 0.984741 -0.024048 0.003540 0.048218
-0.222168 0.322510 0.983643 -0.026978 -0.002563 0.015381
-0.234619 0.296997 0.990479 -0.028320 -0.005005 -0.020386
-0.229126 0.285889 0.984131 -0.022583 -0.010742 -0.026489
-0.217041 0.290771 0.988403 -0.010254 -0.011108 0.002930
-0.219482 0.310547 0.986816 -0.010742 -0.006592 0.004150
-0.222534 0.304810 0.981445 -0.013062 -0.004028 0.006470
-0.224609 0.313721 0.985596 -0.014282 -0.005005 0.012695
-0.224121 0.310303 0.985962 -0.018433 -0.006226 -0.003662
-0.218872 0.312012 0.983765 -0.021484 -0.004639 -0.013306
