-0.211426 0.325562 0.979614 -0.017700 -0.008789 0.018188
-0.186401 0.335571 0.977051 -0.003174 -0.010376 0.073608
-0.123535 0.368774 0.981201 0.004883 0.002319 0.109131
-0.236694 0.336426 0.981445 -0.002563 0.009033 0.059814
-0.198975 0.364624 0.975464 -0.022461 0.027100 0.020386
-0.090088 0.202637 0.987671 0.010620 -0.047363 0.103394
-0.168579 0.391357 0.973999 0.027222 -0.041504 0.109253
-0.161987 0.383911 0.977539 -0.005737 -0.000854 0.033936
-0.193604 0.356201 0.983276 -0.016235 0.010132 0.023071
-0.210205 0.339233 0.984863 -0.013062 0.002808 0.031982
-0.209717 0.327637 0.974609 0.009644 -0.015503 0.104370
0.073853 0.544312 0.958252 -0.004028 0.025391 0.087402
-0.423096 -0.078979 0.973633 -0.150757 0.080444 -0.056519
-0.158691 0.369751 0.969482 -0.032104 -0.001953 0.054443
-0.207397 0.306885 0.979858 -0.025391 -0.007690 0.091064
-0.108521 0.389282 0.972290 -0.034180 0.018066 0.036011
-0.116699 0.384888 0.971191 -0.013550 0.006470 0.071655
-0.181885 0.367554 0.982910 -0.035156 0.043701 0.089111
0.138184 0.714355 0.923828 -0.075195 0.085327 0.049805
-0.042969 0.435181 0.975952 0.027710 -0.047119 0.192627
-0.094482 0.428589 0.977173 -0.014404 -0.007080 0.086426
-0.111694 0.457886 0.964844 -0.063599 0.050903 -0.036377
-0.054688 0.557861 0.962158 -0.061768 0.033081 0.022583
-0.036011 0.645264 0.889404 -0.109619 0.034058 0.016602
0.100464 0.622803 0.964722 0.014404 -0.011963 0.174438
-0.314087 0.079712 0.971069 -0.091675 0.047974 0.055664
-0.121460 0.436646 0.977539 -0.018188 0.010498 0.094971
-0.092285 0.343384 0.977661 -0.013306 -0.001221 0.085327
-0.379272 0.211914 0.986694 -0.105103 0.084351 -0.040405
-0.434448 -0.068237 0.962891 -0.119019 0.067017 -0.032349
-0.670776 -0.087036 1.038452 -0.141968 0.121582 -0.033813
-0.164063 0.505737 0.978149 -0.033081 0.024658 0.085449
-0.133057 0.382324 0.989014 -0.092896 0.074341 -0.070313
0.141724 0.676758 0.964722 -0.022705 -0.003540 0.126465
-0.257446 0.087158 0.981079 -0.090820 0.012939 0.078735
-0.060913 0.451538 0.965942 -0.035767 0.019287 0.054199
-0.352417 0.177612 0.998291 -0.102661 0.067627 -0.039551
-0.263062 0.258179 0.993896 -0.052368 0.025635 0.041626
-0.082031 0.722168 0.978760 -0.080444 0.067261 0.019165
-0.099976 0.712280 0.979248 -0.047363 0.030884 0.120605
-0.126343 0.537354 0.959106 -0.099243 0.049072 0.070923
-0.080933 0.584229 1.001953 -0.013062 -0.003418 0.113892
-0.238403 0.136841 0.980957 -0.030762 -0.004883 0.033813
-0.187378 0.303101 0.969116 -0.036743 0.007202 0.036865
-0.624512 -0.085938 0.996460 -0.211548 0.085815 -0.186523
-0.166992 0.434814 0.992310 -0.039673 0.011597 0.052002
-0.348633 -0.119385 0.974487 -0.071289 0.002808 0.056641
-0.196777 0.323486 0.988037 -0.011597 -0.005859 0.074097
-0.430420 -0.009644 0.993530 -0.245850 0.103760 -0.238892
-0.220825 0.399902 1.006958 -0.047852 0.018188 0.011719
-0.183594 0.219482 0.979492 -0.015869 -0.012085 0.095703
-0.210693 0.526367 0.996704 -0.066650 0.011841 0.037354
-0.100586 0.619751 0.983276 -0.042847 0.005615 0.007446
-0.207397 0.446533 0.984009 0.015259 -0.009766 0.093994
-0.218506 0.320435 0.990967 -0.024780 -0.005249 0.036133
-0.337158 -0.046387 0.973633 -0.109741 0.021362 -0.060913
-0.166260 0.352661 0.980347 -0.090820 0.029541 -0.055298
-0.260132 -0.064331 0.970093 -0.099487 0.008179 -0.065918
-0.250000 0.256226 0.986816 -0.063110 0.004150 0.022461
-0.234741 0.175293 0.984131 -0.043945 0.000732 0.034668
-0.244629 0.343140 1.008301 -0.035278 0.000610 0.019043
-0.277954 -0.584839 0.912476 -0.268433 0.000244 -0.280884
-0.231567 0.264160 0.996582 -0.018433 0.000977 0.003418
-0.269531 0.339478 1.026611 -0.035400 -0.008301 -0.026855
-0.334351 0.263428 0.988525 -0.025146 0.007324 -0.085083
-0.292358 0.314209 1.007690 -0.038086 -0.006226 -0.053101
-0.214966 -0.072021 1.000610 -0.078247 -0.022339 -0.184082
-0.248535 0.235474 0.986572 -0.044312 -0.013428 -0.046631
-0.277832 0.270630 1.015015 -0.032959 -0.008057 -0.018677
-0.203735 0.198853 0.961914 -0.073730 -0.040039 -0.133545
-0.081543 0.050537 0.949097 -0.095703 -0.054443 -0.120605
-0.321777 0.249634 1.027222 -0.034790 -0.009155 -0.024292
-0.213013 0.211792 0.986206 -0.052979 -0.039307 -0.108276
-0.280762 0.213623 0.995728 -0.049927 -0.005005 -0.092285
-0.280029 0.240234 1.003052 -0.034546 -0.019165 -0.087280
-0.162720 0.219238 0.989624 -0.027100 -0.061279 -0.104980
-0.265991 0.224365 0.996826 -0.030151 -0.026855 -0.145264
-0.348755 0.164673 1.022461 -0.020874 -0.031738 -0.093750
-0.132935 0.233154 0.982178 0.007080 -0.077026 -0.097656
-0.208496 0.225220 0.979004 0.008911 -0.084595 -0.084106
-0.294800 0.230225 1.004395 -0.010986 -0.010010 -0.068115
-0.253418 0.225098 1.003052 -0.002808 -0.034180 -0.058350
-0.308350 0.130737 1.018921 0.034424 -0.089478 -0.034546
-0.107422 0.409424 0.987183 0.007324 -0.024414 -0.111938
-0.622803 0.014526 1.057495 -0.004150 -0.025879 -0.125610
-0.281006 0.194458 0.992432 -0.023560 -0.005127 -0.129150
-0.292236 -0.256592 0.985474 0.057983 -0.078491 -0.046509
-0.294312 0.188477 1.010376 -0.024170 0.001953 -0.107666
-0.437622 -0.034912 1.010254 0.024048 -0.036865 -0.041992
-0.299438 0.043945 0.999878 -0.067017 0.025024 -0.128052
-0.340454 0.038574 1.015747 -0.010376 -0.011353 -0.066162
-0.128662 0.649170 1.010620 0.101685 -0.067749 0.013916
-0.088745 0.295166 0.996094 0.031860 -0.025879 -0.033081
-0.302002 0.173584 1.007568 -0.021729 0.000610 -0.066162
-0.331543 0.500488 1.002319 0.018433 -0.007935 -0.034180
-0.052246 0.829590 1.034180 0.183350 -0.058105 0.127197
-0.262085 0.127563 0.994751 0.010864 -0.014404 -0.033691
0.013184 0.350220 1.045654 0.189819 -0.074585 0.154297
-0.286865 0.214966 0.997314 -0.026489 0.001221 -0.071655
-0.240479 0.231689 0.996704 -0.008057 -0.009399 -0.039795
-0.344971 -0.050171 0.966064 0.061523 -0.008179 0.026123
-0.187378 0.340210 1.031982 0.048950 0.002197 0.017822
-0.213623 -0.007813 0.941772 0.010864 0.014771 -0.007324
-0.199097 0.320435 1.005493 0.027100 -0.021851 0.062744
-0.208862 0.277466 0.997192 0.005493 -0.013184 -0.001099
-0.190674 0.013794 0.907104 0.045776 0.007935 0.059082
-0.202881 0.199463 0.994385 -0.015991 -0.015137 -0.017822
-0.231934 0.243042 0.985962 -0.012695 -0.003296 -0.032837
-0.210083 0.179443 0.971191 0.009644 0.005493 -0.016113
-0.125366 0.273926 0.981567 0.082520 0.014648 0.078857
-0.276855 0.454224 1.017456 0.046997 -0.019287 0.018311
-0.112793 0.140625 0.947998 0.060547 0.021484 0.054077
-0.253296 0.177979 0.994385 -0.014526 -0.003296 0.000366
-0.234375 0.255127 0.991821 -0.005859 -0.000977 0.016357
-0.226074 0.259644 0.983765 0.000244 0.003418 0.019653
-0.313354 0.328857 1.003418 0.021362 0.014038 0.053955
-0.282104 0.346924 1.002686 0.031494 0.004761 0.071045
-0.252075 0.342896 0.994873 0.007935 0.005249 0.016113
-0.055176 0.250244 0.902710 0.006592 0.044312 -0.003784
-0.199585 0.226563 0.987305 -0.014526 -0.004150 -0.029053
0.079346 0.256714 0.812744 0.007202 0.057495 -0.019165
-0.132690 0.232178 0.989258 0.000000 -0.020874 0.016235
-0.198608 0.306152 0.991333 0.003540 -0.017212 0.022461
-0.215820 0.303101 0.988525 -0.009644 0.000366 0.007935
-0.248291 0.270020 0.983887 -0.017090 0.012329 -0.000488
-0.261963 0.272461 0.983276 -0.007813 0.035645 0.022827
-0.141235 0.243164 0.946167 -0.001099 0.013428 0.048218
-0.660278 0.196533 1.095215 0.001099 0.119263 0.132935
-0.199951 0.310791 0.993042 0.020386 -0.051758 0.040894
-0.157593 0.337891 0.982056 -0.000977 0.005127 0.041626
-0.249756 0.313843 0.979980 -0.020386 0.029419 0.024536
-0.289429 0.281616 0.985596 -0.022339 0.016846 0.024170
-0.252197 0.266724 0.966187 -0.012573 0.008301 0.057617
-0.370728 0.273560 1.007568 -0.003906 0.027100 0.094727
-0.313721 0.255493 0.991577 -0.009766 0.010742 0.081299
-0.180542 0.350220 0.979614 -0.023193 0.015503 0.012817
-0.244263 0.276367 0.988159 -0.020874 0.002197 0.012207
-0.238403 0.299561 0.980591 -0.016846 0.003662 0.025879
-0.267212 0.290771 0.977905 -0.017334 0.002930 0.031860
-0.268799 0.249634 0.979614 -0.012451 -0.003052 0.069580
-0.235229 0.313599 0.984131 -0.012207 -0.006104 0.057373
-0.226074 0.319580 0.981689 -0.021118 0.005127 0.019897
-0.270508 0.276733 0.978394 -0.022339 0.009155 0.018921
-0.252686 0.301514 0.980591 -0.015503 -0.000488 0.026367
-0.237793 0.320435 0.980103 -0.030884 0.002075 0.008057
-0.247192 0.329224 0.980713 -0.026123 -0.003296 0.012939
-0.238281 0.316650 0.984009 -0.037231 -0.001709 -0.002441
-0.240845 0.298096 0.983154 -0.034180 0.000244 0.012695
-0.249878 0.293335 0.980591 -0.033447 0.001709 -0.006836
-0.253296 0.293701 0.978638 -0.032593 -0.000488 -0.014893
