-0.355835 0.406372 0.916382 0.050293 -0.064453 0.049683
-0.298218 0.435181 0.926270 0.039551 -0.063354 0.046143
-0.283691 0.441040 0.911255 0.025024 -0.043213 0.030762
-0.281128 0.447266 0.931030 -0.011841 -0.023438 -0.017334
-0.284790 0.442871 0.923706 -0.017212 -0.008789 -0.049927
-0.315796 0.426392 0.899292 -0.029785 -0.001343 -0.062256
-0.362549 0.408569 0.894897 -0.032471 -0.013306 -0.031250
-0.364136 0.416626 0.897583 -0.037964 -0.037598 -0.004272
-0.350830 0.426147 0.886353 -0.051514 -0.048340 0.012939
-0.360596 0.430298 0.876465 -0.070801 -0.078857 0.021606
-0.345825 0.375488 0.906982 -0.071777 -0.121460 0.043335
-0.346436 0.584229 0.912964 0.012085 -0.069580 -0.039551
-0.281860 0.454102 0.921143 0.005127 -0.029297 -0.025269
-0.313965 0.401733 0.914917 0.004028 -0.010986 0.006836
-0.276123 0.455444 0.919922 -0.002319 -0.001343 0.017334
-0.294189 0.436035 0.920654 -0.026611 0.015015 0.017944
-0.313721 0.443604 0.914063 -0.029297 0.017822 0.028931
-0.343140 0.425415 0.915527 -0.016724 0.015503 0.040405
-0.305664 0.356079 0.918945 0.000610 0.004150 0.056885
-0.404907 0.347900 0.921021 -0.023438 0.049072 0.082397
-0.394287 0.321777 0.944092 -0.082642 0.093384 0.046509
-0.263306 0.386719 0.911987 0.005859 -0.012573 0.100952
-0.309692 0.816284 0.904907 -0.153564 0.144165 -0.023926
-0.391724 0.276001 0.921387 -0.026611 0.008301 0.167969
-0.143311 0.712280 0.923828 -0.039917 0.032227 0.146973
-0.602295 -0.059204 0.911499 -0.181641 0.074585 0.014404
-0.416504 0.395996 0.963501 -0.114014 0.095581 0.074707
-0.165161 0.484985 0.911377 0.005005 -0.036987 0.205444
-0.665161 -0.199707 0.844604 -0.277588 0.141846 -0.148682
-0.346680 0.630981 0.909058 -0.085571 0.023071 0.049561
-0.146362 0.717163 0.924316 -0.112427 0.047363 0.034302
-0.241089 0.541992 0.897827 -0.098145 0.035889 0.090698
-0.406738 0.096436 0.914673 -0.088257 0.032104 0.095703
-0.188965 0.021362 0.890869 -0.266235 0.082886 -0.100708
-0.461426 0.375610 0.963989 -0.165161 0.065918 0.044312
-0.170532 0.551147 0.924316 -0.107544 0.001465 0.041870
-0.383667 0.394287 0.979980 -0.040283 -0.024902 0.072510
-0.312988 0.252441 0.884155 -0.072266 -0.040039 0.029053
-0.313965 0.250366 0.870972 -0.078613 -0.076782 0.023193
-0.318848 0.593018 0.971436 -0.024658 -0.022583 0.104614
-0.139282 0.181030 0.885742 -0.061523 -0.011841 0.054443
-0.353638 0.452393 0.931519 -0.068970 0.002686 0.031128
-0.430786 0.552979 1.053345 -0.045410 -0.010376 0.035034
-0.322266 0.314941 0.914429 -0.033203 -0.000244 0.046021
-0.365479 0.465332 0.998901 -0.035889 -0.001709 0.051636
-0.295166 0.492920 0.993042 -0.099976 -0.024536 -0.011475
-0.395508 0.426147 0.952026 -0.058594 0.019775 0.018677
-0.373047 0.430176 0.944336 -0.083862 -0.016724 -0.035645
-0.430664 0.395996 0.977173 -0.052002 -0.010132 -0.018433
-0.446289 0.415161 0.926758 -0.017334 0.017334 0.024048
-0.455078 0.498779 1.000366 -0.034180 -0.036499 0.016724
-0.350830 0.391357 0.956055 -0.036255 -0.000610 0.012451
-0.415283 0.490723 0.969849 -0.079224 -0.076660 -0.084839
-0.305542 0.318604 0.916016 -0.053467 -0.007446 -0.072998
-0.342041 0.324585 0.953369 -0.030762 -0.031250 -0.103271
0.468872 0.690308 0.853271 0.020752 -0.146484 -0.098389
-0.285522 0.347534 0.955933 -0.018433 0.000000 -0.054688
-0.273193 0.358154 0.949585 -0.019897 -0.003540 -0.043457
-0.765259 0.083740 0.926514 0.011719 -0.086060 -0.062256
-0.348389 0.306396 0.954224 -0.018921 -0.008423 -0.093018
-0.328125 0.365723 0.949707 0.053345 -0.096924 -0.033936
-0.445557 0.169312 0.961670 -0.021118 -0.016602 -0.100464
-0.086182 0.628174 0.937744 0.066650 -0.079712 -0.056885
-0.350220 0.290894 0.943970 -0.019775 -0.008789 -0.055786
-0.320557 0.312134 0.951782 -0.008301 -0.010132 -0.050415
-0.302734 0.355225 0.946777 0.031494 -0.023926 -0.020752
-0.323975 0.306641 0.944336 0.029541 -0.024658 -0.018433
-0.330322 0.355225 0.947144 0.045166 -0.031860 -0.016846
-0.294556 0.429932 0.938843 0.105469 -0.045410 0.046753
-0.287964 0.358154 0.940552 0.020264 -0.028809 -0.034546
-0.167603 0.923706 1.042969 0.157104 -0.041626 0.096436
-0.271973 0.271973 0.916138 -0.005493 -0.005493 -0.063110
-0.343506 0.384399 0.954590 -0.001343 -0.005371 -0.071899
-0.321777 0.360474 0.935059 0.008545 -0.014893 -0.061646
-0.331909 0.469727 1.108276 0.140991 0.006348 0.097168
-0.286377 0.374023 0.929077 0.001831 -0.021484 -0.056396
-0.233521 0.258057 0.913330 0.073364 0.022705 -0.027832
-0.230225 0.234131 0.931274 0.020508 0.008057 -0.073242
-0.573608 0.563354 1.054321 0.093140 0.058960 0.100952
-0.304199 0.387207 0.927246 0.018188 -0.014893 0.000366
-0.149292 0.276978 0.831421 0.048462 0.050049 0.026855
-0.352661 0.507080 0.969971 0.104248 0.017578 0.102173
-0.493530 0.467407 0.963257 0.049683 -0.012085 0.069092
-0.335571 0.385498 0.972046 0.037598 0.060425 0.071289
-0.301636 0.410522 0.927002 0.017456 -0.013428 0.041870
-0.265869 0.384888 0.926880 0.005981 0.004272 0.073730
-0.308594 0.433960 0.911255 0.009277 0.063599 0.104004
-0.272095 0.408325 0.944092 0.007202 -0.006958 0.079468
-0.477051 0.462280 1.010010 -0.036987 0.118042 0.069092
-0.180176 0.445801 0.885986 -0.030151 0.051758 0.055786
-0.244873 0.439941 0.929321 0.002197 0.002563 0.053345
-0.590088 0.295532 0.949341 -0.048950 0.083130 0.020874
-0.302612 0.386230 0.922485 -0.013428 0.002563 0.038940
-0.321167 0.411865 0.918945 -0.020508 0.016602 0.035278
-0.232788 0.519409 0.918945 -0.053711 0.052979 0.023193
-0.348877 0.344238 0.931885 -0.023071 0.001465 0.070801
-0.383667 0.345581 0.937988 -0.051514 0.029541 0.020508
-0.191284 0.566406 0.914429 -0.058105 0.033203 -0.005371
-0.328979 0.384644 0.929932 -0.049561 0.033447 0.041504
-0.307373 0.440918 0.932251 -0.053711 0.013672 0.041260
-0.319946 0.359985 0.907593 -0.060303 0.019531 0.031616
-0.299438 0.401489 0.932007 -0.025879 -0.001587 0.042847
-0.284302 0.396606 0.921753 -0.026733 -0.004517 0.032471
-0.300903 0.401367 0.930542 -0.027832 0.005249 0.030151
-0.303467 0.396362 0.927734 -0.037231 0.002197 0.030884
-0.325684 0.403564 0.932495 -0.047607 0.002686 0.011963
-0.309326 0.351196 0.919312 -0.033203 -0.009033 0.026855
-0.304077 0.403320 0.925293 -0.016724 -0.005859 0.035034
-0.295654 0.384399 0.927734 -0.019653 -0.001831 0.030518
-0.300903 0.392944 0.924927 -0.023071 0.001953 0.028809
-0.309814 0.403564 0.927368 -0.025269 -0.000122 0.035400
-0.312622 0.385010 0.926270 -0.030029 -0.005005 0.012695
-0.298584 0.392456 0.928101 -0.026855 -0.001343 -0.007446
-0.311523 0.389893 0.925415 -0.027344 -0.000488 -0.010864
-0.327881 0.375488 0.923828 -0.022583 -0.006226 -0.012573
-0.304443 0.390747 0.923340 -0.017578 -0.013672 -0.001221
-0.292480 0.388672 0.927612 -0.018311 -0.008911 -0.005981
-0.321899 0.378662 0.926392 -0.015991 -0.005249 -0.006470
-0.307861 0.389160 0.929565 -0.018311 -0.008545 -0.011108
-0.308350 0.390991 0.928223 -0.017822 -0.010376 -0.002197
-0.302856 0.386475 0.925781 -0.019287 -0.005859 -0.002686
-0.317627 0.378784 0.931396 -0.017578 -0.007202 -0.009888
-0.306519 0.385376 0.927856 -0.015991 -0.008911 -0.011230
-0.313110 0.396118 0.927979 -0.018677 -0.006958 -0.011353
-0.308228 0.381836 0.926758 -0.020752 -0.004761 -0.011963
-0.323120 0.382568 0.929077 -0.020386 -0.007324 -0.003540
-0.307495 0.387207 0.922729 -0.020996 -0.010010 -0.018311
-0.306763 0.383667 0.929565 -0.025269 -0.007935 -0.026001
-0.320435 0.368042 0.930420 -0.016235 -0.011719 0.009033
-0.286255 0.381348 0.928833 -0.017456 -0.010742 0.000732
-0.315796 0.370117 0.926636 -0.018677 -0.005615 -0.004272
-0.323486 0.365356 0.928711 -0.010986 -0.010376 0.005859
-0.322754 0.377197 0.925171 -0.001709 -0.020508 0.012939
-0.298096 0.395264 0.928101 -0.004028 -0.018433 0.011963
-0.301270 0.385864 0.927368 -0.012085 -0.007690 -0.000366
-0.319092 0.381592 0.922241 -0.015503 -0.008789 0.001709
-0.300415 0.388550 0.929077 -0.014893 -0.010742 0.007324
-0.310059 0.390991 0.928467 -0.016113 -0.007324 0.003296
-0.317993 0.380493 0.932739 -0.015625 -0.008057 0.001953
-0.316040 0.379761 0.929565 -0.014893 -0.013550 0.000732
-0.296997 0.385986 0.929810 -0.017212 -0.013062 -0.004883
-0.302490 0.399414 0.927490 -0.015381 -0.003052 0.005859
-0.314575 0.391602 0.930298 -0.020508 0.001587 0.004028
-0.324951 0.382446 0.924072 -0.019653 -0.003052 0.000854
-0.313232 0.374634 0.928345 -0.015259 -0.011963 0.000610
-0.294800 0.386597 0.926758 -0.017212 -0.007568 -0.003784
-0.323730 0.374878 0.926392 -0.018799 -0.004150 -0.001953
-0.320923 0.386353 0.927612 -0.012573 -0.011230 0.005249
-0.299805 0.390259 0.926636 -0.011230 -0.011353 0.003906
-0.304810 0.392822 0.930176 -0.014404 -0.006592 0.010254
