-0.236084 0.511475 0.898682 -0.012939 -0.005859 0.015381
-0.205933 0.519897 0.896240 -0.016846 -0.010498 -0.000610
-0.219849 0.512695 0.899780 -0.024414 -0.005249 -0.022461
-0.221436 0.495850 0.893188 -0.026489 -0.005737 -0.020264
-0.220703 0.484985 0.895630 -0.018555 -0.004883 0.004761
-0.211426 0.496704 0.900024 -0.009521 -0.007080 0.027222
-0.211914 0.511719 0.893188 -0.006348 -0.002319 0.024170
-0.230347 0.501343 0.895142 -0.007080 -0.006348 0.015503
-0.228516 0.506592 0.896118 -0.003662 -0.015991 0.026367
-0.205688 0.525269 0.890503 -0.006348 -0.017578 0.032471
-0.223511 0.520996 0.892700 -0.017456 -0.010498 0.006592
-0.218384 0.497559 0.895508 -0.017944 -0.015503 0.016724
-0.239258 0.494873 0.892700 -0.000977 -0.020996 0.064453
-0.166504 0.528687 0.892822 0.001343 -0.013794 0.089966
-0.201294 0.535522 0.888550 -0.022705 0.027954 0.028076
-0.273926 0.548584 0.902832 -0.083374 0.120972 -0.049072
-0.194946 0.380981 0.892334 -0.030273 -0.016479 0.037109
-0.112427 0.550781 0.894775 -0.005371 -0.016602 0.040649
-0.201904 0.500488 0.892700 -0.043945 0.048584 0.004517
-0.203735 0.503052 0.892822 -0.017700 0.003418 0.050903
-0.209229 0.510986 0.892944 -0.012695 0.000610 0.042847
-0.213989 0.503174 0.899658 -0.009277 -0.004395 0.059570
-0.190063 0.518433 0.900391 -0.010254 0.004395 0.041382
-0.000732 0.651123 0.914185 -0.078125 0.124878 -0.064575
-0.483643 0.000000 0.001587 -0.081787 0.104248 -0.011475
-0.000122 -0.000122 -0.000122 -0.000122 -0.000122 -0.000122
-0.000122 -0.000122 -0.000122 -0.000122 -0.000122 -0.000122
-0.000122 -0.000122 -0.000122 -0.000122 -0.000122 -0.000122
-0.000122 -0.000122 -0.000122 -0.000122 -0.000122 -0.000122
-0.000122 -0.000122 -0.000122 -0.000122 -0.000122 -0.000122
-0.000122 -0.000122 -0.000122 -0.000122 -0.000122 -0.000122
-0.000122 -0.000122 -0.000122 -0.000122 -0.000122 -0.000122
-0.000122 -0.000122 -0.000122 -0.000122 -0.000122 -0.000122
-0.000122 -0.000122 -0.000122 -0.000122 -0.000122 -0.000122
-0.000122 -0.000122 -0.000122 -0.000122 -0.000122 -0.000122
-0.000122 -0.000122 -0.000122 -0.000122 -0.000122 -0.000122
-0.000122 -0.000122 -0.000122 -0.000122 -0.000122 -0.000122
-0.000122 -0.000122 -0.000122 -0.000122 -0.000122 -0.000122
-0.000122 -0.000122 -0.000122 -0.000122 -0.000122 -0.000122
-0.000122 -0.000122 -0.000122 -0.000122 -0.000122 -0.000122
-0.000122 -0.000122 -0.000122 -0.000122 -0.000122 -0.000122
0.000000 0.000000 0.000000 -0.043823 0.015137 0.016602
-0.157471 0.571045 0.914063 -0.033813 0.012817 0.036499
-0.168213 0.455200 0.904053 -0.038940 -0.006104 0.048096
-0.000122 -0.000122 -0.000122 -0.000122 -0.000122 -0.000122
-0.000122 -0.000122 -0.000122 -0.000122 -0.000122 -0.000122
-0.000122 -0.000122 -0.000122 -0.000122 -0.000122 -0.000122
-0.000122 -0.000122 -0.000122 -0.000122 -0.000122 -0.000122
-0.000122 -0.000122 -0.000122 -0.000122 -0.000122 -0.000122
-0.000122 -0.000122 -0.000122 -0.000122 -0.000122 -0.000122
-0.000122 -0.000122 -0.000122 -0.000122 -0.000122 -0.000122
-0.000122 -0.000122 -0.000122 -0.000122 -0.000122 -0.000122
-0.000122 -0.000122 -0.000122 -0.000122 -0.000122 -0.000122
-0.000122 -0.000122 -0.000122 -0.000122 -0.000122 -0.000122
-0.000122 -0.000122 -0.000122 -0.000122 -0.000122 -0.000122
-0.000122 -0.000122 -0.000122 -0.000122 -0.000122 -0.000122
-0.000122 -0.000122 -0.000122 -0.000122 -0.000122 -0.000122
0.000000 0.000000 0.000000 0.000000 0.000000 0.000000
0.000000 0.000000 0.000000 0.000000 0.000000 0.000000
0.000000 0.000000 0.000000 0.000000 0.000000 0.000000
0.000000 0.000000 0.000000 0.000000 0.000000 0.000000
0.000000 0.000000 0.000000 0.000000 0.000000 0.000000
0.000000 0.000000 0.000000 0.000000 0.000000 0.000000
0.000000 0.000000 0.000000 0.000000 0.000000 0.000000
0.000000 0.000000 0.000000 0.000000 0.000000 0.000000
0.000000 0.000000 0.000000 0.000000 0.000000 0.000000
0.000000 0.000000 0.000000 0.000000 0.000000 0.000000
0.000000 0.000000 0.000000 0.000000 0.000000 0.000000
0.000000 0.000000 0.000000 0.000000 0.000000 0.000000
0.000000 0.000000 0.000000 0.000000 0.000000 0.000000
0.000000 0.000000 0.000000 0.000000 0.000000 0.000000
0.000000 0.000000 0.000000 0.000000 0.000000 0.000000
0.000000 0.000000 0.000000 0.000000 0.000000 0.000000
0.000000 0.000000 0.000000 0.000000 0.000000 0.000000
0.000000 0.000000 0.000000 0.000000 0.000000 0.000000
0.000000 0.000000 0.000000 0.000000 0.000000 0.000000
0.406250 0.898682 -0.500732 -0.042480 -0.015503 -0.022827
-0.257935 -0.000122 -0.000122 -0.047852 -0.040161 -0.027344
-0.220093 0.388672 0.907104 -0.022461 -0.018677 0.001953
-0.247437 0.423950 0.918335 -0.012207 -0.015381 0.011230
-0.253052 0.451050 0.920288 -0.010864 -0.014038 0.009399
-0.246460 0.473877 0.924805 -0.018677 -0.018433 -0.001587
-0.105713 0.377441 0.879150 -0.046021 -0.048340 -0.060059
-0.263550 0.432129 0.927368 -0.018066 0.003052 -0.033691
-0.243530 0.421875 0.922363 -0.017822 -0.018677 -0.009155
-0.248535 0.458984 0.934204 -0.023560 -0.028198 -0.024048
-0.212891 0.436523 0.923828 -0.031006 -0.025757 -0.061157
-0.219849 0.369019 0.935059 -0.052368 -0.052124 -0.082153
-0.364746 0.490112 0.924316 -0.019409 0.033203 -0.052490
-0.286987 0.395508 0.925415 -0.018921 -0.005371 -0.048096
-0.285034 0.437134 0.931519 -0.007935 -0.015137 -0.037109
-0.231812 0.474976 0.931763 -0.014282 -0.011841 -0.041626
-0.267700 0.431885 0.931641 -0.025391 -0.025879 -0.083984
0.343384 0.541138 0.912354 0.024292 -0.121826 -0.061157
-0.342529 0.411255 0.932861 -0.021729 -0.001831 -0.073364
-0.207031 0.414673 0.925659 -0.007568 -0.024536 -0.029175
-0.299316 0.401367 0.939453 0.005249 -0.043945 -0.025391
-0.330200 0.403442 0.932861 -0.021240 -0.005127 -0.057373
-0.339478 0.391357 0.927612 -0.015381 -0.025391 -0.066772
0.310791 0.739380 0.911255 0.055908 -0.125366 -0.032104
-0.294800 0.391968 0.932617 -0.015381 -0.008423 -0.088135
-0.218994 0.375854 0.923828 0.002075 -0.032227 -0.045288
-0.112915 0.546875 0.934204 0.057739 -0.106812 0.020630
-0.510132 0.396973 0.934326 -0.035400 0.034424 -0.080688
-0.258057 0.427246 0.925171 -0.022461 -0.009033 -0.086060
-0.318237 0.417847 0.932373 -0.014648 -0.014282 -0.076416
-0.262939 0.416138 0.931396 -0.010742 -0.017578 -0.075928
-0.449097 0.018433 0.852905 0.036011 -0.032471 -0.032837
-0.571167 0.593628 0.951294 -0.001709 0.033813 -0.082397
-0.177612 0.609619 0.932983 0.036987 -0.026855 -0.023682
-0.378784 0.345337 0.909302 0.016479 -0.015503 -0.020630
-0.257202 0.446289 0.926025 0.012451 -0.025269 -0.026978
-0.239746 0.491089 0.932373 0.003784 -0.020630 -0.066284
-0.266113 0.358521 0.924438 -0.002686 -0.012817 -0.075928
-0.278809 0.144043 0.868896 0.049316 -0.016357 -0.017334
-0.244507 0.398682 0.926270 -0.015747 -0.023560 -0.065430
-0.226196 0.425537 0.918945 0.032715 -0.011230 -0.010864
-0.310425 0.528320 0.930542 0.009644 -0.009033 -0.028809
-0.277954 0.257568 0.886475 0.040649 -0.009033 -0.006470
-0.328857 0.395264 0.926636 0.005981 -0.010986 -0.015747
-0.190430 0.784912 1.066162 0.105957 -0.014526 0.095459
-0.270996 0.349365 0.923462 -0.014771 -0.008789 -0.020386
-0.287476 0.408813 0.922974 0.007813 -0.011108 -0.008179
-0.256958 0.442871 0.922241 0.020996 -0.019043 0.028198
-0.237793 0.411255 0.898926 0.030884 -0.010010 0.073730
-0.236206 0.484863 0.918335 0.013672 -0.011963 0.039795
-0.234131 0.464233 0.914917 -0.003784 -0.002808 -0.001343
-0.269409 0.435181 0.916626 -0.007202 -0.006104 0.005127
-0.194336 0.414551 0.879639 0.022095 0.001953 0.032715
-0.621826 0.715088 1.050659 0.098633 0.053955 0.170776
-0.207886 0.394165 0.905273 0.031982 -0.000854 0.073120
-0.243164 0.475708 0.910767 0.003540 -0.000488 0.050903
-0.249878 0.472290 0.912720 -0.003174 -0.003174 0.041748
-0.219727 0.455688 0.897217 0.000366 0.001587 0.053467
-0.248291 0.468018 0.914551 -0.003784 -0.016357 0.055664
-0.241455 0.458374 0.910889 -0.002808 -0.015503 0.047729
-0.258667 0.465210 0.914795 -0.002808 -0.012695 0.037598
-0.233887 0.469727 0.906616 -0.002197 -0.013794 0.033813
-0.228027 0.467407 0.897339 -0.000854 -0.004761 0.049072
-0.164429 0.430542 0.872070 0.032104 0.047729 0.084717
-0.599609 0.613403 0.977173 0.002441 -0.059448 0.064331
-0.180542 0.495117 0.901001 0.002563 0.005981 0.053101
-0.361694 0.511597 0.905518 -0.001709 0.013916 0.043213
-0.233032 0.467041 0.901733 -0.004272 -0.010254 0.048340
-0.239014 0.478394 0.905029 -0.000488 -0.015259 0.057861
-0.229858 0.489868 0.905640 -0.003174 -0.005737 0.046021
-0.239380 0.482666 0.900757 -0.006226 -0.002563 0.058228
-0.230469 0.478027 0.906372 -0.004517 -0.007690 0.069336
-0.230469 0.478149 0.907227 0.000977 -0.005493 0.078491
-0.247192 0.489746 0.903198 0.001221 -0.007202 0.091309
