-0.212158 0.307739 0.988770 -0.005249 -0.000854 0.003418
-0.224243 0.308228 0.990845 -0.003906 -0.008789 0.003052
-0.213501 0.302979 0.988525 -0.002075 -0.017456 0.002808
-0.195190 0.313599 0.991455 -0.004272 -0.015625 0.018311
-0.191284 0.316772 0.989014 -0.005005 -0.007813 0.029785
-0.203247 0.306152 0.979980 -0.009521 -0.001343 0.026123
-0.216187 0.299316 0.988892 -0.010010 0.001099 0.017212
-0.217041 0.305908 0.988403 -0.004028 -0.006348 0.022827
-0.217163 0.294189 0.989746 0.000854 -0.013550 0.021240
-0.193359 0.311401 0.988892 0.005371 -0.012817 0.039063
-0.095337 0.462769 0.973267 -0.028320 0.023071 0.028442
-0.220215 0.359619 0.986938 0.013672 -0.010254 0.072266
-0.208252 0.330933 0.985718 0.010132 -0.021118 0.048584
-0.197388 0.314331 0.987793 0.005249 -0.024536 0.039673
-0.137817 0.408936 0.997314 -0.011475 -0.008423 0.030029
-0.123901 0.433594 0.973022 -0.010010 0.000366 0.056763
-0.473022 -0.226929 1.007568 -0.105591 0.023804 -0.086060
0.087280 0.660278 0.954468 -0.012573 -0.016724 0.003174
-0.167725 0.371094 0.989014 0.029541 -0.027710 0.101074
-0.149658 0.396118 0.983887 -0.011597 0.007324 0.051025
-0.188477 0.308838 0.987427 -0.030640 0.020264 0.048096
-0.241577 0.368652 1.009766 -0.055420 0.045166 0.033203
-0.336182 0.165649 1.001953 -0.055054 0.017700 0.043579
-0.320679 0.218506 1.009766 -0.144043 0.069824 -0.031250
-0.268188 0.133911 0.992676 -0.028687 -0.011719 0.154785
-0.049927 0.460327 1.019165 0.000732 -0.041016 0.146118
0.072632 0.715576 0.957886 -0.074463 0.034424 0.014282
-0.496826 0.208252 1.029785 -0.112183 0.065063 0.044678
-0.374268 -0.006836 1.027954 -0.135986 0.059448 0.034912
-0.452881 0.012207 1.027832 -0.116455 0.050781 0.046387
-0.137695 0.531006 0.957397 -0.138916 0.058960 0.040894
-0.156250 0.218140 0.982666 -0.060059 -0.019531 0.089355
-0.091919 0.358276 0.996826 -0.107666 0.032837 0.060425
-0.108276 0.467529 1.009766 -0.038818 0.026245 0.151611
-0.366089 -0.091187 0.989868 -0.107666 0.054688 0.032104
-0.024658 0.545532 1.001465 -0.012207 -0.020264 0.193481
-0.012207 0.649048 0.887451 -0.116577 0.044067 0.052612
-0.311157 0.117065 1.022949 -0.076294 0.006348 0.019165
-0.221069 0.247314 1.005005 -0.076294 -0.006226 0.038330
-0.167480 0.026245 0.980957 -0.108521 0.010132 -0.029175
-0.175171 0.529785 0.967041 -0.106201 0.034302 0.015137
-0.199585 0.260132 1.003784 0.004150 -0.000610 0.164185
-0.347412 -0.173096 0.967041 -0.242065 0.051147 -0.115845
-0.180542 0.407715 1.020142 0.006348 -0.016968 0.124756
-0.174805 0.195923 0.997803 -0.045288 -0.007813 0.013550
-0.201294 0.231812 0.996216 -0.074707 0.013306 0.008301
-0.367798 -0.007202 1.059814 -0.204834 0.054321 -0.070801
-0.203857 0.604248 1.014648 -0.033325 -0.006226 0.138306
-0.204224 0.317261 1.012817 -0.013550 -0.010132 0.134155
-0.194702 0.740234 1.005127 -0.088013 0.008057 0.032959
-0.146362 -0.002441 0.975830 -0.076538 -0.013916 0.027466
-0.204102 0.250854 1.001221 -0.005249 -0.019897 0.101685
-0.201294 0.327759 1.012573 -0.052002 -0.010742 0.041748
-0.186401 -0.692383 0.937866 -0.050537 -0.004883 -0.067871
-0.229736 0.182983 1.006714 -0.024414 -0.013550 0.020752
-0.318481 0.433105 1.102295 -0.102661 -0.065796 -0.014282
-0.192139 0.076660 0.989380 -0.032471 -0.005859 0.055786
-0.278442 0.184204 1.009155 -0.023926 -0.013550 -0.015137
-0.440186 0.309082 1.067017 -0.060791 -0.079468 -0.066162
-0.266724 0.201172 1.012451 -0.040894 -0.008301 -0.003784
-0.253174 0.326904 1.017700 -0.107300 -0.065186 -0.116943
-0.295166 0.388306 1.013306 -0.062500 -0.059692 -0.072144
-0.302002 0.252197 1.020752 -0.047241 -0.012451 -0.063354
-0.040771 0.069336 0.999146 -0.052490 -0.033203 -0.089111
-0.336914 0.239746 1.047241 -0.038330 -0.058960 -0.055298
0.100342 0.150513 0.972534 -0.042969 -0.044800 -0.123169
-0.288940 0.136230 1.012817 -0.006836 -0.091675 -0.083374
-0.249512 0.182495 1.007324 -0.054810 0.023560 -0.119873
-0.284058 0.209717 1.043701 0.026978 -0.088257 -0.074951
0.033447 0.187622 0.990234 -0.042603 -0.015869 -0.182129
-0.030029 0.269409 1.016479 -0.000854 -0.015869 -0.127930
-0.601196 0.052490 0.977051 0.099243 -0.125610 0.013550
-0.290771 0.095337 1.025391 0.012329 -0.019897 -0.075928
-0.131226 0.241943 1.019165 0.069580 -0.056396 -0.056152
-0.172852 0.218384 1.014160 -0.022583 -0.000244 -0.124023
-0.276733 0.140015 1.019409 -0.022217 -0.006836 -0.086304
-0.293213 -0.129150 0.989014 0.131592 -0.078125 0.038696
-0.162354 0.237427 1.016479 -0.037109 -0.002930 -0.142456
-0.121948 0.276245 1.004517 0.026611 0.009521 -0.038086
-0.181030 0.617554 1.024658 -0.012939 -0.013306 -0.048950
-0.217896 0.096436 1.003174 0.011353 -0.002319 -0.030151
-0.168579 0.272949 1.022217 0.052002 -0.032471 0.000854
-0.209473 0.141113 1.011230 0.041504 -0.015259 -0.022705
-0.134277 0.750854 1.048828 0.008301 -0.003174 -0.036011
-0.200806 0.135864 1.010498 0.009644 -0.001709 -0.058472
-0.256470 0.248413 1.010376 0.116699 -0.022217 0.066162
-0.199097 0.171753 1.008423 -0.006104 0.002197 -0.076904
-0.208740 0.422729 1.016357 0.021362 -0.009399 0.011353
-0.193970 0.767212 1.053101 0.003906 -0.010010 0.022705
-0.207520 0.288452 1.033203 0.023193 -0.001587 0.027222
-0.183838 0.152710 1.008789 -0.011230 -0.000366 -0.031738
-0.244019 0.277954 1.015991 0.042114 0.004272 0.024902
-0.325684 0.564941 1.050903 0.037109 -0.010742 0.047729
-0.210083 0.363525 1.029907 0.055420 0.006348 0.078369
-0.184570 0.227051 1.011353 0.010864 0.001953 0.005859
-0.234985 0.344971 1.016235 0.011475 0.006836 0.034302
-0.057251 -0.015137 0.859131 0.085449 0.065308 0.117310
-0.251465 0.170288 1.026245 0.006226 -0.005249 0.011841
-0.120117 0.212402 0.979492 0.024170 0.039063 0.051514
-0.150635 0.256226 0.981689 0.017090 0.042847 0.105713
-0.271362 0.306396 1.030273 0.005493 -0.001465 0.089600
-0.142456 0.261963 1.003784 -0.010132 -0.023804 0.030762
-0.130981 0.252197 0.987061 -0.004883 0.028931 0.065186
-0.313843 0.278687 1.024414 -0.013062 0.013794 0.051147
-0.226196 0.232666 1.004272 0.000610 0.001831 0.051636
-0.198364 0.258179 1.001343 0.005615 -0.001465 0.050049
-0.322266 0.267090 1.014404 -0.001953 0.012573 0.059326
-0.253906 0.240112 1.000977 0.003540 0.024048 0.073364
-0.214233 0.273438 1.000854 -0.000854 -0.009888 0.043457
-0.253418 0.267212 1.012817 -0.009277 0.011597 0.048828
-0.185913 0.279907 0.996582 -0.006958 0.009644 0.036499
-0.267822 0.266357 1.006348 -0.016113 0.024658 0.054565
-0.217773 0.269897 1.000610 -0.003418 0.001831 0.056519
-0.173462 0.305542 0.998657 -0.004761 0.011230 0.053467
-0.201660 0.271118 1.003540 -0.010376 -0.000244 0.032593
-0.205933 0.267090 0.994751 -0.011963 0.005737 0.049438
-0.194336 0.301147 0.999634 -0.022949 0.027100 0.052002
-0.392578 -0.022827 1.015747 -0.018799 0.017578 0.067017
-0.175659 0.281982 0.998413 0.000854 -0.020020 0.048340
-0.177734 0.187012 1.012451 -0.025269 0.014038 0.027954
-0.168335 0.298950 1.001343 -0.006104 -0.016479 0.006592
-0.176636 0.297607 0.999634 -0.020264 0.012085 0.006958
-0.232422 0.262939 0.998901 -0.019165 0.011841 0.024414
-0.222290 0.276855 0.999146 -0.020020 0.010864 0.034058
-0.219971 0.371948 0.995117 -0.074829 0.053711 -0.013428
-0.257080 0.398804 1.001831 -0.067627 0.029663 -0.015015
-0.171143 0.312744 0.997803 0.021240 -0.043823 0.060669
-0.199463 0.267456 1.003906 -0.015869 0.002686 0.037476
-0.185913 0.306274 0.999023 -0.026245 0.017212 0.014282
-0.237915 0.263550 0.998901 -0.030029 0.019775 0.020142
-0.250000 0.248901 1.004028 -0.020264 0.002197 0.026855
-0.206177 0.268921 1.003784 -0.021729 0.001831 0.047485
-0.418579 -0.086670 1.002441 -0.044434 0.012451 0.048462
-0.232666 0.250000 0.999512 0.002563 -0.025635 0.057007
-0.157837 0.312744 1.000488 -0.027100 0.006470 0.028442
-0.317627 0.174316 1.005371 -0.084717 0.028564 -0.037842
-0.222046 0.275391 0.998535 -0.021484 -0.005859 0.017212
-0.222534 0.271729 0.996460 -0.030029 -0.001343 -0.002197
-0.153564 0.381226 0.973389 -0.082520 0.041992 -0.062134
-0.256226 0.258545 1.002441 -0.011475 -0.012939 0.019897
-0.212769 0.265625 1.003540 -0.013062 -0.011230 0.003052
-0.220215 0.258911 0.996460 -0.019531 -0.007690 -0.022949
-0.220337 0.265625 1.000732 -0.020752 -0.006348 -0.025391
-0.221802 0.260864 0.996704 -0.017334 -0.007446 -0.003174
-0.225464 0.255005 0.999512 -0.012085 -0.007935 0.006104
-0.222656 0.261475 1.000977 -0.010132 -0.010742 0.017822
-0.209839 0.278198 0.993652 -0.011597 -0.008179 0.012695
-0.218262 0.267456 1.001709 -0.018921 -0.004272 -0.005737
-0.232422 0.257935 0.995605 -0.014771 -0.008545 0.000366
-0.215698 0.270142 0.997192 -0.007935 -0.010254 0.008179
