-0.195435 0.366821 0.970947 -0.016479 0.001099 0.010986
-0.201538 0.374268 0.974976 -0.021606 0.000366 0.003418
-0.194214 0.365967 0.972412 -0.023804 -0.001465 0.000854
-0.194946 0.358276 0.975464 -0.021973 -0.000854 0.013306
-0.202148 0.352173 0.975586 -0.018555 0.004395 0.012695
-0.216309 0.355591 0.973511 -0.012451 -0.000488 0.014404
-0.186646 0.374390 0.971069 -0.008789 -0.005249 0.031738
-0.187744 0.367310 0.968872 -0.013306 0.002075 0.031494
-0.203369 0.361938 0.970215 -0.009888 0.009644 0.063599
-0.214478 0.352173 0.968018 -0.013550 0.002441 0.035034
-0.208130 0.366211 0.967041 -0.010132 -0.007446 0.030396
-0.197144 0.357422 0.974243 -0.005615 -0.011475 0.021729
-0.193970 0.366577 0.971436 -0.002808 -0.008423 0.029297
-0.207886 0.346436 0.970581 0.000366 -0.006104 0.065063
-0.198608 0.370972 0.969971 0.003540 -0.008667 0.100586
-0.181641 0.325439 0.976196 -0.007324 0.005127 0.084229
-0.411865 0.067871 0.978027 -0.100220 0.081909 0.001587
-0.223999 0.334473 0.978027 -0.001587 -0.005005 0.072021
-0.194824 0.375732 0.968506 0.001831 -0.000854 0.101685
-0.178833 0.362183 0.974243 -0.001831 0.006592 0.076782
-0.092041 0.447021 0.965088 -0.008301 0.036011 0.099976
-0.033203 0.435791 0.904785 -0.065918 0.066040 0.072876
-0.406372 0.278809 0.990845 0.015015 -0.033691 0.228882
-0.036743 0.468994 0.931519 -0.031372 0.039307 0.109741
-0.432007 0.136963 0.989136 -0.037231 0.023560 0.113159
-0.132324 0.361938 0.965088 -0.006836 -0.000122 0.133667
-0.011353 0.511108 0.960571 -0.034546 0.045166 0.103027
-0.823242 0.014893 1.049683 -0.142090 0.173096 0.018799
-0.148926 0.450195 0.966187 0.022827 -0.028931 0.152466
-0.913330 0.135742 1.088257 -0.219482 0.214355 -0.128418
-0.115967 0.338501 0.970215 0.027710 -0.060059 0.172974
-0.130371 0.386475 0.968384 -0.016235 -0.007690 0.113403
-0.097168 0.477173 0.967285 -0.037964 0.039795 0.082764
-0.256836 0.335327 0.964111 -0.025879 0.029663 0.100220
-0.078003 0.504272 0.990601 -0.020508 0.016479 0.072144
-0.439819 0.013794 0.956543 -0.110352 0.108887 -0.004395
-0.151245 0.369385 0.970947 -0.037842 0.009644 0.103271
-0.360474 0.200439 0.937988 -0.108765 0.052490 0.030151
-0.195190 0.368286 0.972412 -0.029053 0.004272 0.046875
0.055786 0.615356 0.948242 -0.046509 0.029297 0.015503
-0.520508 0.174683 0.990479 -0.091309 0.082153 0.037354
-0.406860 0.296753 0.983154 -0.083984 0.088623 0.010010
-0.416626 0.195801 0.976807 -0.051636 0.034058 0.005493
-0.390747 0.143433 0.981445 -0.087646 0.048584 -0.051880
-0.177734 0.360229 0.963745 -0.023682 0.007813 0.057007
-0.260986 0.296875 0.969849 -0.064087 0.057251 0.021729
-0.359253 0.411255 0.957642 -0.166992 0.132813 -0.133423
-0.331543 0.202148 0.983643 -0.018921 -0.002197 0.075562
-0.152344 0.402100 0.976196 -0.006958 -0.018433 0.029297
-0.175537 0.381958 0.966309 -0.010132 -0.001221 0.041992
-0.155273 0.435913 0.975830 -0.035400 0.020508 0.013428
-0.360474 0.158936 0.970215 -0.083984 0.056519 -0.053223
-0.258667 0.292969 0.969604 -0.052612 0.045898 0.016846
-0.228882 0.355957 0.979736 -0.022827 0.003906 0.036011
-0.261719 0.292114 0.980347 -0.079346 0.039429 -0.088135
-0.230103 0.325928 0.976807 -0.046997 0.018066 -0.019043
-0.282471 0.025757 0.981201 -0.072998 -0.003174 -0.054810
-0.416626 0.120361 0.982178 -0.123413 0.063232 -0.117554
-0.224365 0.347046 0.969482 -0.023926 -0.004761 0.056519
-0.195557 0.393066 0.975464 -0.025269 -0.000610 0.031250
-0.244263 0.341309 0.975952 -0.088989 0.033813 -0.051270
-0.212402 0.255615 0.985962 -0.062988 -0.006104 -0.009033
-0.146362 0.569580 1.002441 -0.062500 0.038330 0.031616
-0.214966 0.495483 0.984375 -0.019531 0.024292 0.005005
-0.284546 0.493164 1.009033 -0.046265 0.023926 -0.021851
-0.289307 0.230713 0.976563 -0.031006 0.003052 0.000000
-0.270996 0.351074 0.991211 -0.006226 -0.015503 0.068970
-0.187622 0.116211 0.946045 -0.127197 -0.021484 -0.077271
-0.250854 -0.054321 0.969116 -0.104736 0.020142 -0.078979
-0.227539 0.075195 0.934570 -0.127319 -0.009155 -0.100586
-0.225830 0.305176 0.978760 -0.040894 0.001099 -0.012085
-0.235962 0.296875 0.976807 -0.041138 -0.007202 -0.009888
-0.245239 0.313110 1.002319 -0.034058 -0.011841 0.020264
-0.022583 0.173950 0.955322 -0.072876 -0.063599 -0.020020
-0.301514 0.354004 1.012451 -0.047852 0.009766 0.021606
-0.428955 0.441162 1.047607 -0.065796 -0.015991 -0.032104
-0.230103 0.308960 0.981445 -0.033936 0.015747 -0.023926
-0.187256 0.278198 0.960205 -0.054443 -0.025269 -0.060181
-0.300903 0.325806 1.013184 -0.022461 0.004150 -0.041382
-0.090454 0.303589 0.943359 -0.058960 -0.075439 -0.099243
-0.300537 0.312866 0.997925 -0.030518 0.011108 -0.055054
-0.200195 0.307495 0.981079 -0.039185 -0.053467 -0.098633
-0.441895 0.211914 1.007202 -0.048584 -0.028564 -0.111816
0.072754 0.261719 0.948242 -0.025635 -0.077881 -0.146362
-0.347412 0.254272 1.000244 -0.029419 -0.009033 -0.096069
-0.204712 0.297119 0.984131 -0.001587 -0.061401 -0.089478
-0.250244 0.282837 0.991699 -0.028076 -0.003418 -0.111084
-0.534424 0.033813 0.991455 0.027344 -0.065918 -0.049438
-0.030884 0.675415 0.971558 0.071777 -0.070435 -0.008057
-0.379272 0.201294 1.007813 -0.009766 -0.015625 -0.057129
-0.171143 0.429932 0.964966 0.045776 -0.052612 -0.018433
-0.208618 0.556763 0.977905 0.004883 -0.023682 -0.073486
-0.359741 0.103638 0.990234 -0.009888 -0.022949 -0.075684
-0.139038 0.520630 0.985229 0.017700 -0.026978 -0.043213
-0.211792 0.397095 0.997681 0.022705 -0.011597 -0.019043
-0.343628 0.072510 0.980469 0.020264 -0.021851 -0.046875
-0.224487 0.302368 0.988159 0.008911 -0.025391 -0.080322
-0.121704 0.651245 0.999512 0.064087 -0.031128 -0.020630
-0.229614 0.323975 0.992554 -0.017456 -0.005249 -0.092285
-0.236694 0.287231 0.987671 -0.006592 -0.009033 -0.049194
-0.284058 0.092651 0.961792 0.034546 -0.020752 -0.028687
-0.264526 0.013062 0.923584 0.009644 -0.028198 -0.047852
-0.236938 0.150757 0.985229 -0.054688 0.002686 -0.132813
-0.257813 0.249023 0.991333 -0.020142 -0.007813 -0.098877
-0.245850 0.210693 0.973511 0.018677 -0.018799 -0.026611
-0.155884 0.707642 0.997192 0.086060 -0.033569 0.068970
-0.226196 0.356567 0.995850 0.020996 -0.013428 -0.036499
-0.240112 0.311890 0.984131 -0.010254 -0.017944 -0.048218
-0.219971 0.311401 0.984009 -0.002930 -0.015015 -0.026245
-0.231934 0.276611 0.980469 0.005127 -0.010132 -0.021484
-0.209961 0.251465 0.980225 0.045898 -0.010620 0.030518
-0.241821 0.343140 0.987183 0.020386 -0.002197 -0.021118
-0.229004 0.221191 0.967163 0.012085 -0.002075 -0.032715
-0.227051 0.578003 1.000854 0.052002 -0.014038 0.090332
-0.176270 0.303833 0.962158 0.019287 0.001587 0.066895
-0.208496 0.337524 0.982178 0.005737 -0.001221 0.052856
-0.146606 0.233643 0.968140 0.023560 0.040283 0.050171
-0.234741 0.252319 0.977783 0.011230 -0.000854 0.006104
-0.182983 0.363525 0.983398 0.003296 -0.024170 -0.003296
-0.192993 0.324829 0.971558 -0.005005 -0.002686 -0.017578
-0.162598 0.203247 0.942261 0.013672 0.029053 0.001587
-0.420532 0.582642 1.011230 0.056030 0.018433 0.109375
-0.233887 0.337891 0.979614 0.024292 0.001831 0.063477
-0.225464 0.358643 0.983765 0.003784 -0.000854 0.030884
-0.225220 0.334229 0.973633 -0.003052 0.009277 0.016846
-0.238892 0.247070 0.966553 0.052124 0.060791 0.089355
-0.335327 0.398438 1.003174 0.019409 -0.003418 0.094116
-0.169312 0.344849 0.972534 -0.002686 -0.013794 0.033325
-0.209961 0.353638 0.975220 -0.015137 0.018311 0.010864
-0.271362 0.357910 0.974854 -0.020142 0.024292 0.001953
-0.264160 0.328369 0.973633 -0.017700 0.005859 0.011597
-0.247803 0.316650 0.977539 -0.007813 -0.005249 0.043335
-0.173584 0.323730 0.964966 -0.007202 0.004517 0.025391
-0.503906 0.338501 0.997192 0.004272 0.058105 0.071777
-0.256714 0.350708 0.977051 0.010132 0.031860 0.052612
-0.042969 0.298218 0.892090 0.013550 0.007813 0.062744
-0.134277 0.318604 0.979370 -0.008423 -0.024170 0.031250
-0.165894 0.349121 0.968018 -0.005737 -0.001709 0.025879
-0.212158 0.344727 0.966553 -0.018433 0.014526 0.011597
-0.259277 0.329834 0.966797 -0.019653 0.027222 0.033691
-0.279297 0.340088 0.970093 -0.006348 0.017822 0.062622
-0.233398 0.356079 0.970825 -0.000488 -0.000122 0.078735
-0.130371 0.408569 0.948242 -0.015381 0.029907 0.025146
-0.187134 0.356445 0.966309 -0.015137 -0.011230 0.021606
-0.213013 0.339111 0.969238 -0.016968 0.000854 0.029419
-0.235474 0.352173 0.968140 -0.013916 0.005615 0.051025
-0.243286 0.351685 0.969116 -0.022827 0.006104 0.010376
-0.232666 0.351318 0.971436 -0.026733 0.003174 -0.010132
-0.241211 0.347290 0.961914 -0.025879 0.000732 -0.025269
-0.266724 0.328613 0.969604 -0.019653 -0.006958 -0.013184
