-0.169434 0.361572 0.976440 -0.023560 0.009888 -0.009888
-0.176025 0.363770 0.980225 -0.020142 0.004395 -0.027222
-0.176147 0.354858 0.979248 -0.015869 0.000732 -0.021240
-0.171875 0.358643 0.980103 -0.010620 -0.005737 0.001343
-0.154785 0.363281 0.976563 -0.008667 -0.002075 0.017456
-0.171509 0.358032 0.982666 -0.002563 0.000732 0.046875
-0.169434 0.375122 0.976685 -0.005127 -0.002197 0.035767
-0.160034 0.379639 0.976196 -0.009399 -0.001831 0.009644
-0.165771 0.360596 0.982544 -0.010254 -0.002563 0.012939
-0.161743 0.358276 0.973389 -0.002441 0.000610 0.028564
-0.167114 0.393066 0.973389 -0.008789 0.002441 0.008789
-0.170532 0.378906 0.975342 -0.016846 0.000488 -0.000488
-0.155640 0.367310 0.978394 -0.019287 0.002563 -0.004028
-0.155640 0.366333 0.973877 -0.021729 0.010498 -0.009766
-0.148926 0.376587 0.971191 -0.029785 0.027344 -0.011475
-0.182007 0.332275 0.980835 -0.031982 0.025391 0.014526
0.059448 0.509277 0.945923 -0.050781 0.063721 0.000000
-0.124268 0.478271 0.982300 -0.007324 0.006104 0.048950
-0.374268 0.198486 0.993286 0.031616 -0.013184 0.152954
-0.035767 0.556396 0.982910 -0.029297 0.036743 0.088379
-0.462036 -0.003540 0.974976 -0.025146 0.023193 0.098022
-0.024658 0.437744 0.981201 -0.053223 0.068115 0.074097
-0.439941 0.117554 1.000732 -0.074341 0.042847 0.048828
-0.105225 0.381348 0.980225 -0.001831 -0.002808 0.123291
0.059448 0.610107 0.888062 -0.248047 0.211060 -0.133423
-0.066772 0.703491 0.975342 -0.081909 0.045532 0.101440
-0.059326 0.511719 0.980225 -0.018433 0.008911 0.154175
-0.382690 0.162720 0.988159 -0.257080 0.157104 -0.163940
-0.023560 0.563721 0.981201 -0.010742 0.000732 0.115845
-0.066772 0.343018 0.973267 -0.074707 0.062256 -0.006104
-0.308594 0.245728 0.981934 -0.066284 0.062866 0.083740
-0.254761 0.287109 0.986694 -0.035034 0.023804 0.125610
-0.116455 0.417114 0.978760 -0.051514 0.053345 0.127563
0.003174 0.477539 1.015625 -0.091675 0.087280 0.075562
0.047607 0.473633 0.979248 -0.110962 0.076294 0.064453
-0.208252 0.367798 0.985229 -0.027710 0.013184 0.170776
-0.180298 0.367432 0.987915 -0.027344 0.010986 0.123779
-0.290405 0.134888 0.927246 -0.085571 0.032471 0.029297
-0.540161 -0.088135 0.986450 -0.122559 0.074707 -0.037720
-0.019409 0.461548 0.998779 -0.089600 0.057373 0.036865
-0.320679 0.042603 1.018677 -0.079712 0.063477 0.062744
-0.067627 0.496826 0.942993 -0.090576 0.031982 0.038574
-0.180176 0.245850 0.979492 -0.039307 0.009644 0.125244
0.039429 0.487549 0.969849 -0.064575 0.061401 0.080566
0.106689 0.555176 0.942627 -0.090454 0.124756 0.033813
-0.069458 0.283569 0.972290 -0.059692 0.081177 0.081055
-0.310181 0.055786 0.987549 -0.005005 0.000000 0.128296
-0.463501 -0.258057 0.991577 -0.014648 0.007202 0.136353
-0.390747 -0.062134 0.993164 -0.022339 0.014526 0.139160
-0.303101 0.414551 0.996826 -0.176758 0.081909 -0.109863
-0.217529 0.558838 1.003906 -0.166870 0.086548 -0.054443
-0.165894 0.564209 0.999023 -0.065918 0.019409 0.019165
-0.138062 0.421875 0.989136 -0.011108 0.017090 0.109131
-0.230103 0.471802 1.000000 -0.104614 0.042603 0.016724
-0.103760 0.460327 0.967407 -0.119751 0.088745 -0.074219
-0.287354 0.117920 0.995972 -0.040405 0.006104 0.105103
-0.182129 0.252808 0.987427 -0.002075 -0.006836 0.177612
-0.095459 0.491943 1.002563 -0.097900 0.053223 -0.007568
-0.156738 0.501587 1.018311 -0.085327 0.037842 -0.016724
-0.210571 0.351929 0.987061 -0.122681 0.034668 -0.010864
-0.211914 0.419434 0.995361 -0.033081 0.009888 0.095093
-0.247437 -0.047485 0.993408 -0.055054 0.014526 -0.075562
-0.217896 0.073486 0.979614 -0.024902 0.013062 0.012695
-0.251221 0.302246 0.992554 -0.020874 0.001953 0.077759
-0.204102 0.392944 1.020386 -0.071533 0.001709 0.043335
-0.203613 0.695557 0.985229 -0.218994 0.015381 -0.211426
-0.245728 0.413330 1.007324 -0.050659 0.007446 0.019531
-0.177612 0.027710 0.982910 -0.024780 0.004639 0.049927
-0.223145 0.261353 0.985840 -0.021118 -0.009521 0.074341
-0.255371 0.312988 1.015259 -0.041260 -0.023926 0.049194
-0.252197 -0.008545 0.968506 -0.057251 -0.012085 -0.005981
-0.250488 0.317871 0.992432 -0.036621 -0.019775 0.007202
-0.205200 0.265991 0.994385 -0.027832 -0.007935 -0.047363
-0.254639 0.281982 1.006714 -0.025635 -0.014160 -0.051636
-0.229248 0.261108 1.001465 -0.029053 -0.030396 -0.052368
-0.201782 0.254150 0.997925 -0.033447 -0.036743 -0.033691
-0.170044 0.272461 0.969360 -0.034546 -0.032593 -0.096924
-0.185547 0.291626 1.014648 -0.035278 -0.062134 -0.120850
-0.236084 0.251221 0.999146 -0.044067 -0.013184 -0.120850
-0.284424 0.340942 1.022583 -0.045776 -0.060059 -0.111206
-0.317505 0.224976 1.010254 -0.012573 -0.017822 -0.049072
-0.011230 0.242676 0.980957 0.003418 -0.093506 -0.056274
-0.447754 0.109375 1.028320 -0.000366 -0.049927 -0.072266
-0.260864 0.114380 0.999634 0.008789 -0.053223 -0.063110
-0.392212 0.147705 1.007324 0.015503 -0.028809 -0.073608
-0.332031 0.044922 1.012695 -0.014648 -0.034912 -0.095825
-0.150391 0.300293 0.993530 0.005127 -0.016846 -0.079224
-0.308350 0.167603 1.016479 -0.011230 -0.023560 -0.088257
-0.367310 0.505859 1.015625 0.095215 -0.075195 -0.003540
-0.318237 0.121338 1.009521 0.033813 -0.035889 -0.039429
-0.184570 0.429321 1.003906 0.069092 -0.044189 0.016479
-0.597900 -0.255249 0.951660 0.015503 -0.030396 -0.063110
-0.319824 0.140259 1.009888 -0.033447 0.001587 -0.145264
-0.102417 0.354858 1.011230 0.153320 -0.099854 0.059814
-0.237061 0.239258 1.002197 -0.012207 -0.005737 -0.108154
-0.226563 0.258911 0.999023 0.059937 -0.033325 -0.021484
-0.269653 0.023682 0.934692 0.099731 -0.043213 0.015747
-0.255615 -0.011841 1.015137 0.066162 -0.042603 -0.021973
-0.287720 0.145752 1.031860 0.093628 -0.033203 0.026001
-0.192139 0.331543 1.011719 0.050537 -0.038696 0.003906
-0.198975 0.220825 0.994141 0.004883 -0.023926 -0.044556
-0.229858 0.390991 1.009399 0.093872 -0.019897 0.053345
-0.178955 0.243164 0.989624 0.018921 -0.002930 -0.039917
-0.228149 0.223145 0.999756 0.064575 0.015381 0.018799
-0.278320 0.208496 1.014771 0.051758 0.010010 -0.040039
-0.235107 0.112549 0.935547 0.067017 0.007813 0.006958
-0.145264 0.187500 1.006470 0.024902 -0.017090 0.025269
-0.182861 0.325073 1.007690 0.017822 -0.016724 0.014771
-0.155029 0.293701 0.989624 0.003906 0.000366 0.000610
-0.215210 0.297485 0.982422 0.012573 0.021240 0.011597
-0.201294 0.303833 0.994141 0.011597 -0.006714 0.004517
-0.164917 0.244751 0.963257 0.031250 -0.006348 0.000732
-0.163208 0.287842 0.991699 0.010986 -0.028564 -0.028076
-0.190430 0.301880 0.976318 0.029175 0.000244 0.011597
-0.151001 0.343872 0.996338 0.010010 -0.020020 0.012329
-0.162109 0.310913 0.990967 0.002319 -0.001343 0.013184
-0.205322 0.315063 0.982666 -0.001465 0.007446 0.023804
-0.189331 0.261475 0.974731 0.010254 0.025879 0.037598
-0.198486 0.309692 0.991821 0.010986 0.006958 0.022705
-0.185425 0.321411 0.992065 -0.004395 -0.013184 -0.007324
-0.138916 0.320557 0.971680 -0.000122 0.010742 0.009521
-0.834106 0.508301 1.068604 0.038574 0.071411 0.150391
-0.072388 0.308594 0.952637 0.013428 -0.012695 0.059570
-0.170288 0.292358 0.993652 -0.019409 -0.001099 0.046875
-0.098633 0.312256 0.965576 -0.017090 0.015015 0.033081
-0.265869 0.307251 0.998169 -0.012695 0.013306 0.038574
-0.204956 0.314331 0.977905 -0.000610 -0.005859 0.070313
-0.294922 0.347534 0.987305 -0.007690 0.050049 0.055664
-0.247803 0.345947 0.997803 0.001343 -0.001099 0.052856
-0.188599 0.324341 0.982056 -0.007202 -0.013062 0.029785
-0.195557 0.334351 0.985596 -0.011597 -0.004639 0.019531
-0.201416 0.338135 0.979736 -0.013550 -0.000610 0.025635
-0.207153 0.332764 0.979614 -0.014893 0.002930 0.042358
-0.203125 0.330811 0.982056 -0.017456 -0.000366 0.044189
-0.218994 0.334106 0.988403 -0.014282 -0.001465 0.040527
-0.201416 0.334595 0.982300 -0.015625 -0.008179 0.023071
-0.197998 0.334106 0.978271 -0.014771 -0.007813 0.021118
-0.197144 0.331421 0.984497 -0.015991 -0.005859 0.014648
-0.220459 0.319580 0.982300 -0.015015 -0.006836 0.001465
-0.209351 0.336670 0.981201 -0.012573 -0.014893 -0.005493
-0.203979 0.343628 0.984131 -0.016846 -0.018188 0.004761
-0.200806 0.337891 0.985596 -0.019775 -0.012695 0.016846
-0.191650 0.343994 0.980103 -0.030518 -0.008057 -0.005859
-0.195435 0.332397 0.979004 -0.031860 -0.001831 -0.011841
-0.215576 0.323486 0.984253 -0.027344 0.001709 -0.007935
-0.209351 0.323853 0.985474 -0.023560 -0.004639 -0.006592
-0.211426 0.322266 0.989136 -0.018188 -0.011108 -0.001587
-0.213623 0.321777 0.980225 -0.007690 -0.015747 0.027710
-0.205566 0.334839 0.983276 -0.004517 -0.018677 0.036743
-0.185303 0.363159 0.980225 -0.012939 -0.014404 0.006226
