-0.242310 0.286133 0.989624 -0.016968 0.000122 0.007568
-0.256958 0.283569 0.984375 -0.018066 -0.005249 -0.000610
-0.245972 0.296997 0.990601 -0.019043 -0.011230 -0.002319
-0.244263 0.291260 0.981323 -0.023193 -0.010986 -0.004761
-0.251099 0.276367 0.981934 -0.021118 -0.012085 -0.004395
-0.242798 0.279663 0.988281 -0.015991 -0.012207 -0.007080
-0.235229 0.286621 0.987061 -0.012451 -0.008545 0.004395
-0.247314 0.290161 0.983887 -0.011353 -0.003662 0.016846
-0.260742 0.285767 0.983276 -0.010620 -0.008667 0.007935
-0.248657 0.280884 0.986328 -0.007080 -0.015259 0.018799
-0.220703 0.297974 0.984497 -0.006592 -0.012573 0.032471
-0.233765 0.302368 0.986450 -0.008545 -0.004517 0.026367
-0.251709 0.296265 0.980957 -0.013062 -0.006226 0.015991
-0.236694 0.291748 0.979736 -0.016357 -0.010132 0.005005
-0.226318 0.274658 0.980347 -0.016235 -0.004639 0.022095
-0.250610 0.281982 0.978394 -0.019165 0.009888 0.036133
-0.263306 0.274536 0.990601 -0.004028 -0.009521 0.068848
-0.107300 0.342407 0.968384 0.000732 -0.011719 0.067383
-0.174927 0.402954 0.973755 -0.018921 0.018188 0.061035
-0.210327 0.245972 0.992554 0.000488 -0.013306 0.093262
-0.172852 0.387085 0.984497 0.001099 -0.006348 0.071289
-0.259644 0.083008 1.001221 -0.009888 -0.003418 0.073730
-0.246094 0.279541 0.979126 0.003662 -0.015503 0.054810
-0.229004 0.298950 0.984009 -0.017212 0.008301 0.028442
-0.084595 0.911499 0.912964 -0.131836 0.106445 -0.082764
-0.214111 0.630127 0.983765 -0.024292 0.010986 0.067627
-0.130249 0.414185 0.989746 0.024414 -0.046265 0.154297
-0.340820 0.182495 0.965454 -0.133545 0.066162 -0.043579
-0.191406 0.339844 0.986816 0.032837 -0.044067 0.137817
-0.187622 0.326660 0.988770 -0.005737 -0.013184 0.067993
-0.023071 0.897949 0.917847 -0.100464 0.054321 -0.022217
-0.364380 0.201050 1.012207 0.014771 -0.010498 0.183350
0.056274 0.669922 0.935669 -0.025391 -0.005737 0.108765
-0.209595 0.384766 1.007568 -0.001221 -0.014893 0.176514
-0.396729 0.400146 0.993042 -0.143677 0.037720 0.013794
-0.214355 0.469360 1.000122 0.036621 -0.016968 0.217773
-0.508789 -0.119385 1.022339 -0.115356 0.048950 0.052490
-0.348145 0.069092 0.966431 -0.147095 0.054810 -0.027832
-0.149536 0.281860 0.993530 0.009033 -0.034058 0.148438
-0.099609 0.398315 0.976807 -0.092407 0.030640 -0.010864
0.010620 0.907104 0.906006 -0.048706 0.026733 -0.015625
-0.240601 0.496948 0.994995 0.036743 -0.037109 0.142456
-0.138184 0.542725 0.984131 -0.066895 0.015259 0.055908
-0.084839 0.800415 1.009399 -0.015381 -0.009521 0.039795
-0.211426 0.559814 0.992065 0.069214 -0.044556 0.177002
-0.022095 0.801880 1.000977 -0.051636 0.007813 0.024902
-0.293579 0.433594 1.001953 0.028931 -0.011230 0.136108
-0.322876 -0.125977 0.984619 -0.128784 -0.002686 0.020508
-0.470337 -0.021362 1.045410 -0.214966 0.039185 -0.089355
-0.300659 0.029175 0.975220 -0.044067 -0.026978 0.075439
-0.179932 0.304321 0.988892 0.007935 -0.025146 0.096436
-0.224121 0.487793 1.053223 -0.030029 -0.006348 0.060303
-0.370605 0.361084 1.005249 0.012329 0.007690 0.114624
-0.158936 0.032471 0.978271 -0.151245 -0.032837 -0.031738
-0.253418 0.240112 0.994019 0.008667 -0.004395 0.189087
-0.254395 0.418091 1.044434 -0.025146 -0.016846 0.098022
-0.099854 0.185181 0.945557 -0.172607 -0.047363 -0.155884
-0.309448 0.417114 1.020752 -0.032959 -0.029175 0.087646
-0.214722 0.291626 0.994995 0.000366 -0.013184 0.107300
-0.319824 0.512451 1.070923 -0.041138 -0.036377 0.045532
-0.216797 0.333374 0.983765 -0.062500 -0.041992 -0.020386
-0.308716 0.347900 1.023315 -0.032959 -0.013672 0.015625
-0.183472 0.148926 0.977417 -0.056885 -0.028931 -0.082397
-0.290039 0.253174 1.011108 -0.029663 -0.019531 -0.052856
-0.190308 0.206909 0.984985 -0.030518 -0.050171 -0.110718
-0.120972 0.358154 0.995239 -0.026611 -0.084961 -0.120117
-0.176025 0.235229 0.985596 -0.038574 -0.035645 -0.122681
-0.257813 0.278931 1.021484 -0.068848 -0.018677 -0.175293
-0.306641 0.151123 1.012207 -0.056030 -0.002563 -0.120972
-0.198975 0.273682 0.996216 -0.009766 -0.037476 -0.107788
-0.198608 0.267822 1.001587 -0.007568 -0.029297 -0.090698
-0.232788 0.242188 1.005249 -0.019165 -0.016235 -0.087036
-0.290039 0.117798 1.009766 0.004883 -0.038818 -0.057495
-0.149780 0.268677 0.991943 0.065918 -0.069092 0.004150
-0.218018 0.370728 1.004028 -0.013184 0.007935 -0.069092
-0.327759 0.046753 1.038696 0.060913 -0.036011 0.011475
-0.239258 0.252075 0.995483 -0.026855 -0.009033 -0.098755
-0.305664 0.103149 1.006836 -0.001831 -0.026855 -0.074097
-0.166870 0.233276 0.979858 0.068237 -0.056396 -0.034790
-0.248291 -0.110474 0.968506 0.014771 -0.013062 -0.101196
-0.216797 0.190186 0.996338 0.025024 -0.014771 -0.066650
-0.225830 0.264893 1.005493 -0.039063 0.011719 -0.087646
-0.256104 0.176392 1.003540 -0.016846 -0.000488 -0.065430
-0.162720 0.632568 1.026489 0.089966 -0.037598 0.050903
-0.255737 0.071777 0.947876 0.029541 -0.016968 -0.037598
-0.251221 0.056641 1.000122 -0.074707 0.019043 -0.156006
-0.249023 0.250366 1.000122 0.090454 -0.026489 0.045166
-0.231567 0.208252 1.000122 -0.002197 -0.006592 -0.019043
-0.198364 0.235596 1.001465 -0.013062 0.001099 -0.024536
-0.333496 0.114624 1.010254 0.076660 0.037109 0.064453
-0.215454 0.758179 1.046143 0.077637 -0.005859 0.068115
-0.217529 0.126343 0.989136 0.004150 0.005981 -0.057983
-0.244019 0.490356 1.022339 0.030029 -0.004272 0.015381
-0.200562 0.204834 0.983521 0.010498 0.005127 -0.028442
-0.284302 0.517700 1.024780 0.052734 0.014526 0.061401
-0.259644 0.349609 1.013550 0.038330 0.002197 0.004883
-0.217163 0.211182 0.983765 0.009521 -0.003784 -0.007690
-0.262085 0.317017 1.017212 0.020630 0.001099 0.034546
-0.206909 0.257446 0.995361 0.001343 -0.012329 -0.028076
-0.214355 0.249512 0.992310 0.003906 0.002686 -0.017090
-0.266113 0.197754 0.963989 0.084106 0.048340 0.100220
-0.194580 0.205322 0.992920 -0.010132 -0.032227 -0.015381
-0.182129 0.286255 0.990723 0.010132 -0.007935 0.022461
-0.291870 0.307617 1.005615 0.032837 0.035400 0.056030
-0.247314 0.257935 0.997437 -0.000488 -0.002441 0.032837
-0.239014 0.279419 0.991943 0.003906 0.001587 0.048462
-0.211426 0.282104 0.981934 0.007568 0.025146 0.057617
-0.278687 0.256348 0.992188 -0.003906 0.023804 0.046143
-0.261963 0.290039 0.984497 -0.001465 0.012573 0.044678
-0.268188 0.277588 0.992065 0.003418 0.028809 0.052856
-0.237793 0.273682 0.991577 0.003540 -0.006836 0.041138
-0.172363 0.305054 0.985962 0.006958 -0.011597 0.059448
-0.229858 0.285278 0.994019 -0.001953 0.008179 0.057983
-0.237549 0.276611 0.989258 -0.011719 0.005981 0.016602
-0.249146 0.274780 0.987427 -0.004272 0.001221 0.030151
-0.054077 0.337158 0.943848 0.001831 0.022705 0.045166
-0.541504 0.015625 1.048950 -0.020386 0.021484 0.106445
-0.097656 0.310669 0.971191 0.009766 -0.031982 0.064819
-0.194702 0.277954 0.989014 -0.021484 0.001953 0.020996
-0.221680 0.294800 0.984009 -0.026001 0.012573 0.000854
-0.256958 0.277832 0.986206 -0.025635 0.011230 0.010742
-0.226807 0.292969 0.984131 -0.025879 0.008545 0.020264
-0.216675 0.296265 0.980591 -0.016113 0.027344 0.055054
-0.001953 0.648193 0.900024 -0.055542 0.060669 0.037476
-0.136230 0.408813 0.989502 0.029907 -0.051392 0.089355
-0.132446 0.386475 0.979736 -0.010498 0.001099 0.027588
-0.266235 0.299561 0.981812 -0.048462 0.052856 -0.000366
-0.273682 0.303711 0.984741 -0.008789 -0.006470 0.026733
-0.228271 0.303467 0.983276 -0.009399 -0.012207 0.045044
-0.092651 0.426147 0.965820 -0.029297 0.017822 0.044189
-0.501709 0.106567 1.012695 -0.063110 0.039551 0.007690
-0.208008 0.309082 0.989136 -0.012817 -0.022827 0.027100
-0.210938 0.286133 0.990479 -0.016846 -0.008911 0.031250
-0.151733 0.391724 0.990479 -0.035889 0.019653 0.020264
-0.295776 0.190308 0.984375 -0.039185 0.010986 0.008179
-0.248657 0.301758 0.986206 -0.015137 -0.010620 0.008789
-0.225952 0.306885 0.987183 -0.024658 -0.009644 -0.019165
-0.231689 0.284790 0.988403 -0.024780 -0.003052 -0.024902
-0.242065 0.281616 0.985474 -0.018555 -0.002808 -0.014160
-0.252197 0.281250 0.985352 -0.014282 -0.006592 0.006470
-0.237305 0.302124 0.983643 -0.008301 -0.014282 0.033203
-0.230957 0.315063 0.985107 -0.015259 -0.014038 0.026367
-0.244141 0.287354 0.987915 -0.021729 -0.013916 0.000610
-0.226929 0.295532 0.985229 -0.019897 -0.015259 -0.006104
-0.224609 0.293213 0.984497 -0.021729 -0.009644 0.003784
-0.241333 0.288208 0.987915 -0.027222 -0.005493 -0.020752
-0.247192 0.274658 0.985474 -0.025024 -0.010376 -0.020020
-0.232056 0.278809 0.989868 -0.014160 -0.011597 0.003906
-0.237549 0.282227 0.986328 -0.013916 -0.008179 0.006348
-0.240479 0.285645 0.984863 -0.014282 -0.010010 0.001343
