-0.293945 0.396362 0.933960 -0.009033 -0.005859 0.011719
-0.298706 0.398682 0.926758 -0.015259 -0.005493 0.010498
-0.302490 0.406372 0.927734 -0.022217 -0.006104 -0.000244
-0.301758 0.393555 0.927002 -0.025513 -0.005859 -0.005371
-0.314087 0.382568 0.929077 -0.016724 -0.008667 -0.004517
-0.295166 0.388550 0.924561 -0.009766 -0.011230 0.005127
-0.305664 0.392578 0.922729 -0.006714 -0.012207 0.014526
-0.285645 0.395996 0.920898 -0.008789 -0.010010 0.013184
-0.285767 0.400146 0.923706 -0.011475 -0.003540 0.015137
-0.305298 0.386108 0.927612 -0.008911 -0.003296 0.024414
-0.297974 0.391113 0.927002 -0.006958 -0.005005 0.026733
-0.288940 0.390991 0.924072 -0.006714 -0.003784 0.026123
-0.308594 0.394531 0.929932 -0.005737 -0.008789 0.030029
-0.306885 0.392334 0.926514 -0.007568 -0.013428 0.018188
-0.303223 0.396851 0.927368 -0.007813 -0.018677 0.016113
-0.273682 0.414917 0.930542 -0.014648 -0.006104 0.021240
-0.267700 0.426147 0.928223 -0.036621 0.011719 0.020508
-0.278931 0.425903 0.926025 -0.001953 -0.007446 0.052246
-0.282715 0.431641 0.925171 -0.017578 0.002075 0.036499
-0.246460 0.475098 0.931396 -0.052979 0.020142 -0.012817
-0.262939 0.405884 0.931396 -0.007935 -0.010132 0.047363
-0.247437 0.440796 0.926758 -0.029785 0.012573 0.018799
-0.401855 0.196655 0.916870 -0.022095 0.003662 0.051636
-0.301514 0.408691 0.932617 -0.007813 0.000000 0.029907
-0.205322 0.519043 0.939453 -0.057129 0.036133 -0.021362
-0.094238 0.426147 0.917603 0.019897 -0.010498 0.066162
-0.237671 0.434326 0.928467 -0.008179 0.004272 0.012817
-0.304565 0.406250 0.927246 -0.022583 0.009277 0.006592
-0.326050 0.395996 0.929810 -0.023438 -0.007080 0.000854
-0.311523 0.407104 0.926025 -0.026245 -0.018066 -0.013306
-0.281250 0.402832 0.928345 -0.032959 -0.014893 -0.005371
-0.265137 0.383423 0.926880 -0.037476 -0.001953 0.004517
-0.276855 0.325195 0.929688 -0.034302 0.012085 0.015991
-0.349243 0.335327 0.926025 -0.018433 -0.004883 0.035156
-0.322998 0.398804 0.926514 -0.001831 -0.008789 0.052124
-0.434082 0.174561 0.943970 -0.111938 0.059937 -0.025635
-0.272339 0.536499 0.943481 0.023560 -0.010132 0.097778
-0.246948 0.522827 0.935181 -0.086426 0.046631 0.004761
-0.306763 0.321411 0.923584 -0.009155 -0.004883 0.087036
-0.479126 0.188599 0.915649 -0.012695 -0.016724 0.079102
-0.229614 0.550537 0.927856 -0.079834 0.020142 -0.010132
-0.180298 0.569824 0.917358 -0.034058 -0.014404 0.078613
-0.223267 0.446899 0.933594 -0.000610 -0.022949 0.104858
-0.462891 0.433228 0.916748 -0.111572 0.069946 0.064941
-0.449707 0.255249 0.938599 -0.073486 0.044312 0.082886
-0.726074 -0.177856 0.968140 -0.054443 0.023926 0.100342
-0.196655 0.820557 0.914917 -0.181763 0.063599 0.011108
-0.117798 0.642212 0.937622 -0.143677 0.072998 0.026367
-0.346436 0.367432 0.969604 -0.098022 0.035645 0.093872
-0.369263 0.556152 0.989624 -0.163452 0.051758 -0.044067
-0.235229 0.425903 0.942139 -0.046265 0.010254 0.108032
-0.485840 0.334473 0.974487 -0.143921 0.043335 0.015747
-0.520996 0.225098 0.942505 -0.088623 -0.002563 0.108765
-0.366089 0.283203 0.903687 -0.013550 -0.024414 0.131226
-0.265869 0.501587 0.905029 -0.139893 0.031616 0.016968
-0.262207 0.580200 0.957764 -0.058350 -0.008423 0.051392
-0.223389 0.359131 0.858765 -0.211060 0.085327 -0.013550
-0.161499 0.645752 0.927612 -0.169067 0.035767 -0.040283
-0.405884 0.100586 0.938965 -0.008423 -0.012817 0.125366
-0.271240 0.587646 0.990112 -0.193726 0.063354 -0.071411
-0.124878 0.583984 0.964478 -0.068115 0.012085 0.111816
-0.658569 -0.315918 0.955811 -0.077271 0.019531 0.121094
-0.242676 0.483765 0.926636 -0.235352 0.007935 -0.124390
-0.403564 0.391479 0.946289 -0.011841 0.007324 0.104004
-0.458008 0.693359 1.119019 -0.151489 -0.042114 -0.016479
-0.479492 0.019531 0.972046 -0.095459 -0.042480 0.082886
-0.300659 0.350342 0.932373 -0.043701 -0.000366 0.084351
-0.498047 0.572144 0.974487 -0.119873 -0.081665 -0.042236
-0.364868 0.366211 0.985596 -0.046509 -0.028809 0.044067
-0.316528 0.665894 0.952881 -0.145508 -0.117920 -0.113037
-0.304565 0.384277 0.961914 -0.008667 -0.008423 0.130493
-0.020630 0.281494 0.900024 -0.020264 -0.008545 0.081665
-0.163330 0.305298 0.964111 -0.050537 -0.050171 0.003418
-0.322876 0.351318 0.946899 -0.036255 0.010742 -0.019775
-0.328247 0.338379 0.963379 -0.044678 -0.027832 -0.063354
-0.271484 0.327393 0.950806 -0.039185 -0.041260 -0.065430
-0.312988 0.318237 0.950684 -0.033691 -0.004639 -0.048340
-0.310425 0.320679 0.968506 -0.029663 -0.022095 -0.076050
-0.513794 0.178223 0.996582 0.028442 -0.128052 -0.074951
-0.685303 0.142944 1.005127 0.032837 -0.143677 -0.090576
-0.529175 0.375488 0.952271 0.015625 -0.114746 -0.145020
-0.549438 0.305908 0.969604 -0.008301 -0.082764 -0.127808
-0.249390 0.444092 0.946411 -0.040527 0.016113 -0.140259
-0.248291 0.463135 0.987061 0.040039 -0.077148 -0.128296
-0.422852 0.166016 0.974609 -0.038330 -0.023682 -0.172241
-0.297729 0.196655 0.965698 0.035400 -0.056152 -0.094971
-0.284912 0.231689 0.959595 0.019043 -0.013672 -0.067749
-0.271606 0.565552 0.973022 0.077148 -0.036621 -0.022095
-0.373535 0.165405 0.967407 -0.029541 0.005859 -0.122192
0.183594 1.291382 0.981689 0.160767 -0.049072 0.013672
-0.266479 0.307495 0.957153 -0.032715 -0.000122 -0.125854
-0.276855 0.309326 0.958862 0.013062 -0.012817 -0.042847
-0.260010 0.347900 0.969971 0.014771 -0.009277 -0.045166
-0.245361 0.108765 0.883667 0.138916 0.025391 0.071045
-0.246216 0.276245 0.957886 -0.007202 -0.007080 -0.084106
-0.290405 0.279785 0.961304 -0.002563 -0.008667 -0.058472
-0.071533 -0.074585 0.937378 0.117920 0.045654 0.088989
-0.203491 0.251831 0.927734 0.021606 -0.004028 -0.027222
-0.624756 0.735962 1.041260 0.031738 -0.002686 -0.006958
-0.300781 0.384033 0.947021 0.023193 0.012939 -0.018188
-0.504761 0.426392 1.003296 0.013916 -0.004517 0.009766
-0.265747 0.331177 0.938599 0.034546 0.034790 0.032715
-0.422241 0.397339 0.974976 0.015259 -0.012573 -0.005005
-0.413452 0.405273 1.016602 0.049561 0.068726 0.075195
-0.572388 0.386719 1.007690 0.023193 -0.002441 0.000244
-0.143188 0.294434 0.912842 0.050781 0.068359 0.068726
-0.301514 0.360107 0.975586 0.003052 -0.011475 0.059814
-0.254272 0.364258 0.957275 0.001099 0.007324 0.069946
-0.295532 0.351563 0.941406 -0.007446 0.007202 0.058960
-0.207397 0.362061 0.911133 -0.011475 0.049072 0.049561
0.090698 0.478516 0.896606 -0.025513 0.107422 0.088013
-0.256104 0.368164 0.952881 0.003052 -0.023438 0.078125
-0.230469 0.425903 0.926147 -0.040283 0.054810 0.072998
-0.226929 0.368286 0.944458 -0.002686 0.004150 0.119385
-0.215332 0.446899 0.939453 -0.042847 0.062988 0.110962
-0.236572 0.370117 0.931763 -0.034424 0.034790 0.095703
-0.813599 -0.359985 1.009644 -0.003418 0.009033 0.157349
-0.239136 0.436890 0.931274 0.005127 -0.003174 0.081299
-0.241943 0.417358 0.941284 -0.038940 0.035156 0.047852
-0.132080 0.492920 0.934326 -0.083130 0.071045 0.011353
-0.147827 0.450806 0.937988 -0.018555 0.005127 0.050049
-0.280273 0.381714 0.941406 -0.013672 -0.008789 0.066772
-0.254761 0.411987 0.942261 -0.020752 -0.000732 0.075684
-0.501953 0.346558 0.985596 -0.156128 0.051514 -0.089111
-0.406128 0.188477 0.937134 -0.029785 -0.010742 0.033569
-0.293213 0.382324 0.943604 0.013306 -0.024780 0.099731
-0.263672 0.407837 0.936157 -0.012817 0.000610 0.042480
-0.287964 0.381836 0.941772 -0.030762 0.012573 -0.004028
-0.320190 0.354736 0.937134 -0.032349 0.004028 -0.017944
-0.324341 0.338013 0.946533 -0.016479 -0.011841 0.029907
-0.280029 0.360474 0.940674 -0.011353 -0.010132 0.078003
-0.265747 0.404297 0.939697 -0.018921 0.001221 0.083740
0.082031 0.850708 0.937134 -0.201172 0.128540 -0.146973
-0.124512 0.347412 0.940918 -0.020752 -0.010498 0.007935
-0.176636 0.441284 0.935303 -0.027100 -0.002930 -0.016357
-0.263794 0.380737 0.940552 -0.027100 0.000122 -0.003418
-0.314087 0.360840 0.941406 -0.026611 -0.001099 0.000488
-0.296387 0.368164 0.943970 -0.035645 -0.002319 -0.023926
-0.302612 0.342041 0.945068 -0.025024 -0.000366 -0.005005
-0.314819 0.364502 0.946167 -0.017334 -0.000244 0.023682
-0.325195 0.357300 0.943848 -0.011719 -0.008179 0.038818
-0.302734 0.364990 0.940308 -0.007446 -0.015991 0.035278
-0.267456 0.360840 0.940552 -0.015869 -0.003296 0.019653
-0.289551 0.358398 0.941284 -0.015991 0.005493 0.041016
-0.303467 0.378662 0.942505 -0.014648 0.002075 0.067383
-0.269043 0.433838 0.934204 -0.053223 0.015747 -0.003296
-0.297363 0.357178 0.940430 -0.029419 -0.007935 0.000977
-0.286987 0.353027 0.944092 -0.025757 -0.005005 0.019531
-0.227051 0.381592 0.932007 -0.045532 0.038452 0.098755
0.094116 0.861816 0.946533 -0.185913 0.143433 -0.057983
