-0.287354 0.379639 0.931274 -0.019775 -0.030762 0.014282
-0.307495 0.394653 0.915771 -0.025146 -0.035156 0.015869
-0.317139 0.382568 0.930298 -0.031982 -0.049438 0.016846
-0.194946 0.317749 0.982300 -0.016968 -0.031006 -0.008057
-0.262207 0.394287 0.934937 -0.031494 -0.013794 -0.019287
-0.295044 0.400269 0.935669 -0.045166 -0.001221 -0.033813
-0.327759 0.367554 0.936157 -0.041870 -0.012451 -0.036621
-0.293701 0.338501 0.939331 -0.025269 -0.023193 -0.018066
-0.308105 0.354858 0.939209 -0.002563 -0.028076 0.000732
-0.300293 0.357910 0.934570 0.014282 -0.033203 0.003296
-0.302124 0.360718 0.935059 0.028687 -0.036377 0.022339
-0.276245 0.386353 0.937500 0.034058 -0.032104 0.055054
-0.206177 0.405640 0.926758 0.014160 0.001343 0.053833
-0.257935 0.402222 0.936768 -0.009766 0.038940 0.033203
-0.459106 0.326050 0.939087 -0.014404 0.032715 0.045410
-0.311279 0.394531 0.931641 0.015503 -0.006470 0.039795
-0.233398 0.444458 0.926025 0.003906 0.015991 0.048828
-0.322144 0.392334 0.947876 -0.014893 0.054932 0.076904
-0.601929 0.204956 0.991821 -0.061279 0.074951 0.093262
0.070557 0.779907 0.822144 -0.164063 0.173340 0.079346
-0.160156 0.464722 0.934326 0.041260 -0.008057 0.146973
-0.146484 0.791382 0.916260 -0.152466 0.169678 0.017456
-0.467896 0.103760 0.933105 0.017334 -0.005371 0.135132
-0.222412 0.412476 0.924072 -0.054688 0.079956 0.107300
-0.689819 -0.280518 0.931274 0.006470 0.013306 0.232056
-0.055298 0.522339 0.863525 -0.135742 0.135620 0.141113
-0.404907 0.226685 0.916992 -0.114990 0.078979 0.104492
-0.334961 0.361450 0.934692 -0.048584 0.015015 0.133423
-0.786011 0.035522 1.002563 -0.267578 0.125366 -0.012939
-0.050537 0.811646 0.972900 -0.128662 0.059814 0.094849
-0.285400 0.436646 0.918213 -0.055542 0.008057 0.144287
-0.146362 0.561523 0.961426 -0.067261 0.016479 0.093750
-0.262207 0.362427 0.921753 -0.107666 0.024536 0.053467
-0.332275 0.731812 1.040649 -0.164795 0.000366 -0.041992
-0.295532 0.172607 0.901855 -0.096924 0.013794 0.100464
-0.211060 0.364136 0.949463 -0.042603 -0.002686 0.140015
-0.488525 0.595581 1.031250 -0.117554 -0.058716 -0.003784
-0.385010 0.484131 0.995239 -0.079468 -0.023926 0.030029
-0.479370 0.264771 0.993408 -0.065674 -0.081421 0.014771
-0.532471 0.472046 1.033813 -0.073975 -0.103638 -0.023315
-0.247437 0.332886 0.945801 -0.064453 -0.085693 -0.052490
-0.390503 0.379761 0.970215 -0.056885 -0.123535 -0.111938
-0.082031 0.364502 0.902954 -0.033325 -0.043091 -0.101318
-0.431396 0.355957 0.967285 -0.028320 -0.113647 -0.161499
-0.025024 0.365845 0.937378 0.012451 -0.105591 -0.172607
0.061279 0.638184 0.948853 -0.001831 -0.062988 -0.144653
-0.390625 0.275513 0.946045 0.035156 -0.098511 -0.102051
-0.059082 0.451904 0.989136 0.020264 -0.050537 -0.124023
-0.751709 -0.188721 0.911621 0.122559 -0.133179 -0.033325
-0.288208 0.331543 0.932495 0.022461 -0.037720 -0.107056
-0.251831 0.425171 0.939575 0.066650 -0.063232 -0.066040
-0.390869 0.288086 0.964600 0.037598 -0.045654 -0.052124
-0.047729 0.700439 0.952515 -0.000977 -0.022949 -0.073975
-0.187256 0.436523 0.942505 0.108521 -0.033813 0.022095
-0.267944 0.284668 0.937744 0.115845 -0.037964 0.000122
-0.308594 0.156738 0.911743 0.043457 -0.003784 -0.025513
-0.346069 0.364990 0.967285 -0.000854 0.009033 -0.062012
-0.339600 0.512573 0.993042 0.016968 0.002563 -0.056763
-0.333618 0.366821 0.952393 0.045898 -0.004150 0.007324
-0.246338 0.385132 0.939819 0.030762 0.005249 -0.015503
-0.292847 0.373291 0.946411 0.039185 0.030640 -0.011597
-0.186768 0.243164 0.851807 0.069702 0.043945 0.022705
-0.213867 0.296875 0.912720 0.035034 0.033081 -0.043579
-0.251465 0.284546 0.920776 0.043091 0.037720 -0.003540
-0.473633 0.612061 1.023804 0.027832 0.012573 0.012939
-0.288330 0.389404 0.931274 0.020386 0.027466 -0.005005
-0.423584 0.524048 0.970947 0.018311 0.005981 -0.034912
-0.281494 0.369751 0.943604 0.060181 0.056885 0.046021
-0.306519 0.375488 0.952271 0.033813 -0.018066 0.035522
-0.091064 0.295166 0.860962 0.064697 0.043213 0.093262
-0.337280 0.425659 0.963257 0.025269 -0.004761 0.058472
-0.248535 0.381958 0.931152 0.009399 -0.003784 0.039795
-0.252197 0.412476 0.922729 -0.010986 0.018799 0.015259
-0.356201 0.409790 0.934082 -0.032837 0.078857 0.068848
-0.095825 0.415161 0.902710 -0.013672 0.030396 0.039429
-0.257202 0.435913 0.924438 -0.012817 0.011108 0.012329
-0.425781 0.412720 0.956909 -0.016479 0.011475 0.008789
-0.298584 0.377441 0.933350 -0.015869 0.006104 0.034424
-0.497925 0.370728 0.980225 -0.083008 0.146606 0.088135
-0.355957 0.392334 0.959717 -0.028320 0.014404 0.085205
-0.481812 0.250244 0.938354 -0.018311 0.022705 0.070435
-0.327271 0.393921 0.924072 -0.021606 0.019287 0.024536
-0.331177 0.456421 0.918701 -0.076172 0.077759 0.030640
-0.242188 0.383545 0.924072 -0.013184 0.002930 0.077148
-0.412964 0.277344 0.922729 -0.008179 -0.000732 0.076904
-0.220215 0.495972 0.924561 -0.068726 0.054932 0.002319
-0.632568 0.175293 0.948120 0.000732 -0.030151 0.072144
-0.256592 0.438110 0.913696 -0.010498 -0.005615 0.042236
-0.280762 0.436157 0.922485 -0.037354 0.010742 0.005005
-0.323975 0.392334 0.922974 -0.042358 0.010864 0.004517
-0.319336 0.378052 0.924805 -0.037842 0.005493 0.003296
-0.333618 0.378784 0.925049 -0.030884 -0.003052 0.007080
-0.312500 0.373169 0.920776 -0.028198 -0.004517 -0.000977
-0.138672 0.559937 0.921387 -0.088379 0.056519 -0.021851
-0.276245 0.380249 0.927856 -0.015869 0.003296 0.021362
-0.232178 0.475098 0.919312 -0.050659 0.033447 0.002441
-0.309082 0.375854 0.927368 -0.002075 -0.016602 0.058105
-0.318115 0.401001 0.923950 -0.016479 0.002075 0.048706
-0.299438 0.402832 0.919189 -0.034424 0.010620 0.030640
-0.312866 0.390747 0.926025 -0.038574 0.011597 0.008667
-0.337036 0.350220 0.927734 -0.024170 0.003784 0.023193
-0.338989 0.379028 0.925537 -0.020508 -0.005371 0.022461
-0.327271 0.380615 0.927124 -0.014893 -0.006470 0.036377
-0.286499 0.435181 0.925415 -0.046387 0.008301 0.016602
-0.343384 0.315308 0.927734 -0.024658 -0.003540 0.031860
-0.304688 0.374756 0.920288 -0.022949 0.001465 0.025513
-0.317993 0.395020 0.925415 -0.023071 0.004761 0.041626
-0.315674 0.406616 0.931885 -0.035645 0.005493 0.012939
-0.340332 0.370728 0.920898 -0.026978 -0.004150 -0.006470
-0.309204 0.390747 0.919556 -0.024170 -0.005005 -0.026733
-0.322876 0.377197 0.928345 -0.023071 -0.005859 -0.033325
-0.327759 0.373779 0.927856 -0.020508 -0.013062 -0.043213
-0.324341 0.358032 0.927856 -0.011719 -0.015747 -0.009277
-0.317627 0.388794 0.923218 -0.007080 -0.013062 0.013062
-0.322266 0.396484 0.924927 -0.018677 -0.008545 -0.017822
-0.321045 0.374756 0.923706 -0.020264 -0.011353 -0.016724
-0.316772 0.373779 0.934570 -0.017212 -0.006714 -0.000854
-0.322998 0.374023 0.928101 -0.013062 0.002075 0.021240
-0.340698 0.386841 0.920776 -0.014404 -0.003174 0.016602
-0.342285 0.383667 0.924927 -0.014282 -0.018311 0.000610
-0.314453 0.390747 0.925781 -0.015625 -0.017944 -0.008545
-0.302002 0.386353 0.927490 -0.019653 -0.004272 -0.006714
-0.330322 0.365112 0.928345 -0.017212 -0.000366 -0.001709
-0.326416 0.361938 0.928589 -0.008789 -0.005981 0.011963
-0.322632 0.385620 0.928711 -0.005981 -0.014404 0.005371
-0.302734 0.391602 0.924683 -0.010620 -0.009888 -0.001465
-0.307007 0.386353 0.925537 -0.014160 -0.001587 -0.000244
-0.335083 0.373901 0.921265 -0.016357 -0.006226 -0.010864
-0.324463 0.374512 0.925293 -0.013428 -0.016113 -0.009521
-0.308105 0.385986 0.928955 -0.014648 -0.013672 0.004517
-0.305298 0.388672 0.930054 -0.021240 -0.002197 0.005981
-0.327393 0.374023 0.925903 -0.023560 -0.001953 0.001953
-0.329956 0.379395 0.924438 -0.023193 -0.009155 -0.014404
-0.318115 0.380737 0.922607 -0.021240 -0.009399 -0.023682
-0.291626 0.402710 0.924805 -0.034180 0.007935 -0.033813
-0.225830 0.400879 0.925415 -0.058472 0.050659 -0.054688
-0.358154 0.382202 0.918457 -0.068604 0.051636 -0.041260
-0.314819 0.491943 0.920044 -0.142578 0.100098 -0.099121
-0.330811 0.248169 0.984985 0.004150 0.049438 -0.038818
-0.295532 0.362915 0.936401 0.011475 0.071899 -0.048706
-0.319580 0.407349 0.921875 -0.002686 0.077026 -0.056519
-0.381470 0.429321 0.886841 -0.045532 0.068604 -0.076904
-0.392212 0.364258 0.887573 -0.046143 0.039307 -0.079468
-0.405151 0.299438 0.900757 -0.038818 0.007568 -0.051270
-0.395996 0.325439 0.909912 -0.016724 -0.016235 -0.015503
-0.365601 0.347046 0.919678 -0.007324 -0.028198 -0.001465
-0.357178 0.366455 0.910645 -0.012695 -0.036377 0.002930
-0.349243 0.369507 0.922119 -0.016724 -0.032959 0.003662
-0.342285 0.361816 0.933105 -0.016479 -0.025513 -0.001099
-0.351196 0.355469 0.907593 -0.017090 -0.024414 0.003662
