-0.254395 0.411621 0.927368 -0.014526 -0.010254 0.006958
-0.254395 0.420410 0.935669 -0.014893 -0.008423 -0.003418
-0.252441 0.420898 0.933472 -0.015381 -0.006714 -0.005127
-0.256714 0.410278 0.937256 -0.016113 -0.006592 -0.002197
-0.258301 0.416626 0.939575 -0.015503 -0.005737 0.006470
-0.256714 0.404541 0.932983 -0.012451 -0.008545 0.021851
-0.208862 0.400879 0.929688 -0.012695 -0.005005 0.041992
-0.238037 0.380737 0.931519 -0.017212 -0.003540 0.017822
-0.249146 0.399780 0.934814 -0.011597 -0.005981 0.028564
-0.252930 0.411743 0.922974 -0.008057 -0.007324 0.028564
-0.256348 0.410645 0.932739 -0.008789 -0.006470 0.036865
-0.253784 0.417114 0.929077 -0.009033 -0.009399 0.033691
-0.257568 0.406738 0.928711 -0.011841 -0.007202 0.019165
-0.229492 0.419067 0.929688 -0.010498 0.004883 0.047729
-0.311035 0.382690 0.934448 -0.021729 0.009033 0.031982
-0.262695 0.416992 0.932617 -0.007324 -0.007202 0.051636
0.005981 0.648804 0.920898 -0.042725 0.026489 0.005493
-0.104004 0.622559 0.913818 -0.048706 0.020508 0.002930
-0.171875 0.475220 0.932983 0.016357 -0.042847 0.064087
-0.106812 0.528809 0.930420 -0.015991 -0.004150 0.034912
-0.620483 0.208740 0.936157 -0.094604 0.083862 -0.047485
-0.346680 0.360352 0.935669 -0.032959 0.017822 0.013672
-0.264282 0.406860 0.916870 -0.044312 0.017822 0.006470
-0.202271 0.459106 0.929077 -0.000122 -0.017822 0.062500
-0.243164 0.447266 0.930908 -0.023193 0.009399 0.023193
-0.239502 0.455566 0.924072 -0.054077 0.036255 -0.007202
-0.268677 0.395264 0.929688 -0.040039 0.029297 0.033203
-0.105225 0.583374 0.930420 -0.057861 0.041016 0.001587
-0.167358 0.422852 0.931030 0.000977 -0.030640 0.071533
-0.178955 0.453369 0.930664 -0.017700 -0.005615 0.039429
-0.292114 0.360962 0.927002 -0.041382 0.017212 0.025879
-0.274902 0.426270 0.940674 -0.024414 0.005981 0.033325
-0.844482 -0.175781 0.918823 -0.000122 -0.000122 -0.000122
-0.192871 0.135376 -0.098999 -0.071411 0.041748 0.030762
-0.151001 0.518311 0.930420 -0.031494 0.006348 0.020874
-0.218994 0.394043 0.930542 -0.027466 -0.001953 0.034058
-0.228271 0.448853 0.942139 -0.028809 0.010132 0.032227
-0.000122 -0.000122 -0.000122 -0.098145 0.085938 -0.026855
-0.133179 0.545288 0.945923 -0.033936 0.022827 0.046997
-0.338135 0.415771 0.948364 0.001099 -0.016357 0.116577
-0.220947 0.484131 0.945557 -0.090332 0.063110 -0.044800
-0.167480 0.473022 0.926880 -0.003052 -0.014282 0.080322
0.000000 0.000000 0.000000 -0.033203 0.017822 0.021851
-0.695313 -0.168701 0.977539 -0.171875 0.138672 -0.107910
-0.230713 0.419678 0.929688 -0.004639 -0.011597 0.118896
-0.192261 0.423706 0.937378 0.002686 -0.022827 0.140381
-0.459473 0.219116 0.972534 -0.158569 0.111816 -0.070190
-0.147461 0.483276 0.934082 -0.009155 -0.012939 0.127319
-0.284546 0.433105 0.903687 -0.116333 0.063843 -0.024536
-0.266357 0.422363 0.934204 -0.017822 -0.005859 0.086914
-0.401001 0.310791 0.929932 -0.061157 0.012939 -0.011475
-0.230225 0.470337 0.940796 -0.035034 0.010010 0.005493
-0.619141 -0.195801 0.909668 -0.132568 0.041138 -0.085693
-0.244141 0.425293 0.937500 -0.010498 -0.002075 0.071045
-0.289917 0.397461 0.938477 -0.028076 0.010498 0.042480
-0.275146 0.375977 0.929565 -0.030640 0.011719 0.024536
-0.281250 0.390625 0.934570 -0.019409 0.001709 0.054199
-0.257690 0.399170 0.942871 -0.012573 0.000977 0.094727
-0.247681 0.496216 0.930664 -0.056885 0.016479 0.069214
-0.239014 0.945435 0.864258 -0.159668 0.031860 -0.081055
-0.290405 0.101563 0.873901 -0.108765 0.006104 -0.004028
-0.283203 0.460083 0.944946 -0.012939 -0.000977 0.067993
-0.222778 0.413574 0.937134 -0.029907 0.001221 0.008057
-0.282227 0.434326 0.963745 -0.045166 0.009033 -0.011963
-0.129150 0.320801 0.918457 -0.044922 -0.000610 0.007813
-0.286377 0.399292 0.952148 -0.035645 0.004150 0.044556
-0.131592 0.295288 0.888672 -0.092163 -0.047852 -0.052856
-0.169067 -0.474609 0.828369 -0.220337 -0.024658 -0.225952
-0.330200 0.496582 0.983887 -0.037109 -0.011353 -0.007446
-0.273804 0.341797 0.941162 -0.037231 0.001099 -0.014648
-0.239014 0.341553 0.948853 -0.031494 0.006714 -0.006958
-0.305054 0.393677 0.979004 -0.035645 0.005371 0.010986
-0.191040 0.335815 0.932129 -0.038452 -0.011230 0.017578
-0.248291 0.338745 0.945679 -0.031616 -0.004639 0.010742
-0.208252 0.331177 0.932983 -0.034546 -0.019409 -0.004395
-0.323242 0.411499 0.984497 -0.035278 -0.018311 0.013428
0.200439 0.207031 0.909180 -0.102051 -0.120361 -0.122559
-0.335327 0.375366 0.948730 -0.051758 -0.010010 -0.024536
-0.272461 0.340088 0.950195 -0.046021 -0.014893 -0.025757
-0.216309 0.354370 0.971802 -0.052246 -0.056274 -0.069458
-0.463867 0.439575 0.954956 -0.024902 0.041260 -0.057617
-0.335938 0.326782 0.964722 -0.042725 -0.020386 -0.073242
-0.315186 0.331177 0.951904 -0.029175 -0.006958 -0.054443
-0.212646 0.375000 0.932739 -0.042603 -0.016968 -0.097778
-0.292969 0.335205 0.959351 -0.040649 0.004517 -0.125366
-0.163086 0.429077 0.919922 -0.001709 -0.134521 -0.093750
0.205811 0.607666 0.928711 0.012939 -0.107056 -0.127686
0.256470 0.629028 0.927246 0.034912 -0.129272 -0.091064
-0.266113 0.335938 0.961304 -0.047241 0.003906 -0.099609
-0.241089 0.326538 0.959229 -0.025757 -0.020508 -0.094360
-0.295898 0.314453 0.956177 -0.019775 -0.012695 -0.109497
-0.288940 0.350220 0.957397 -0.019531 -0.007690 -0.072021
-0.280518 0.342896 0.968018 -0.028442 -0.000977 -0.088135
-0.494873 0.033447 1.071533 0.146606 -0.156250 0.073730
-0.011353 0.677612 0.944336 0.018799 -0.031128 -0.075195
-0.363037 0.217529 0.958618 -0.016113 -0.011353 -0.066406
-0.225708 0.427856 0.947632 0.025635 -0.041260 -0.055786
-0.184570 0.452026 0.965088 0.045044 -0.047119 -0.031860
-0.317993 0.312622 0.966064 0.002808 -0.019531 -0.058472
-0.284790 0.296143 0.958374 -0.019409 -0.003174 -0.083374
-0.245972 0.353638 0.965210 0.060425 -0.044556 -0.012329
-0.266113 0.345215 0.962769 0.022827 -0.024292 -0.030273
-0.109375 1.014771 1.021851 0.125977 -0.052368 0.065430
-0.282471 0.320679 0.960693 -0.015991 -0.016602 -0.069580
-0.268311 0.360596 0.962158 -0.005615 -0.014648 -0.044189
-0.292969 0.348145 0.954834 -0.006836 -0.008423 -0.036621
-0.304932 0.329224 0.948853 0.008057 -0.013306 -0.031006
-0.321655 0.513794 0.993408 0.034302 -0.011230 -0.028198
-0.286987 0.289429 0.962036 -0.010376 -0.018799 -0.078003
-0.269165 0.299194 0.955933 0.004150 -0.022583 -0.047729
-0.278442 0.327148 0.957642 0.012329 -0.022827 -0.029785
-0.144531 0.707397 1.122437 0.251465 0.030884 0.205688
-0.252686 0.292603 0.931519 -0.005859 -0.023315 -0.075317
-0.159180 0.104004 0.820435 0.036743 0.011353 -0.027466
-0.181763 0.163940 0.904053 0.008545 -0.026245 -0.043579
-0.265381 0.318237 0.951416 0.031860 -0.019653 0.001587
-0.267334 0.369629 0.957275 0.011230 -0.024048 -0.019653
-0.278809 0.359375 0.945190 0.008301 -0.011963 -0.010742
-0.214478 0.270630 0.922485 0.034546 0.018555 0.033325
-0.283691 0.384521 0.954102 0.015991 0.012817 0.015991
-0.222778 0.290527 0.945190 -0.001831 -0.023071 -0.050415
-0.221191 0.245117 0.910889 0.021973 0.000854 -0.026123
-0.194824 0.178955 0.965576 0.165771 0.099976 0.175049
-0.137207 0.328979 0.944336 -0.008667 -0.064697 -0.046143
-0.042725 0.253906 0.944336 0.038452 0.063721 0.028687
-0.237915 0.336914 0.937012 -0.000977 -0.011719 0.024902
-0.298828 0.384277 0.941772 0.003662 0.015625 0.067261
-0.275024 0.390015 0.942627 0.003296 -0.013916 0.056030
-0.272583 0.385986 0.945068 0.000366 -0.008423 0.046875
-0.274658 0.382446 0.938843 -0.010498 0.017822 0.057129
-0.271240 0.384399 0.940796 -0.006104 0.006714 0.078613
-0.192017 0.422119 0.963257 -0.006104 0.062744 0.083496
-0.080078 0.386108 0.902710 -0.001221 0.012085 0.082031
-0.151001 0.390747 0.942627 0.008423 -0.018311 0.100952
-0.812622 0.213257 1.015869 -0.085938 0.199585 0.062500
-0.228760 0.428955 0.930298 0.020752 -0.040649 0.090210
-0.231079 0.403931 0.937500 -0.008301 -0.003906 0.064575
-0.259766 0.398926 0.937378 -0.014893 0.004761 0.054443
-0.268188 0.402710 0.929077 -0.019897 0.011108 0.044922
-0.267456 0.439941 0.947510 -0.039185 0.038452 0.039307
-0.269287 0.367920 0.946289 -0.013184 0.012085 0.069946
-0.211304 0.424316 0.933228 -0.001221 -0.012085 0.036621
-0.139526 0.445923 0.919800 -0.017456 0.016479 0.030151
-0.714722 0.143799 0.987305 -0.055420 0.058350 0.044189
-0.267944 0.422729 0.939453 0.004517 -0.007446 0.080811
-0.430664 0.312744 0.943848 -0.042480 0.027466 0.039795
-0.253174 0.434937 0.938354 -0.013428 -0.003784 0.040405
-0.280151 0.397095 0.937744 -0.034668 0.011353 0.015991
-0.305054 0.378296 0.939087 -0.028564 0.005127 0.019043
-0.279175 0.386108 0.936279 -0.020752 0.001709 0.024902
