-0.215820 0.345581 0.969849 -0.027100 -0.009277 -0.013672
-0.209229 0.340210 0.969849 -0.027710 -0.007813 -0.017822
-0.206177 0.346680 0.973633 -0.027588 -0.003540 -0.012695
-0.216309 0.337280 0.969482 -0.026978 -0.002197 -0.018433
-0.219116 0.323120 0.972778 -0.024170 -0.001587 -0.017822
-0.225220 0.329590 0.976440 -0.014771 -0.004028 -0.001343
-0.214844 0.343140 0.975586 -0.008057 -0.008057 0.020386
-0.218262 0.349121 0.976196 -0.007202 -0.010986 0.021362
-0.210693 0.345581 0.974121 -0.011230 -0.010132 0.017822
-0.212402 0.354126 0.969849 -0.012329 -0.008545 0.022583
-0.213379 0.342163 0.977295 -0.009521 -0.009644 0.024780
-0.198730 0.352051 0.972534 -0.009033 -0.006714 0.032471
-0.212402 0.346924 0.978394 -0.012329 0.000366 0.034058
-0.221191 0.338257 0.977783 -0.011230 0.000977 0.058228
-0.182617 0.414185 0.970459 -0.003784 -0.001709 0.095581
-0.254028 0.106689 0.978149 -0.042480 0.026611 0.041504
-0.334717 0.195557 0.980225 -0.035156 0.006592 0.018433
-0.155151 0.371338 0.968750 -0.005493 -0.006714 0.050049
-0.181274 0.417847 0.959351 -0.044434 0.042603 0.027466
-0.226929 0.391113 0.972656 0.001831 -0.001587 0.077271
-0.485352 0.047363 0.984131 -0.126465 0.081299 -0.032593
-0.220337 0.314697 0.972168 -0.003906 -0.010010 0.094360
-0.303101 0.520386 1.008789 -0.090820 0.072388 0.028687
-0.010864 0.521362 0.950317 -0.032104 0.016479 0.084961
-0.175537 0.478149 0.978271 0.009155 -0.021240 0.124512
-0.218750 0.274658 0.977051 -0.039917 0.015625 0.056885
-0.146729 0.399902 0.973633 -0.029297 0.019653 0.049805
-0.271606 0.285278 0.965576 -0.110474 0.068970 -0.055420
-0.343506 0.220947 0.986206 -0.047363 0.028198 0.054688
-0.136963 0.477051 0.983521 -0.086304 0.054199 0.007446
-0.136353 0.651855 0.988403 -0.046753 0.049194 0.060913
-0.256470 0.671997 0.916260 -0.144897 0.070923 -0.035156
-0.133545 0.618164 0.970215 0.053589 -0.041382 0.188843
-0.141479 0.423340 0.972900 0.005371 -0.016724 0.126099
-0.225098 0.402344 1.005371 -0.128906 0.088623 -0.050293
-0.392334 -0.137329 0.985596 -0.099487 0.035645 0.031494
-0.137329 0.440552 0.987183 -0.023438 0.000244 0.111694
-0.406250 0.190674 0.991577 -0.088623 0.077637 0.052246
-0.072266 0.533569 0.963257 -0.070557 0.024292 0.037476
-0.133179 0.481689 0.974854 0.034668 -0.042114 0.152832
-0.031372 0.535156 0.999023 -0.022217 0.025024 0.095215
-0.627808 -0.278687 1.026611 -0.221313 0.124512 -0.131958
-0.416138 0.222900 0.994385 -0.091553 0.030396 0.002686
-0.175049 0.467041 0.968262 -0.092407 0.029785 0.041870
-0.040405 0.568726 0.978882 -0.027832 0.024780 0.136719
-0.164795 0.347656 0.974243 0.016235 -0.011230 0.224976
-0.363159 -0.483521 0.942261 -0.184448 0.026611 -0.077026
-0.549561 -0.005737 1.011841 -0.123901 0.088501 0.044189
-0.044800 0.582642 0.973755 -0.110596 0.037842 0.018555
-0.119995 0.565063 0.993774 0.027832 -0.024292 0.183716
-0.178955 0.261475 0.954590 -0.086914 0.037109 0.052490
-0.064453 0.513916 0.976685 -0.113892 0.039429 0.024414
-0.336548 0.383545 0.969971 -0.202026 0.086548 -0.096558
-0.172852 0.052490 0.948120 -0.111816 0.013672 0.077759
-0.123779 0.416870 0.986694 0.030029 -0.032471 0.206665
-0.193115 0.328613 0.981934 -0.027344 0.001953 0.063110
-0.247681 0.413208 1.021729 -0.066040 0.001587 0.010010
-0.266602 0.480713 0.969727 -0.201660 0.002930 -0.171631
-0.243774 0.431519 1.006348 -0.030151 -0.014648 0.138428
-0.223755 0.181274 0.981201 -0.043579 -0.000977 0.060059
-0.235840 0.251587 1.000977 -0.088257 -0.003296 -0.025879
-0.224121 0.157104 0.974609 -0.059082 0.000732 -0.042236
-0.246582 0.316895 0.990112 -0.014404 0.002686 0.061646
-0.352417 0.834839 1.075195 -0.069702 -0.015381 -0.005493
-0.209717 0.293457 0.982422 -0.037720 0.000610 0.006592
-0.200684 0.312256 0.989014 -0.047363 -0.002808 0.000000
-0.250610 0.302979 0.997681 -0.030273 0.012573 0.005615
-0.056885 -0.022339 0.920532 -0.155396 -0.037720 -0.244019
-0.258423 0.306030 0.999268 -0.031250 0.003662 -0.036743
-0.252319 0.271362 0.990234 -0.050537 -0.020752 -0.078979
-0.252319 0.280029 0.991211 -0.034668 -0.020142 -0.068359
-0.110962 0.293091 0.965698 -0.042358 -0.054321 -0.087769
-0.359131 0.226318 1.026855 -0.028076 -0.012085 -0.058228
-0.228760 0.292114 0.997437 -0.050171 -0.060181 -0.119629
-0.204590 0.321533 0.988159 -0.037964 -0.011475 -0.068604
-0.355103 0.260254 1.013794 -0.034424 -0.015259 -0.088989
-0.288086 0.234985 0.987793 -0.034668 -0.020630 -0.132813
-0.282104 0.247437 1.005859 -0.031982 -0.020264 -0.119873
-0.234009 0.251953 0.998901 -0.029297 -0.031128 -0.152710
-0.278564 0.189209 1.018677 -0.012939 -0.041748 -0.119385
-0.227661 0.146484 1.000244 0.028687 -0.068237 -0.070313
-0.160156 0.151001 0.989258 -0.047363 0.021606 -0.131104
-0.378540 0.036743 1.006470 -0.012207 -0.033447 -0.092163
-0.264282 0.296021 0.989990 -0.018311 -0.001709 -0.119385
-0.307373 0.113037 0.995605 0.000000 -0.021729 -0.096313
-0.427612 -0.080078 0.974487 0.057983 -0.065552 -0.035278
-0.250610 0.142944 1.003784 -0.041992 -0.003418 -0.128418
-0.329224 -0.041626 0.968628 0.078247 -0.068481 -0.007202
-0.352173 0.260742 0.996460 0.011597 -0.006104 -0.056030
-0.267456 0.331421 0.995239 -0.017578 0.009033 -0.053711
-0.286133 0.234741 0.997681 -0.023071 -0.007446 -0.045166
-0.262329 0.154907 0.993530 0.015015 -0.036255 -0.035156
-0.147705 0.532715 0.996460 0.080322 -0.047729 -0.015015
-0.336914 -0.010376 1.001221 0.067017 -0.045776 -0.030396
0.009399 0.118530 0.971802 0.042725 -0.057739 -0.051880
-0.220337 0.295898 1.003540 0.000610 0.002441 -0.040771
-0.234619 0.412231 1.006348 0.029907 -0.012817 -0.010986
-0.262573 0.090210 0.988647 0.064209 -0.034668 0.012695
-0.362183 -0.283691 0.890991 0.022827 -0.037598 -0.057251
-0.224854 0.011963 0.986572 -0.023560 -0.019287 -0.114136
-0.335815 0.857910 1.021851 0.077515 -0.023682 0.033325
-0.213379 0.292603 0.992188 0.016602 -0.029419 0.005737
-0.222412 0.267822 0.993286 0.045898 -0.009033 0.051147
-0.210693 0.239258 0.990601 -0.009521 -0.017578 -0.016479
-0.260376 0.251953 1.075439 0.140015 -0.001587 0.126343
-0.224365 0.225342 0.986572 -0.010864 -0.018921 -0.062500
-0.227173 0.289185 0.996948 0.005249 -0.015137 0.001099
-0.177002 0.220947 0.970093 0.011597 -0.006714 0.022583
-0.215942 0.264771 0.986816 0.002686 -0.008545 0.022583
-0.348755 0.451904 1.002563 0.091309 0.026245 0.133667
-0.156860 0.278198 0.977295 0.009033 -0.031738 0.019775
-0.195068 0.375366 0.998535 0.007813 -0.011230 0.030762
0.066406 0.014404 0.788696 0.026367 0.038208 0.011719
-0.143433 0.234985 1.004517 -0.005127 -0.015747 0.019043
-0.197510 0.256714 0.999146 0.021606 0.003418 0.069458
-0.173584 0.297363 0.990723 -0.003052 -0.022217 0.017456
-0.203857 0.305298 0.987305 -0.012939 0.004517 0.021973
-0.239746 0.295532 0.984619 -0.009521 0.011108 0.043823
-0.169922 0.271973 0.937012 -0.005859 0.026001 0.036133
-0.137817 0.306152 0.994019 -0.003662 -0.039185 0.028687
-0.102539 0.268311 0.959961 0.001343 -0.017578 0.001099
-0.365967 0.368042 1.014282 0.000977 0.003906 0.044189
-0.198730 0.315063 0.981567 -0.006836 -0.009644 0.026245
-0.222534 0.313232 0.987305 -0.013794 0.008911 0.033569
-0.246582 0.303711 0.980103 -0.007690 0.006104 0.053223
-0.234863 0.300659 0.988281 -0.002441 -0.010132 0.046021
-0.166748 0.311401 0.965576 -0.001221 0.003296 0.045654
-0.171997 0.294312 0.980957 -0.006348 -0.017822 0.035645
-0.159790 0.302734 0.978882 -0.007813 0.004639 0.041992
-0.292236 0.309326 0.997559 -0.005005 0.025391 0.067627
-0.222900 0.315674 0.988892 -0.001709 -0.004639 0.064209
-0.178589 0.382690 0.979858 -0.020752 0.035034 0.044556
-0.668823 0.097900 1.041992 -0.089111 0.100952 -0.007813
-0.235596 0.342163 0.978027 0.018066 -0.040894 0.068115
-0.099976 0.474487 0.964111 -0.041016 0.067871 0.011719
-0.256348 0.307007 0.982666 -0.027954 0.006714 0.029053
-0.190674 0.352295 0.982544 -0.014160 0.000000 0.042847
-0.233887 0.327637 0.979492 -0.030762 0.015625 0.038452
-0.253784 0.300293 0.983643 -0.015015 -0.000610 0.048828
-0.223755 0.307617 0.985840 -0.021484 -0.004883 -0.001953
-0.222656 0.310303 0.978638 -0.020874 -0.001587 0.012573
-0.135864 0.417114 0.955688 -0.050049 0.028198 -0.024658
-0.212280 0.357300 0.986572 0.000000 -0.014282 0.062134
-0.308960 0.222046 0.979370 -0.047485 0.008545 0.011719
-0.209717 0.321045 0.979858 -0.007813 -0.015259 0.035034
-0.224609 0.311646 0.981445 -0.004395 -0.009521 0.051514
-0.233887 0.305054 0.985107 -0.011108 -0.004395 0.018555
-0.213135 0.324707 0.982300 -0.015869 -0.000366 0.022705
-0.190552 0.421875 0.951782 -0.106934 0.076294 -0.075439
-0.216919 0.396851 0.985962 0.008545 -0.024170 0.050415
