0.038330 0.527710 0.929321 -0.020874 0.029053 0.020508
-0.146973 0.462646 0.936890 -0.044556 0.040283 0.002686
-0.131470 0.473511 0.942871 -0.010132 -0.008057 0.020874
-0.118896 0.459839 0.947021 -0.010986 -0.008667 0.002930
-0.116455 0.455688 0.942627 -0.007935 -0.002808 0.016113
-0.127930 0.462646 0.942505 -0.014160 0.006836 -0.004639
-0.133667 0.455811 0.942383 -0.011353 0.005615 0.019531
-0.136841 0.462769 0.941772 -0.009644 0.004150 0.018799
-0.122437 0.457275 0.943970 -0.011597 0.000488 -0.033813
-0.141235 0.448730 0.940674 -0.000610 -0.001099 -0.011841
-0.128540 0.476563 0.947998 0.000854 -0.003540 0.035645
0.193481 0.732666 0.894043 -0.070801 0.091431 -0.015503
-0.276978 0.442383 0.945435 -0.023682 0.023926 0.106934
-0.052124 0.488647 0.938721 0.008179 -0.021729 0.083008
-0.106567 0.489624 0.940186 -0.015503 0.011108 0.015259
-0.134888 0.478394 0.946167 -0.038574 0.036133 0.005981
-0.220947 0.369629 0.948364 -0.028687 0.028809 0.034424
-0.076904 0.499756 0.948730 -0.012207 0.011353 0.047974
-0.536987 0.130005 0.959229 -0.144775 0.163574 -0.080688
-0.134155 0.469604 0.941040 0.011353 -0.023315 0.121216
-0.058716 0.514526 0.943115 -0.009399 0.013794 0.048584
-0.230835 0.420654 0.942749 -0.078003 0.116211 -0.007813
-0.249146 0.432617 0.915771 -0.052246 0.044556 0.064819
-0.472168 -0.030396 0.933716 -0.114014 0.080566 -0.030762
0.051636 0.546753 0.925415 -0.031860 0.031494 0.047607
-0.082031 0.582031 0.944580 0.009277 -0.005615 0.088013
-0.095581 0.517212 0.943481 -0.012695 0.023804 0.060913
-0.404907 0.230835 0.931519 -0.116699 0.124756 -0.050171
-0.022583 0.557861 0.958496 -0.075684 0.044556 0.039185
-0.096069 0.577515 0.938843 -0.021362 0.024658 0.139893
-0.363159 0.108032 0.923340 -0.078369 0.039551 0.043091
-0.041382 0.476685 0.952026 -0.006836 -0.010498 0.088745
-0.476563 0.164917 0.920044 -0.148193 0.130249 -0.137451
-0.113770 0.456787 0.951660 -0.004150 -0.009888 0.106201
-0.352783 0.333984 0.935791 -0.105469 0.093384 -0.038208
-0.407593 0.064941 0.928833 -0.097778 0.057251 -0.054321
-0.117065 0.452271 0.937500 0.008057 -0.019531 0.109741
-0.092896 0.477417 0.949219 -0.000488 0.009399 0.083496
-0.166992 0.427246 0.947021 -0.025513 0.033936 -0.009888
-0.200195 0.119873 0.861084 -0.255859 0.194702 -0.345581
0.005371 0.606445 0.963989 -0.019409 0.035522 0.133911
0.290649 1.079834 0.972412 -0.043823 0.047241 -0.047485
-0.561157 0.144897 0.927856 -0.124878 0.096069 -0.094482
-0.120483 0.437988 0.950562 -0.001831 -0.011597 0.035400
-0.136963 0.425537 0.955566 -0.041992 0.032227 -0.041992
0.149170 0.799194 0.985474 -0.101074 0.089844 -0.106934
-0.339478 0.084229 0.940674 -0.034180 0.010620 0.070801
-0.123901 0.444580 0.943970 0.012451 -0.003906 0.075073
-0.039307 0.589355 0.970215 -0.071533 0.081177 -0.041748
-0.167236 0.265015 0.942017 -0.060303 0.019775 0.017944
-0.149536 0.436768 0.942261 0.016113 -0.004272 0.106567
-0.132080 0.557007 0.993286 -0.036377 0.019775 0.004517
-0.607910 -0.011963 0.911499 -0.225708 0.124878 -0.211670
-0.112915 0.660034 1.013672 -0.028320 0.021484 0.076782
-0.196655 0.431763 0.954712 0.013184 0.003906 0.091064
-0.218018 0.446777 0.949341 -0.026733 0.009399 0.019653
-0.190186 0.398560 0.953735 0.005127 0.000488 0.083374
-0.145020 0.925781 1.048706 -0.058228 0.005249 -0.098267
-0.189819 0.181641 0.932129 -0.054199 0.015747 -0.017700
-0.165894 0.223145 0.926392 -0.048096 -0.006470 -0.003784
-0.212158 0.409058 0.955933 -0.013184 -0.006836 0.034790
-0.291260 0.465576 0.945923 -0.056152 -0.041138 -0.028687
-0.120728 0.327026 1.006226 -0.084473 -0.031494 -0.021973
-0.102417 0.290649 0.925659 -0.133545 -0.058472 -0.096558
-0.495483 0.628174 1.053833 -0.048340 0.015747 0.000854
-0.265991 0.524292 0.977295 -0.020752 -0.010010 -0.029907
-0.171631 0.333740 0.944580 -0.044556 -0.033691 -0.098877
-0.236938 0.397217 0.977173 -0.023193 -0.023804 -0.054932
-0.169434 0.322510 0.967041 -0.036743 -0.055908 -0.122070
-0.124878 0.480591 0.957520 -0.012085 -0.077393 -0.059937
-0.242432 0.384155 0.967163 -0.022949 0.013794 -0.049316
-0.665771 0.276733 1.002563 -0.014404 -0.074585 -0.014160
-0.013672 0.402100 0.937378 -0.022949 -0.029297 -0.100098
-0.361206 0.294800 0.974609 -0.006348 -0.042480 -0.034912
-0.218994 0.238281 0.957886 -0.062622 0.012817 -0.126709
-0.326416 0.312134 0.995117 -0.034668 -0.024658 -0.100342
-0.403076 0.162231 0.986572 -0.013916 -0.033936 -0.092773
-0.173096 0.291626 0.959595 0.010498 -0.046997 -0.089966
-0.377197 0.287964 0.979858 -0.030640 0.006592 -0.137329
-0.141968 0.476074 0.965698 -0.003906 -0.059570 -0.103027
0.096313 0.964233 0.958618 0.140747 -0.133423 0.077759
-0.236450 0.395752 0.968872 -0.007935 -0.004272 -0.087524
0.021729 0.761475 0.978149 0.068481 -0.065308 0.007935
-0.212402 0.366089 0.967773 -0.015503 -0.010376 -0.098877
-0.219238 0.319092 0.963257 0.012085 -0.023804 -0.036499
-0.215942 0.353882 0.965332 0.113525 -0.060547 0.073242
-0.219727 0.589233 0.970825 0.016724 -0.013062 -0.049072
-0.411865 0.163818 0.905396 0.142456 -0.056763 0.102783
-0.201172 0.124268 0.944214 -0.020142 -0.022583 -0.107910
-0.139160 0.402466 1.005371 0.113892 -0.067017 0.091919
-0.193604 0.386230 0.948608 0.009888 -0.005615 -0.063477
-0.146484 0.598877 0.986084 0.079346 -0.017578 0.030029
-0.125244 0.355957 0.979492 0.089722 -0.030640 0.034058
-0.213013 0.328979 0.947754 0.010010 -0.015991 -0.096191
-0.204712 0.745361 1.035278 0.117798 -0.024292 0.070190
-0.162476 0.339600 0.954102 0.002930 -0.022705 -0.030273
-0.185303 0.568970 0.977783 0.041016 0.001831 0.051392
-0.174438 0.413574 0.947754 -0.003540 0.005981 -0.003784
-0.322388 0.216797 1.012695 0.092529 0.059082 0.103027
-0.222412 0.403320 0.954224 0.011230 -0.014282 -0.038940
-0.564453 0.558228 1.132568 0.109741 0.055786 0.145630
-0.161743 0.397827 0.943726 0.024292 -0.017700 0.037231
-0.143921 0.391479 0.915894 0.058960 0.022827 0.088867
-0.131348 0.447754 0.955811 0.010010 -0.015747 0.061279
-0.155151 0.431519 0.941528 0.010742 -0.021118 0.058228
-0.110107 0.429321 0.925781 0.010498 -0.010986 0.041016
-0.085815 0.389282 0.839966 0.056641 0.025879 0.082031
0.143677 0.349731 0.944336 0.062622 0.027832 0.093750
0.019165 0.366089 0.937622 0.005005 -0.059204 0.038818
-0.063843 0.395020 1.006226 0.083862 0.110840 0.155518
-0.074585 0.438477 0.930542 0.005127 -0.023071 0.105591
-0.130493 0.464233 0.938477 -0.001221 0.008911 0.057495
-0.113525 0.427002 0.914429 -0.003174 0.009766 0.065430
-0.131592 0.420898 0.928955 -0.000610 0.030273 0.045898
0.015991 0.433105 0.909546 -0.020386 0.016479 0.006714
-0.118042 0.487793 0.955933 0.013672 -0.031860 0.068970
-0.078857 0.451782 0.931519 -0.004272 -0.013184 0.039795
-0.170410 0.450684 0.937988 -0.022461 0.018188 0.021606
-0.180786 0.442627 0.936401 -0.019897 0.011108 0.028320
-0.166016 0.451294 0.941162 -0.013794 -0.003052 0.048340
-0.141846 0.480591 0.937256 -0.001465 -0.002075 0.071167
-0.159180 0.462769 0.938721 -0.013062 0.007813 0.035278
-0.164795 0.455444 0.936279 -0.014893 0.010132 0.018921
-0.153076 0.463013 0.933228 -0.010010 0.001831 0.025879
-0.150635 0.473022 0.928833 -0.011230 0.015869 0.028442
-0.392090 0.431763 0.954590 -0.015869 0.019653 0.043579
-0.151489 0.457031 0.932739 -0.007690 -0.018188 0.035767
-0.161011 0.468628 0.933838 -0.004272 0.000366 0.045898
-0.142090 0.484375 0.934204 -0.012207 -0.000610 0.010498
-0.150024 0.468872 0.932007 -0.014038 0.000122 0.009644
-0.055298 0.544556 0.916138 -0.030151 0.041748 -0.004150
-0.403198 0.244507 0.961304 -0.078735 0.077026 -0.045898
-0.206909 0.534180 0.939209 -0.043945 0.022705 -0.019287
-0.121338 0.544678 0.929443 -0.011108 -0.014038 -0.002075
-0.158081 0.490845 0.930298 -0.025879 0.011719 -0.039307
-0.199463 0.462402 0.935059 -0.022217 0.002197 -0.021484
-0.184082 0.455322 0.934448 -0.014282 -0.019775 -0.001221
-0.148315 0.459229 0.933472 -0.013306 -0.017090 0.011230
-0.154419 0.465088 0.935547 -0.016846 -0.003906 0.001465
-0.182007 0.458496 0.935791 -0.019531 -0.001587 -0.029785
-0.189697 0.445679 0.935059 -0.015625 -0.011963 -0.018188
-0.164429 0.459961 0.935791 -0.008423 -0.018188 0.018311
-0.158936 0.466064 0.936035 -0.008301 -0.011841 0.030029
-0.154053 0.471191 0.932373 -0.013184 -0.005249 0.021729
-0.170166 0.458862 0.932007 -0.017822 -0.003906 0.004517
-0.176392 0.458252 0.933838 -0.018311 -0.007202 -0.010620
-0.175049 0.460571 0.934448 -0.012329 -0.012817 0.001953
-0.149414 0.465576 0.937012 -0.010986 -0.016235 0.005005
-0.162598 0.452026 0.931519 -0.014526 -0.010864 0.002197
-0.163330 0.459961 0.932617 -0.015747 -0.008423 0.005615
