-0.449341 0.078003 0.943481 -0.012207 -0.036499 0.013794
-0.445679 0.056519 0.951172 -0.004028 -0.034058 0.033325
-0.339844 0.052124 0.987793 -0.006348 -0.000488 0.021484
-0.439331 0.075562 0.932861 -0.014160 -0.011108 0.007690
-0.493896 0.089966 0.941162 -0.023926 -0.011353 -0.001343
-0.466309 0.057983 0.935791 -0.031738 -0.016113 -0.020386
-0.451172 0.062012 0.937378 -0.028687 -0.019287 -0.024048
-0.447021 0.052368 0.943359 -0.016724 -0.014160 -0.007568
-0.444580 0.028687 0.936523 0.006226 -0.006958 0.008179
-0.455688 0.064697 0.936157 0.015991 -0.007446 0.006592
-0.468506 0.086670 0.940430 0.005859 -0.010864 -0.011597
-0.448242 0.102783 0.929321 -0.010010 -0.012573 -0.013428
-0.448242 0.132080 0.937744 -0.046143 -0.004761 -0.018799
-0.459351 0.144165 0.930664 -0.090820 -0.006958 -0.055298
-0.453735 0.045044 0.937256 -0.090332 -0.019897 -0.094727
-0.453247 0.005249 0.940186 -0.059814 -0.026123 -0.107910
-0.432373 -0.000488 0.941528 -0.022217 -0.023926 -0.073730
-0.432983 -0.017944 0.932617 0.019287 -0.006714 -0.027344
-0.447754 0.040894 0.943115 0.034912 -0.002930 0.003662
-0.449219 0.033813 0.947876 -0.010742 -0.012451 -0.012817
-0.409546 0.258423 0.935181 0.017944 0.005493 0.069824
-0.499756 -0.096802 0.965088 0.068726 -0.028809 0.049194
-0.493286 -0.178833 0.947632 0.067383 -0.047363 -0.027222
-0.436646 0.051270 0.942261 0.025269 -0.023315 -0.026733
-0.460205 0.009399 0.959106 -0.012817 -0.043213 -0.015137
-0.324097 0.159912 0.942505 0.110840 -0.098633 -0.012329
-0.584106 -0.261719 1.030029 -0.013672 -0.052856 -0.009888
-0.450684 0.158325 0.962280 -0.010376 -0.046143 0.005249
-0.423706 0.011475 0.960449 0.037109 -0.056763 0.042480
-0.136475 0.525513 0.885132 -0.009399 -0.024780 0.078369
-0.601074 -0.021851 0.999268 0.037231 -0.098999 0.024292
-0.431274 0.049927 0.938354 -0.031006 -0.009521 0.063232
-0.456543 0.036865 0.992065 -0.004028 -0.041992 0.059692
-0.655762 -0.027344 0.875854 0.013306 -0.117065 0.018188
-0.453369 0.105591 0.959473 -0.015503 -0.054443 0.068848
-0.432983 0.008179 0.974731 -0.061157 -0.132446 -0.038574
-0.616943 0.060303 1.009521 -0.016235 -0.041382 0.121582
-0.325073 0.020264 0.938354 -0.055420 -0.042358 0.074707
-0.460449 0.167114 0.971313 -0.075928 -0.072998 0.002075
-0.451416 0.106812 0.950439 -0.059204 -0.038940 0.022339
-0.438477 0.099487 0.961182 -0.025635 -0.014526 0.071167
-0.460083 -0.045288 0.957520 -0.100220 -0.047607 0.027466
-0.329590 0.020874 0.955811 -0.146362 -0.069702 -0.001099
-0.566040 0.468872 0.988037 -0.119141 -0.043091 0.045532
-0.430298 0.140137 0.943115 0.035522 0.006226 0.179199
-0.299316 -0.217407 0.920410 -0.133423 -0.031250 0.017090
-0.454346 0.056274 0.948486 -0.016235 0.018921 0.088745
-0.295166 -0.032959 0.917603 -0.161743 0.017822 -0.042114
-0.245483 0.547119 0.931274 -0.137451 0.052490 -0.053467
-0.618408 -0.354492 1.021606 -0.086304 0.070679 0.030029
-0.342529 0.273071 0.857422 -0.065308 0.057251 0.073364
-0.363647 -0.007446 0.905029 -0.093262 0.047729 0.030396
-0.344604 0.260620 0.948120 -0.022217 -0.002441 -0.036743
-0.421265 0.099243 0.959839 -0.069946 -0.009766 -0.065674
-0.432739 -0.011475 0.963745 -0.038208 -0.016479 -0.020630
-0.423584 0.039185 0.955688 -0.013306 -0.016602 0.017456
-0.428711 0.061890 0.961548 -0.010864 -0.016357 0.044556
-0.421143 0.051025 0.956421 -0.008667 -0.009399 0.094482
-0.429688 0.050415 0.957764 0.003174 -0.018311 0.066895
-0.431641 0.058228 0.967529 0.010620 -0.023193 0.043091
-0.431274 0.031616 0.977173 0.016846 -0.036133 0.051147
-0.549927 -0.132568 1.024902 0.076416 -0.100220 0.011353
-0.349243 -0.037720 0.920898 0.020264 -0.050049 0.031250
-0.336792 0.037720 0.920166 -0.014648 -0.064941 -0.048706
-0.464355 -0.001465 0.996094 0.034058 -0.064941 -0.010864
-0.443237 -0.293335 0.983887 0.019043 -0.081787 -0.051880
-0.847412 -0.325439 1.073730 0.071777 -0.137329 -0.022827
-0.328735 0.140991 0.934814 -0.004883 -0.034546 0.063477
-0.056763 0.333740 0.863770 0.075439 -0.160645 0.015625
0.079834 0.342529 0.835449 -0.029297 -0.056885 0.059326
-0.364258 0.156738 0.981445 -0.016724 -0.094727 0.007690
-0.463623 -0.005493 0.970215 -0.025635 0.005981 0.095093
-0.101563 0.160767 1.021362 0.002319 -0.151245 -0.009399
-0.373047 0.134277 0.954590 -0.026123 -0.031982 0.108765
-0.538086 0.095825 1.028076 -0.039917 -0.091675 0.034912
-0.296143 -0.029541 0.923584 -0.030640 -0.094238 0.037598
-0.603638 0.032471 1.063354 -0.069946 -0.140503 -0.032227
-1.120361 0.744141 1.016235 -0.172119 -0.202393 -0.134155
-0.281860 -0.072754 0.968018 0.001953 -0.018921 0.145264
-0.377686 0.257080 0.993652 -0.041138 -0.032715 0.129761
-0.453979 0.049683 0.942871 -0.129150 -0.114746 -0.044800
-0.265503 0.272705 0.960571 -0.112427 -0.081543 -0.017090
-0.321655 -0.017090 0.992554 -0.036865 -0.025635 0.123657
-0.089111 -0.287231 0.908569 0.028442 0.017700 0.240479
-0.534912 0.116943 0.848755 -0.218506 -0.182739 -0.044312
-0.508667 0.257813 0.988403 -0.078735 -0.060059 0.079834
-0.613525 0.432251 1.036011 -0.222290 -0.105591 -0.075562
-0.313965 -0.339233 0.998169 -0.013550 -0.010010 0.098389
-0.430176 0.306519 1.005371 -0.053345 0.006104 0.024414
-0.257813 -0.119385 0.986694 -0.197754 -0.003418 -0.034180
-0.397095 0.034058 1.003296 0.053101 0.008667 0.171997
-0.312744 0.473022 0.954590 -0.127563 0.031616 0.100098
-0.390747 0.010254 1.036621 -0.179688 -0.001953 0.042480
-0.189697 0.146851 0.985596 0.020386 0.030884 0.174561
-0.531860 -0.347900 0.987305 -0.183472 0.066650 0.089966
-0.528320 -0.108643 1.072632 0.018066 0.006226 0.152466
-0.465576 0.105957 1.073975 -0.092285 0.056274 0.041992
-1.026611 -0.640015 1.123291 -0.055664 0.041016 0.016846
-0.030518 0.412720 0.881592 -0.074707 0.097534 -0.012207
-0.845093 -0.740845 1.007446 -0.011719 0.016602 0.087402
-1.122803 -0.366333 1.108521 -0.006104 0.078247 0.061890
-0.449707 -0.309326 0.991699 0.011353 0.124146 0.046753
0.043457 0.099976 0.747437 -0.080322 0.167603 -0.036255
-0.621216 0.327271 0.804199 -0.038574 0.115479 -0.071777
0.268311 0.293457 0.511597 -0.044067 0.178589 -0.033325
-0.676758 -0.049561 0.993774 0.010864 -0.082764 -0.118408
-0.724487 -0.121460 1.231079 0.002197 0.293945 0.215454
-0.112305 0.040771 0.911133 -0.004272 0.002686 -0.129028
-0.550415 -0.231567 0.852295 0.100098 0.271240 0.228027
-0.187744 0.100464 0.923950 -0.015503 -0.053345 -0.230713
-0.669922 -0.081055 1.291626 0.207520 0.408813 0.385376
-0.195557 0.001465 0.934082 -0.008911 -0.042480 -0.157837
-0.601074 0.176025 1.105347 0.057007 0.131348 0.108032
-0.332153 0.095703 0.944946 -0.024292 0.011597 -0.066895
-0.235718 -0.194946 0.872192 0.093384 0.151855 0.127319
-0.735107 0.161377 1.005981 0.012573 -0.040161 -0.104736
-0.398682 -0.132568 1.080078 0.080811 0.115967 0.109009
-0.346680 0.057495 0.946289 -0.001221 -0.015991 -0.042358
-0.465088 0.088501 0.945557 -0.016113 -0.000122 -0.015747
-0.463379 0.068848 0.944580 -0.023560 -0.006226 -0.022461
-0.442627 0.039673 0.945923 -0.019409 -0.011108 -0.035767
-0.406982 0.011719 0.930298 -0.002930 -0.001709 -0.036621
-0.584595 0.114258 0.972290 0.009766 -0.008179 -0.040649
-0.431763 0.072510 0.948120 0.007446 0.000854 -0.013184
-0.443726 0.067261 0.950195 -0.008301 -0.002563 -0.011108
-0.455322 0.058716 0.944702 -0.006470 -0.003296 -0.006958
-0.433594 0.043335 0.945679 -0.001099 0.000000 0.009277
-0.463745 0.081299 0.943726 -0.005493 -0.004395 0.007446
-0.451050 0.045776 0.945557 0.000000 -0.005615 0.020386
-0.453369 0.072998 0.937012 -0.004150 -0.007568 0.005249
-0.446045 0.065063 0.945557 -0.008545 -0.005859 0.004150
-0.440918 0.061646 0.944214 -0.014771 -0.005249 -0.005981
-0.447876 0.060547 0.941528 -0.013916 -0.005371 -0.004761
-0.443726 0.054077 0.942383 -0.010742 -0.006958 -0.001465
-0.443115 0.050415 0.941650 -0.004150 -0.005005 0.001709
-0.428955 0.058960 0.943604 -0.005859 -0.001587 0.018066
-0.445679 0.068848 0.942749 -0.005859 0.000122 0.036011
-0.460449 0.062866 0.945923 -0.011841 -0.004517 0.029175
-0.454102 0.057373 0.949707 -0.010864 -0.007324 0.008179
-0.449585 0.061279 0.943115 -0.010498 -0.006958 0.007568
-0.451050 0.063721 0.949707 -0.012573 -0.005249 0.007813
-0.444580 0.069458 0.947632 -0.015625 -0.008057 -0.001831
-0.454224 0.073975 0.950684 -0.015747 -0.008179 -0.003906
-0.438110 0.063232 0.947754 -0.019897 -0.008789 -0.010010
-0.436035 0.053833 0.942383 -0.018799 -0.004883 -0.002808
-0.447632 0.059448 0.936646 -0.011841 -0.001587 0.014404
-0.458862 0.053833 0.940674 -0.011475 -0.006470 0.016357
-0.443848 0.061890 0.949097 -0.010742 -0.010498 0.000366
-0.442749 0.074585 0.947510 -0.015991 -0.007080 -0.002441
-0.448486 0.062622 0.947510 -0.019165 -0.008057 -0.005737
