-0.494995 0.064453 0.924316 -0.010864 -0.004028 0.019165
-0.497559 0.073730 0.917236 -0.010498 -0.007935 0.010132
-0.497925 0.083984 0.917236 -0.016846 -0.012817 -0.015259
-0.482300 0.059570 0.924316 -0.021240 -0.014526 -0.025024
-0.480103 0.031494 0.917480 -0.014038 -0.011230 -0.008179
-0.476807 0.078857 0.918823 -0.010010 -0.008911 0.011597
-0.488281 0.066650 0.915527 -0.012573 -0.006836 0.006104
-0.488892 0.069580 0.916138 -0.014404 -0.007568 0.001587
-0.493774 0.066772 0.925293 -0.016602 -0.014526 -0.010986
-0.482544 0.071777 0.919067 -0.021118 -0.015869 -0.029541
-0.475830 0.051636 0.918579 -0.022339 -0.013672 -0.029663
-0.485596 0.063354 0.917847 -0.015747 -0.007568 -0.021729
-0.489136 0.065918 0.916870 -0.013672 -0.006470 -0.026855
-0.472046 0.081421 0.922241 -0.016724 -0.014526 -0.058472
-0.480591 0.074951 0.915039 -0.017944 -0.011230 -0.053101
-0.486328 0.034912 0.923096 -0.008057 -0.005127 -0.047363
-0.436035 0.122070 0.921997 0.071899 -0.007935 0.007813
-0.482910 -0.000488 0.927002 -0.022095 -0.013184 -0.043091
-0.463135 0.008423 0.925537 0.041138 -0.003418 0.003662
-0.449097 0.040649 0.926147 0.081909 0.001709 0.034302
-0.445679 0.214600 0.914551 0.048584 0.000854 -0.011841
-0.442627 0.317139 0.919312 0.087646 -0.002686 0.020508
-0.494019 0.522095 0.901855 0.045654 -0.013916 -0.021240
-0.473022 -0.166016 0.910156 0.052002 -0.036377 -0.065796
-0.477295 -0.004517 0.915161 -0.029785 -0.017700 -0.069336
-0.513062 0.045776 0.937622 0.048218 -0.009521 0.051392
-0.514404 -0.012207 0.965698 0.001709 -0.000244 0.096313
-0.565430 -0.072021 0.972900 -0.026245 -0.010010 0.066040
-0.392822 0.205566 0.874756 0.007080 -0.053589 0.043701
-0.309570 0.280640 0.875732 0.004028 -0.052490 0.042725
-0.574097 -0.032959 0.971191 -0.015137 -0.036255 0.036255
-0.280640 0.333740 0.839722 0.006348 -0.093506 -0.033936
-0.408447 0.059326 0.861084 -0.025146 -0.058472 0.035400
-0.477295 0.094482 0.938599 -0.005737 -0.021484 0.138062
-0.377075 0.164063 0.923218 0.012451 -0.061035 0.109863
-0.403442 0.114136 0.909180 -0.040894 -0.069946 0.030762
-0.381348 0.055908 0.880371 -0.060059 -0.050659 0.047729
-0.399536 -0.018555 0.915894 -0.027832 -0.019897 0.081421
-0.501709 0.152222 0.959229 0.001587 -0.010254 0.104614
-0.392822 0.015259 0.846802 -0.152222 -0.077759 -0.089966
-0.191162 -0.506958 0.911255 -0.174438 -0.101318 -0.073730
-0.522217 0.266357 0.940308 -0.039307 -0.021606 0.051514
-0.395752 -0.618530 0.928711 -0.115601 -0.006226 -0.023560
-0.572632 0.192505 0.931763 -0.097412 0.025146 0.003418
-0.394409 -0.165649 0.936279 -0.089355 -0.016846 -0.042969
-0.375244 0.357788 0.901611 0.015625 0.000366 0.006348
-0.419312 -0.189697 0.916870 -0.124756 0.013306 -0.126709
-0.416382 0.210205 0.975098 -0.027954 0.028076 -0.006348
-0.480347 0.281006 0.845581 -0.114868 0.063477 -0.050659
-0.501709 0.242554 0.994141 0.030640 0.008545 0.022461
-0.605347 0.122070 1.215332 -0.088989 0.094360 0.051025
-0.317505 0.157349 0.921997 -0.023682 -0.026489 -0.065552
-0.461426 0.088623 0.930542 -0.043213 -0.007935 -0.032837
-0.470947 0.017090 0.928589 -0.022949 -0.014526 -0.035034
-0.462280 0.070801 0.928345 -0.001465 -0.016357 -0.013306
-0.464233 0.090454 0.929565 -0.014282 -0.012939 -0.023315
-0.459839 0.072021 0.926270 -0.030884 -0.009277 -0.056396
-0.466675 0.045776 0.939941 -0.032471 -0.005249 -0.043457
-0.475098 0.043213 0.932373 -0.023804 -0.000366 -0.003784
-0.483643 0.053955 0.928589 -0.013550 -0.000244 0.035767
-0.481445 0.077148 0.923584 -0.019653 -0.003906 0.024780
-0.472290 0.065674 0.925781 -0.027344 -0.003906 0.010254
-0.481079 0.040283 0.931396 -0.026611 -0.005249 0.001099
-0.480835 0.061523 0.928711 -0.016235 -0.010498 -0.016479
-0.465210 0.064453 0.929443 -0.015869 -0.015625 -0.030640
-0.471069 0.058228 0.931030 -0.015503 -0.010620 -0.013916
-0.473877 0.049316 0.933472 -0.000732 -0.004883 0.007568
-0.479004 0.058228 0.933105 -0.020508 -0.006104 -0.001587
-0.624390 -0.157959 0.965698 0.024780 -0.039063 -0.020508
-0.552368 -0.025635 0.941040 -0.036865 0.003906 -0.037598
-0.413696 0.292603 0.906738 0.020020 -0.031860 -0.014038
-0.468994 -0.015747 0.939453 -0.033691 -0.020020 -0.052124
-0.488892 0.082153 0.929199 -0.007202 -0.008057 -0.032227
-0.465454 0.041870 0.937256 -0.004883 -0.008667 0.016113
-0.524902 -0.104248 0.920776 0.050049 -0.034668 0.018921
-0.480103 0.149292 0.856323 0.039551 -0.079102 -0.081055
-0.313965 0.118042 0.857422 -0.004517 -0.055054 -0.052490
-0.006958 0.404541 0.824951 0.062256 -0.124756 -0.061035
-0.475464 0.045166 0.929077 0.001587 -0.009277 0.076416
-0.475098 0.101196 0.903198 0.017700 -0.028320 0.043091
-0.470947 0.095337 0.940918 -0.011597 -0.013794 0.033203
-0.324097 0.108643 0.914795 -0.030518 -0.057861 -0.077637
-0.518555 -0.004883 0.965210 -0.035400 -0.006836 0.019043
-0.463989 0.045532 0.967163 -0.001831 -0.076294 -0.054321
-0.507324 -0.021484 0.958374 -0.032471 -0.013794 0.022339
-0.357666 0.102173 0.912354 -0.023926 -0.071777 -0.057007
-0.499756 0.010010 0.932983 -0.028931 -0.002686 0.049927
-0.489014 0.058716 0.959229 -0.008789 -0.017456 0.046387
-0.425293 0.062012 0.942505 -0.021851 -0.021362 0.044678
-0.457153 0.081787 0.942993 -0.041260 -0.024048 -0.000366
-0.312622 0.088013 0.930786 -0.071045 -0.095581 -0.075439
-0.479004 0.024292 0.942627 -0.039917 -0.019165 0.069580
-0.495605 0.124634 0.954712 -0.009766 -0.028076 0.050537
-0.626099 0.202271 1.020142 -0.059570 -0.041870 -0.005859
-0.403931 0.002197 0.917236 -0.106689 -0.081055 -0.017212
-0.431396 0.101685 0.943970 -0.029785 -0.037964 0.095703
-0.780762 0.593994 0.941650 -0.082275 -0.051392 0.042480
-0.394531 -0.192749 0.947632 -0.065063 -0.035156 0.075562
-0.461060 -0.081787 0.972778 -0.154175 -0.036987 0.013428
0.024658 -0.812744 0.898804 -0.142334 -0.077881 -0.019165
-0.512817 0.361206 0.934204 -0.052612 0.003662 0.096436
-0.361206 -0.177490 0.952271 -0.107544 -0.024658 0.040527
-0.329346 -0.007813 0.942993 -0.130371 -0.016724 0.009399
-0.391968 0.114624 0.931030 -0.067261 0.010254 0.065308
-0.465332 -0.402832 1.022461 -0.230347 -0.010986 -0.054077
-0.491943 0.126099 0.963623 0.004150 -0.002197 0.085205
-0.470337 0.341431 0.949341 -0.112427 0.021851 -0.031006
-0.438110 -0.006226 0.959961 -0.047729 0.000000 -0.064819
-0.333862 0.133789 0.903931 -0.050537 -0.013062 -0.069824
-0.340088 -0.052490 0.949341 -0.087402 0.057373 -0.029175
-0.612061 -0.189087 0.975342 0.001343 0.049072 -0.000854
-0.590820 -0.257568 0.858887 -0.047852 0.106934 0.052856
-0.367432 0.148071 0.941528 0.026855 -0.020752 -0.016724
-0.404541 0.139282 0.936035 -0.032593 0.007080 -0.020996
-0.074707 0.067993 0.630371 -0.099487 0.071289 -0.045410
-0.494507 -0.136353 0.981323 -0.032715 0.041626 -0.006836
-0.341187 -0.118652 0.756836 0.008667 0.093628 0.029053
-0.593506 0.058716 0.995972 0.021484 0.008057 -0.058960
0.206421 0.070190 0.472900 -0.020752 0.125610 0.041992
-0.538330 0.096558 0.947510 0.015991 -0.051514 -0.092407
-0.216675 0.073853 0.779419 -0.013672 0.069580 -0.019165
-0.336426 -0.074951 0.843628 0.027100 0.064331 -0.018311
-0.501221 0.040649 0.941284 0.013428 0.108765 -0.039185
-0.650146 -0.000854 0.963379 0.000854 0.052368 -0.081909
-0.375854 0.012451 0.904785 -0.026367 -0.020264 -0.167725
-0.941895 0.397583 1.240234 0.133301 0.203857 0.236206
-0.322632 0.046997 0.895630 -0.029907 -0.048462 -0.177002
-0.635254 0.040894 0.913940 0.099976 0.120361 0.096802
-0.036011 -0.488403 0.688721 0.050171 0.045410 -0.134155
0.135254 -0.643555 0.426392 0.026367 0.017944 -0.281860
-0.827759 0.134766 1.124023 0.088989 0.092163 0.062378
-0.400635 0.043091 0.944458 0.008301 0.010254 -0.037109
-0.511353 0.062256 0.921021 -0.015869 -0.000977 -0.050781
-0.506104 0.032715 0.922119 -0.016846 -0.000488 -0.018066
-0.487427 0.015259 0.915283 -0.013428 -0.002686 -0.004028
-0.504883 0.050537 0.914551 -0.006104 -0.000366 0.037476
-0.494995 0.031128 0.916382 -0.012573 -0.003784 0.036377
-0.500488 0.042358 0.911743 -0.006470 -0.002319 0.046753
-0.499146 0.044678 0.916260 -0.011963 -0.004272 0.017822
-0.501465 0.035889 0.919312 -0.007202 -0.000977 0.023682
-0.508545 0.062012 0.913574 -0.006958 -0.000977 0.033813
-0.510986 0.055786 0.911499 -0.010742 -0.003662 0.028320
-0.508301 0.056396 0.910278 -0.017090 -0.008667 0.002563
-0.494019 0.038574 0.918091 -0.021973 -0.009766 -0.011597
-0.495972 0.037476 0.910889 -0.017456 -0.007324 0.002686
-0.491211 0.018311 0.910156 -0.011719 -0.003906 0.027344
-0.505981 0.056519 0.913452 -0.005615 -0.001831 0.038696
-0.513916 0.057007 0.915771 -0.006958 -0.002319 0.023926
-0.502319 0.057983 0.913086 -0.010010 -0.006714 0.012207
-0.494873 0.048340 0.916138 -0.017090 -0.004883 0.011230
