-0.481323 0.014771 0.922119 -0.017578 -0.002319 0.016235
-0.492310 0.020996 0.923340 -0.007080 -0.004761 0.020874
-0.500732 0.043457 0.921997 -0.006714 -0.015259 -0.000732
-0.475098 0.028198 0.920044 -0.012939 -0.019897 -0.010864
-0.464233 0.020020 0.920532 -0.010376 -0.008789 0.008301
-0.483765 0.033813 0.929321 -0.007202 0.001465 0.011597
-0.490601 0.031250 0.925537 -0.011230 0.002197 0.007568
-0.489136 0.034424 0.923584 -0.011230 0.003540 0.014404
-0.498169 0.036133 0.920776 -0.014160 -0.002075 -0.004150
-0.498047 0.027832 0.925659 -0.012573 -0.009399 -0.023682
-0.504150 0.028076 0.924072 -0.009888 -0.017822 -0.037476
-0.488770 0.041138 0.924438 -0.011230 -0.026245 -0.062134
-0.467407 0.051147 0.924316 -0.020752 -0.023560 -0.068970
-0.480957 0.055786 0.920410 -0.027832 -0.012695 -0.059082
-0.464966 -0.032715 0.914917 -0.018921 -0.006592 -0.045166
-0.475464 0.046997 0.927002 0.007324 -0.017334 -0.051392
-0.458984 -0.041748 0.934082 -0.027344 -0.015747 -0.045532
-0.639038 0.070679 0.931152 -0.004395 -0.014526 -0.058960
-0.523193 -0.018188 0.948730 -0.010498 -0.013184 -0.055664
-0.535889 -0.393921 0.945801 0.070923 -0.020142 -0.038208
-0.458374 -0.151123 0.934692 0.011230 -0.008789 -0.031860
-0.373535 -0.053101 0.933350 -0.047974 -0.061890 -0.086426
-0.480103 0.256226 0.913452 0.062500 -0.031128 0.035522
-0.569824 -0.260498 0.993896 0.020752 -0.002686 0.069580
-0.433838 0.005981 0.921387 -0.000610 -0.011353 0.072510
-0.502319 -0.028931 0.965332 -0.031372 -0.031128 0.041016
-0.605591 -0.137329 0.987061 -0.022217 -0.020508 0.004761
-0.400635 0.047729 0.897339 0.000244 -0.020508 0.010010
-0.495239 0.062012 0.916992 0.003052 -0.025757 0.058350
-0.650879 0.116211 1.027832 -0.000977 0.004883 0.139038
-0.320801 0.029785 0.894043 -0.036011 -0.034912 0.060669
-0.723267 0.109741 0.960327 -0.064331 -0.057251 -0.019165
-0.453125 -0.034424 0.914429 -0.023438 0.005493 0.068237
-0.544434 0.064331 0.968750 0.005859 -0.007202 0.077637
-0.418335 -0.291138 0.950073 -0.141602 -0.114990 -0.085327
-0.575928 0.181152 0.956421 0.003662 0.011475 0.107056
-0.658325 0.269653 0.960815 -0.093140 -0.010254 0.059204
-0.427246 -0.086060 0.913574 -0.093140 -0.012207 0.051147
-0.571045 0.166748 0.932007 -0.052734 0.007935 0.058350
-0.352661 -0.267822 0.915894 -0.132568 -0.023071 -0.089233
-0.379517 -0.545654 0.966919 -0.135986 0.007935 -0.062500
-0.516968 -0.145996 0.887817 -0.072510 0.080688 0.081543
-0.246582 -0.496216 0.946289 -0.053589 0.033813 0.089355
-0.275146 -0.123779 0.926270 -0.094604 -0.008789 0.014771
-0.440186 0.136597 0.928833 -0.025635 -0.023071 -0.016968
-0.495361 0.051392 0.930420 -0.074219 -0.015259 -0.060059
-0.486328 -0.033203 0.937988 -0.062500 -0.013916 -0.035156
-0.461792 -0.051270 0.936035 -0.021240 -0.008301 0.022705
-0.474731 0.010620 0.927856 0.012573 0.000732 0.071655
-0.456421 0.034790 0.930054 0.012451 -0.006836 0.090698
-0.509399 0.070068 0.942017 0.000732 -0.007324 0.105591
-0.460938 0.112793 0.929321 -0.010620 -0.046509 0.002075
-0.459106 0.027344 0.926392 -0.044067 -0.030518 -0.010376
-0.449463 0.164063 0.897949 0.015259 -0.056396 -0.000610
-0.544434 -0.049805 0.955078 -0.023315 -0.037354 -0.020630
-0.255371 0.202759 0.870239 0.004761 -0.067627 -0.075684
-0.549927 -0.057007 0.986450 -0.014893 -0.024536 -0.014771
-0.438354 0.197510 0.904419 0.040649 -0.041748 -0.010498
-0.500366 0.017578 0.935913 -0.018555 -0.004150 0.020874
-0.456421 0.029419 0.945190 -0.014404 -0.021118 0.017944
-0.411133 0.022705 0.936768 -0.019531 -0.031494 0.006958
-0.432251 0.109253 0.911499 -0.010010 -0.083984 -0.066650
-0.494873 0.010986 0.911377 -0.010132 -0.054077 -0.018311
-0.359131 -0.067017 0.929688 -0.036133 -0.040894 -0.005005
-0.495605 -0.004395 0.925537 -0.030640 -0.026733 0.032593
-0.451172 0.001099 0.928223 -0.022705 -0.018433 0.027954
-0.469971 0.009888 0.953857 -0.013550 -0.016602 0.027466
-0.501099 0.013672 0.973877 -0.001831 -0.015625 0.066772
-0.211060 -0.025513 0.857422 -0.035645 -0.073975 -0.019409
-0.632080 0.158569 0.946899 -0.043579 -0.072144 -0.009399
-0.261230 -0.101074 0.914551 -0.054932 -0.046753 0.027588
-0.394897 -0.021729 0.932007 -0.032349 -0.020142 0.036255
-0.390991 -0.020630 0.931519 -0.046265 -0.048340 -0.012573
-0.487793 0.044312 0.953491 0.005859 0.006836 0.094604
-0.448853 0.132690 0.934692 -0.041504 -0.049805 0.000122
-0.537476 0.097168 1.002075 -0.017334 0.003418 0.107666
-0.112061 -0.303223 0.873169 -0.091919 -0.065918 -0.028320
-0.395630 -0.013794 0.926880 -0.034302 -0.036377 0.040161
-0.290527 -0.086060 0.926514 -0.040527 -0.036377 0.048706
-0.537109 0.054565 0.960449 -0.034668 -0.034180 0.031860
-0.449341 0.037109 0.944702 -0.031128 -0.016235 0.044434
-0.451538 0.053833 0.943970 -0.013184 -0.010010 0.062988
-0.464966 0.074829 0.947754 0.003296 0.007568 0.092041
-0.562866 0.169800 0.952759 -0.081055 -0.038452 -0.014648
-0.487183 -0.048218 0.934448 -0.081787 -0.032837 0.030640
-0.363647 -0.031982 0.947388 -0.045288 -0.024902 0.087524
-0.459595 0.022705 0.950317 0.029785 0.010376 0.161011
-0.433228 -0.444580 0.971313 -0.188477 -0.053711 -0.006470
-0.378662 0.094238 0.948486 0.015259 -0.015137 0.078491
-0.413208 0.097168 0.929199 -0.036255 -0.009155 0.039063
-0.563354 -0.106201 0.991821 0.007935 0.017578 0.096680
-0.380859 0.302124 0.903564 0.019897 0.005859 0.038818
-0.548462 0.223511 0.932983 -0.037964 0.004761 0.019287
-0.493652 0.084839 0.967407 0.019165 0.011108 0.051270
-0.431152 0.101807 0.950073 0.005615 0.004639 0.044312
-0.526001 0.059814 0.950928 -0.111450 0.023071 0.042725
-0.512695 0.145874 0.913330 -0.097534 0.039795 0.067017
-0.465942 -0.039551 0.958008 -0.020752 -0.002319 0.011719
-0.560059 0.028076 0.983521 -0.024536 0.003052 -0.065674
-0.393188 0.076416 0.930908 -0.048584 -0.032959 -0.173340
-0.574951 -0.120850 0.905884 -0.085693 0.144897 0.078369
-0.155884 -0.020874 0.823975 -0.024536 0.022705 0.069824
-0.116333 0.302979 0.796509 0.017212 -0.033203 -0.019531
-0.705078 0.064331 0.958984 -0.018799 0.051514 -0.050781
-0.476563 0.285278 0.818481 0.010254 0.052246 -0.161377
-0.419067 0.143066 0.917969 -0.047729 -0.018677 -0.240479
-0.974365 0.095215 1.223633 -0.002808 0.114624 -0.029541
-0.446655 -0.076050 0.914307 -0.026855 0.063721 -0.089844
-0.654907 0.096191 0.947144 -0.008667 -0.009033 -0.151733
-0.072510 -0.444946 1.194336 0.037720 0.128662 0.042603
-0.392944 -0.108643 0.957886 0.069580 0.065918 0.066040
-0.570923 0.176147 0.939697 0.019653 -0.003174 -0.071045
-0.465698 0.070435 0.927368 -0.034668 -0.011108 -0.107422
-0.486694 -0.029297 0.932129 -0.052979 -0.011230 -0.123779
-0.465698 -0.083740 0.935547 -0.015991 -0.006104 -0.097412
-0.467407 -0.008423 0.931885 0.027832 -0.001465 -0.010132
-0.461914 0.057861 0.927856 0.016846 0.006714 0.023315
-0.486938 0.051270 0.925293 -0.019043 0.009033 0.024292
-0.480347 -0.010132 0.932007 -0.034912 0.003906 0.005127
-0.483765 -0.014160 0.931641 -0.024414 0.005005 0.034302
-0.487183 -0.007080 0.934570 -0.015381 0.001709 0.030640
-0.482056 0.007935 0.923218 -0.010254 -0.002441 0.017090
-0.477173 0.010254 0.924438 -0.009277 -0.000854 0.034180
-0.480469 0.033691 0.924561 -0.015381 0.003052 0.034180
-0.487427 0.009644 0.931641 -0.024658 0.001343 0.026489
-0.491333 0.006958 0.933105 -0.024536 -0.001709 0.023193
-0.484131 -0.014404 0.926758 -0.021851 -0.007813 -0.011230
-0.477295 -0.005371 0.933350 -0.007202 -0.006470 -0.012329
-0.474243 0.002197 0.926392 -0.004150 -0.000732 0.005249
-0.478394 0.003174 0.932129 -0.001343 0.002075 0.039551
-0.482544 0.021118 0.926758 0.000122 0.001099 0.052490
-0.477539 0.032593 0.931885 -0.013550 0.000000 0.037720
-0.477173 0.011108 0.929932 -0.026733 0.000610 0.038696
-0.495605 -0.005493 0.930908 -0.020752 0.000732 0.056274
-0.491821 0.014526 0.929443 -0.010864 -0.002808 0.052490
-0.482544 0.034302 0.928833 -0.012329 -0.004150 0.033081
-0.482544 0.034668 0.921509 -0.023071 -0.002441 0.021118
-0.490601 -0.003296 0.929565 -0.024414 0.000244 0.026489
-0.487915 0.006226 0.925781 -0.011719 -0.006836 0.015869
-0.477905 0.012451 0.928101 -0.011353 -0.009277 -0.006348
-0.470947 0.024902 0.927734 -0.011230 -0.007324 0.021729
-0.477661 0.019653 0.931396 -0.012329 0.000366 0.043945
-0.490723 0.012939 0.929321 -0.010620 0.001343 0.056885
-0.477417 0.022095 0.931274 -0.009277 0.000488 0.039917
-0.492798 0.023926 0.928955 -0.013184 -0.001831 0.004883
-0.482056 0.022217 0.924683 -0.017578 -0.006226 -0.018433
-0.479004 0.004639 0.924805 -0.015503 -0.005737 -0.004028
-0.485229 0.013916 0.927246 -0.009277 -0.005981 0.008423
-0.481201 0.038330 0.927368 -0.012939 -0.007568 0.007446
-0.486206 0.026978 0.927490 -0.023071 -0.006958 0.002319
