-0.494385 0.054077 0.915894 -0.009766 -0.016846 0.013428
-0.495728 0.053589 0.912109 -0.009155 -0.009399 0.038086
-0.498291 0.038086 0.914185 -0.004761 -0.007813 0.044922
-0.505981 0.058838 0.918213 -0.000854 -0.008057 0.039551
-0.494751 0.062622 0.917358 -0.004028 -0.010620 0.015137
-0.502197 0.059204 0.913452 -0.001953 -0.010986 0.001709
-0.499268 0.071655 0.912964 -0.006226 -0.013184 -0.005005
-0.505249 0.078735 0.916748 -0.019409 -0.017212 -0.004028
-0.482056 0.045654 0.925415 -0.025024 -0.023071 -0.008911
-0.480103 0.043213 0.917358 -0.014648 -0.010864 0.034546
-0.486450 0.031372 0.912964 -0.002686 -0.000244 0.015869
-0.488892 0.031860 0.918335 0.008301 0.007813 0.009888
-0.522827 0.061157 0.918701 0.018921 0.003052 0.012817
-0.512085 0.102295 0.913818 0.009155 -0.010010 -0.015747
-0.497803 0.107788 0.916260 -0.022095 -0.017456 -0.078125
-0.492798 0.028931 0.914307 -0.027710 -0.016235 -0.108887
-0.514038 0.385376 0.910522 0.038452 -0.013306 -0.037476
-0.493164 0.015503 0.913208 -0.021240 -0.016235 -0.060303
-0.478638 0.037476 0.916382 -0.000488 -0.016357 -0.040039
-0.484253 0.062378 0.919678 -0.006836 -0.013428 -0.043701
-0.507813 0.058960 0.914429 -0.012939 -0.008545 -0.032104
-0.499512 0.026978 0.918091 -0.015137 -0.013550 -0.039429
-0.422241 0.359375 0.913574 0.156250 0.001709 0.058838
-0.395508 0.648438 0.954224 0.174072 0.003906 0.111084
-0.492065 0.232788 0.915527 0.009521 -0.008911 0.029663
-0.528198 0.038574 0.920776 -0.016968 -0.005371 0.017578
-0.503540 0.031982 0.912964 -0.011719 -0.000732 0.024658
-0.498169 0.029297 0.924683 0.005127 -0.000610 0.053223
-0.442871 -0.287720 0.912964 0.114014 0.003174 0.187256
-0.416382 0.317871 0.863159 0.024414 -0.033569 0.192627
-0.539185 0.000488 0.932617 -0.024536 0.011475 0.190674
-0.369263 0.231201 0.852661 0.039063 -0.056274 0.070190
-0.293091 0.610107 0.854370 0.131226 -0.126831 -0.000610
-0.400146 0.260498 0.926270 0.010986 -0.036255 0.133057
-0.494507 0.219849 0.944946 0.032349 -0.076782 0.081177
-0.526978 0.037842 0.913940 0.008179 -0.037964 0.117676
-0.503540 0.079712 0.902588 -0.000122 -0.022583 0.137695
-0.406250 0.035156 0.897949 -0.002563 -0.049316 0.079468
-0.510498 0.112305 0.933594 0.017578 0.007446 0.178833
-0.494263 0.149292 0.957764 -0.013550 -0.035889 0.079224
-0.311646 -0.003174 0.880859 -0.114136 -0.064697 0.012695
-0.426514 -0.061401 0.875977 -0.136108 -0.062988 0.067627
-0.409912 0.054810 0.919678 -0.043213 -0.013672 0.163574
-0.461060 0.119873 0.904297 -0.117676 -0.039673 0.047729
-0.416504 0.655151 0.875000 0.033691 0.001709 0.166260
-0.500977 0.213867 0.913086 -0.130249 -0.002075 0.049072
-0.505615 0.137085 0.869873 -0.119019 0.017456 0.035522
-0.528809 -0.078613 0.988892 -0.096802 0.042480 0.074707
-0.506592 -0.078735 0.990356 -0.118042 0.052368 0.038208
-0.526733 0.269165 0.922852 -0.083740 0.034302 0.006226
-0.416748 0.182007 0.901855 -0.076416 0.004883 -0.000977
-0.438232 0.319580 0.890503 -0.075073 -0.010010 -0.059937
-0.463867 0.225098 0.919922 -0.018799 -0.019043 -0.001221
-0.464844 0.100586 0.921143 -0.039063 -0.014160 -0.031372
-0.475830 0.049438 0.928345 -0.038574 -0.011108 -0.048218
-0.480957 0.059692 0.927368 -0.024658 -0.009399 -0.037109
-0.474609 0.095337 0.926758 -0.021118 -0.008057 -0.026611
-0.472534 0.074341 0.924805 -0.022949 -0.006958 -0.006714
-0.481812 0.048706 0.926392 -0.012939 -0.007446 0.032837
-0.483154 0.052368 0.929810 0.003174 -0.008667 0.046021
-0.482422 0.105347 0.925537 0.006836 -0.007324 0.035034
-0.482544 0.100586 0.929321 -0.013428 -0.009766 -0.009033
-0.487061 0.083496 0.928711 -0.019653 -0.007935 0.008911
-0.469604 0.087280 0.922607 -0.016357 -0.010132 0.011963
-0.482422 0.083862 0.925903 -0.016724 -0.008301 -0.006592
-0.486694 0.075806 0.923706 -0.013062 -0.011230 -0.017578
-0.489502 0.042603 0.933350 0.000977 -0.015625 -0.008423
-0.519775 0.081421 0.940796 0.070435 -0.048706 -0.004517
-0.525513 0.020020 0.946899 -0.035400 -0.023804 -0.060059
-0.468750 -0.175049 0.916382 0.027832 -0.040649 -0.043335
-0.386353 0.224365 0.906372 0.017822 -0.046875 0.022949
-0.484741 0.025635 0.935913 -0.027222 -0.007813 0.051147
-0.264526 0.389771 0.869141 0.079468 -0.077393 0.028687
-0.506836 0.009155 0.965088 -0.009277 -0.022461 -0.003662
-0.461548 -0.032959 0.925903 -0.041016 -0.009399 -0.029053
-0.486816 0.020020 0.937988 -0.018555 -0.008911 0.013794
-0.515869 0.094971 0.959229 0.010132 -0.027954 0.018677
-0.482178 0.149780 0.884888 0.045166 -0.099731 -0.075928
-0.279785 0.302734 0.882690 0.020020 -0.055176 -0.012085
-0.161865 0.439087 0.891357 0.023926 -0.084839 -0.020630
-0.528076 -0.041992 0.990234 -0.027954 -0.022705 0.003052
-0.295044 0.079834 0.881836 -0.023438 -0.064819 -0.055786
-0.382935 0.091797 0.936035 -0.022705 -0.046143 0.009399
-0.468994 0.091187 0.943237 -0.024292 -0.034424 0.029175
-0.409912 0.116455 0.936523 -0.030884 -0.066528 -0.038940
-0.390869 0.093262 0.906250 -0.028931 -0.052856 -0.044922
-0.453003 0.076782 0.931885 -0.033447 -0.039429 -0.008789
-0.508301 0.088867 0.939575 -0.040405 -0.078857 -0.056152
-0.522339 0.084473 0.967163 -0.023438 -0.016479 0.052979
-0.382080 0.037720 0.922852 -0.046021 -0.064819 -0.012451
-0.517944 0.139526 0.940918 -0.040649 -0.028442 0.056396
-0.628784 0.198486 0.909668 -0.068604 -0.058960 0.008667
-0.535034 0.157715 0.973999 -0.020630 -0.023193 0.067261
-0.343018 -0.101196 0.920898 -0.044434 -0.025024 0.058105
-0.566162 0.220459 0.988037 -0.013916 -0.020142 0.100098
-0.404541 0.077637 0.933716 -0.069702 -0.044678 0.030640
-0.410522 -0.010498 0.927246 -0.073608 -0.042358 0.020020
-0.580933 0.311768 0.955200 -0.002197 -0.007080 0.119263
-0.337280 -0.215332 0.925659 -0.090820 -0.043335 -0.005493
-0.462402 0.243408 0.960938 -0.017944 -0.003174 0.092041
-0.421997 0.059082 0.944336 -0.088867 -0.011963 0.056396
-0.433960 0.207764 0.925293 -0.065430 -0.021484 0.065430
-0.425293 0.341309 0.953735 0.035156 -0.006592 0.139648
-0.506104 0.147949 0.965820 -0.054688 -0.003296 0.080444
-0.296021 -0.332275 0.955078 -0.155029 -0.045410 -0.043701
-0.466919 0.138306 0.948853 0.027100 0.001831 0.107422
-0.433716 -0.357666 0.985107 -0.195679 -0.020752 -0.083008
-0.422363 0.201050 0.952271 0.025757 -0.001953 0.055176
-0.401611 0.186523 0.942139 -0.006470 -0.005249 0.022339
-0.567505 -0.406494 1.007446 -0.162964 -0.006836 -0.066895
-0.400269 0.163696 0.946411 0.049683 0.004761 0.082031
-0.579468 -0.189819 0.852173 -0.256470 0.047729 -0.075195
-0.386963 -0.101685 0.960449 0.002563 0.002930 0.058838
-0.525024 0.053467 0.953247 -0.003418 0.004883 -0.008667
-0.741577 -0.470703 1.029175 -0.136230 0.067871 -0.067383
-0.581299 -0.640625 1.039795 -0.178223 0.049683 -0.045044
-0.325195 0.489624 0.942749 -0.080688 0.057495 0.058716
-0.268066 0.358643 0.887329 -0.017334 0.026978 0.063477
-0.297363 0.063599 0.804321 -0.055786 0.040894 0.020142
-0.614014 -0.281128 1.019775 -0.102905 0.068481 -0.018921
-0.745483 -0.480957 1.003174 -0.086304 0.058960 -0.124146
-0.510498 -0.039429 0.842529 -0.097412 0.255005 0.057495
0.141724 0.403442 0.704468 0.004395 0.050415 -0.130249
-0.746460 0.332764 1.323364 0.042969 0.071289 0.047119
-0.406494 0.209839 0.924194 -0.003418 -0.037231 -0.133667
-0.457031 0.101318 0.913696 -0.076660 -0.013672 -0.173096
-1.364258 -0.152710 1.103760 -0.073364 0.165283 0.060181
-0.259399 -0.129517 0.908447 -0.052124 -0.039429 -0.131836
-1.156982 -0.010254 1.180298 0.043335 0.226074 0.340942
-0.318604 0.052612 0.918701 0.021240 -0.035034 -0.039063
-0.473755 0.113525 0.934082 -0.010986 -0.000854 -0.024292
-0.246704 -0.060913 0.895630 -0.031982 0.086426 0.058716
-0.667725 0.076538 0.964355 0.003662 0.009277 -0.003906
-0.463867 0.030640 0.927002 -0.001221 0.004883 -0.023438
-0.238403 0.004639 0.797729 -0.003174 0.025879 -0.020142
-0.292236 0.082520 0.808350 -0.015259 0.041748 0.022461
-0.500854 0.147095 0.937134 0.007935 -0.024414 -0.011719
-0.464478 0.075195 0.923096 -0.019043 -0.001953 -0.023926
-0.477905 0.028809 0.922485 -0.028442 -0.002441 -0.030884
-0.497925 0.002686 0.929321 -0.016113 -0.005859 -0.027832
-0.507202 0.040771 0.926147 -0.003662 -0.014282 -0.015381
-0.481323 0.051025 0.918823 -0.006226 -0.017090 -0.029175
-0.479004 0.033447 0.921509 -0.003418 0.005127 0.009399
-0.543945 0.046143 0.949463 0.009766 0.024902 0.050049
-0.475708 0.047363 0.932739 0.000488 0.004150 0.016724
-0.489746 0.062744 0.919434 -0.012695 -0.002808 0.003540
-0.477295 0.033447 0.925049 -0.021729 -0.004517 -0.015015
-0.484985 0.030518 0.924805 -0.015503 -0.001099 0.010620
-0.493652 0.048340 0.928711 -0.012939 -0.002686 0.021118
-0.495728 0.046387 0.922607 -0.017212 -0.005249 0.005005
