0.479736 0.360596 0.893188 -0.020020 -0.005371 -0.014404
0.483765 0.346191 0.894043 -0.029541 -0.005127 -0.020996
0.470093 0.332764 0.891113 -0.028809 -0.005127 -0.027832
0.466553 0.334106 0.891846 -0.019043 -0.010254 -0.016357
0.457275 0.370361 0.896973 -0.021729 -0.019775 -0.010498
0.484253 0.363037 0.889038 -0.040527 -0.026245 -0.013306
0.498291 0.340332 0.895264 -0.047607 -0.016357 -0.054810
0.498169 0.291748 0.896362 -0.031860 -0.006470 -0.091553
0.472046 0.350464 0.895508 -0.022827 -0.001099 -0.092529
0.476440 0.327026 0.894287 -0.022949 -0.001465 -0.075073
0.493530 0.335693 0.894897 -0.010254 0.002808 -0.062988
0.473755 0.352173 0.894897 -0.008423 0.008179 -0.050903
0.357666 0.458862 0.912842 -0.032471 -0.020630 0.007324
0.495117 0.181519 0.845215 -0.146240 -0.074463 0.081787
0.516357 0.358032 0.897095 0.011841 0.009277 -0.055664
0.821411 -0.003418 0.956421 -0.156250 -0.094604 0.039063
0.872681 0.257446 0.937744 -0.110474 -0.097168 0.054321
0.492554 0.317627 0.892944 -0.001587 0.002686 0.029785
0.661621 0.451904 0.939209 -0.140381 -0.007568 0.088867
0.442017 0.232544 0.861694 -0.028198 0.012939 0.066162
0.467651 0.219604 0.901001 -0.078735 0.025146 0.028442
0.471191 0.476074 0.994263 -0.059082 0.016235 0.079590
0.453613 0.710938 0.965210 -0.014526 0.037964 0.054321
0.472900 0.679688 0.882935 0.010498 0.021973 0.067993
0.476807 0.297119 0.901733 -0.032227 0.025879 0.060547
0.494751 0.404053 0.947388 -0.078003 0.040894 0.010986
0.676758 0.483154 0.956421 -0.027588 -0.001953 0.157959
0.502686 0.278809 0.934692 -0.043213 0.050415 0.069092
0.565552 0.333618 0.934692 -0.008789 0.016235 0.135864
0.413208 0.360474 0.882446 0.004639 0.076904 0.025024
0.007813 0.513306 0.844849 0.030518 0.082275 0.010376
0.469116 0.295288 0.919067 -0.013672 -0.006836 0.063965
0.466797 0.402466 0.909668 0.051636 0.032104 0.002930
-0.925537 1.549683 0.828369 0.190430 0.207764 -0.053345
0.593628 0.188354 0.966187 0.101807 0.012939 -0.006104
0.329590 0.427368 0.946411 0.164551 0.069946 -0.028320
0.553711 0.202271 0.922119 -0.002441 -0.032227 0.033569
0.687256 -0.187988 0.756714 0.051147 -0.031738 0.050659
0.468628 0.182861 0.881226 -0.052002 -0.064697 0.117554
0.157715 1.144775 1.304077 0.366577 0.058228 0.029175
0.414795 0.452881 0.915283 0.003174 -0.032715 0.089600
0.538086 0.461060 0.923950 0.018311 -0.008667 0.019531
0.520142 0.302246 0.904541 -0.010620 0.017212 -0.077148
0.461060 0.342163 0.898804 0.012817 0.042358 -0.114136
0.421631 0.378174 0.906372 0.000244 0.032227 -0.063354
0.437378 0.350220 0.901733 -0.013672 0.015259 -0.015137
0.445679 0.336914 0.913086 -0.017334 0.005981 0.030273
0.468872 0.338501 0.910034 -0.010132 0.006592 0.046753
0.565063 0.440674 0.880859 -0.098022 -0.019409 0.081787
0.453857 0.474121 0.903564 -0.050903 -0.001709 0.026611
0.347290 0.447876 0.896362 0.006104 0.021973 -0.001465
0.446045 0.867188 1.126343 -0.049194 0.010010 0.017700
0.302246 0.733154 0.859131 -0.145996 -0.025269 0.038574
0.487427 0.726929 0.899170 -0.032227 0.021729 -0.017822
0.538696 0.325195 0.894043 -0.054199 0.008301 0.009521
0.436279 0.534302 0.934204 -0.013672 0.019409 0.015869
0.415039 0.444092 0.912354 -0.067139 0.004639 0.017578
0.497314 0.372925 0.929199 -0.032471 0.002441 0.048462
0.509766 0.639526 1.012695 -0.026978 0.019775 0.019531
0.548218 0.529419 0.941650 -0.050781 0.038086 -0.029175
0.453735 0.291870 0.868652 -0.069580 0.052002 -0.064819
0.574707 0.402222 0.933228 -0.077881 0.060303 -0.052734
0.495361 0.407959 0.941528 -0.002319 -0.007935 0.103516
0.465210 0.316528 0.910767 -0.069946 0.055542 -0.031860
0.526489 0.388794 0.941040 -0.033081 0.011597 0.074951
0.416748 0.271606 0.933594 -0.045288 0.038574 0.012329
0.199219 0.240601 0.900879 -0.034302 0.065918 -0.020264
0.378296 0.267578 0.939819 -0.022949 0.021362 0.058960
0.243652 0.266602 0.921509 -0.038574 0.144165 -0.113892
0.471436 0.279541 0.954834 -0.014893 -0.035645 0.175171
0.386841 0.409790 0.903442 -0.017578 0.086426 0.001465
0.164429 0.369629 0.972900 0.032104 0.167480 -0.078735
0.518066 0.277222 0.960693 -0.033813 -0.043091 0.131348
0.792847 0.198120 0.952515 0.016724 0.036621 0.040527
-0.026123 0.286377 0.950317 0.033813 0.108398 0.007080
0.471191 0.403564 0.962158 0.053101 0.030762 0.046997
0.333374 0.148438 0.896973 0.023315 0.044067 -0.020874
0.302734 0.364624 0.935791 0.012207 -0.011963 0.036133
0.233032 0.380737 0.937622 0.031250 0.005249 0.000122
0.472534 0.185181 0.930908 0.011841 -0.034790 0.038574
0.167480 0.553833 0.947510 0.228882 0.104004 -0.007324
0.379883 0.055298 0.929810 -0.047363 -0.027954 0.024658
0.555054 0.475952 0.945801 0.075195 -0.007690 0.053223
0.522949 0.262939 0.917969 -0.020386 -0.030640 0.045410
0.542114 0.184937 0.934448 0.079468 -0.031494 0.032349
0.428833 0.056763 0.991699 0.050903 -0.027100 0.026123
0.472778 0.378296 1.011719 0.097290 -0.026489 0.055664
0.379395 0.171143 0.918091 -0.044067 -0.016846 -0.003784
0.465088 0.332886 0.975342 0.081299 -0.025391 0.003540
0.344971 0.776001 0.982422 0.232788 -0.052246 0.135864
0.324097 -0.130005 0.911743 0.011353 -0.043335 -0.023682
0.508301 0.758911 0.924805 -0.007568 -0.050049 0.161743
0.358154 -0.068726 0.716064 0.062866 -0.037598 0.043335
0.521362 0.320068 0.920532 -0.015625 0.002563 -0.005005
0.068481 -0.093506 0.916382 0.129517 -0.043945 -0.040649
0.443115 0.289917 0.900269 -0.002563 0.017700 -0.031372
0.342041 0.153687 0.841431 0.057739 -0.028076 0.011108
0.753174 1.050171 1.173096 0.132568 -0.073608 0.209595
0.315552 0.208252 0.909302 -0.039551 0.046509 -0.078125
-0.027222 0.063232 0.840576 0.154663 -0.100952 0.092041
0.440308 0.152344 0.912964 -0.082397 0.032349 -0.090332
0.363770 0.290161 0.874268 -0.000610 -0.037720 0.036377
0.938354 0.741333 0.958740 0.023804 -0.083740 0.202026
0.271240 0.292236 0.869995 -0.006958 -0.013428 -0.010132
0.255737 0.323364 0.940430 0.022217 -0.151611 0.133301
0.277344 0.123535 0.824341 -0.028809 0.002441 -0.087646
0.752808 0.482544 0.909668 -0.004517 -0.059082 0.065674
0.376343 0.370850 0.905029 -0.009766 -0.057861 0.001099
0.246094 0.394531 0.830200 -0.010620 -0.056152 0.002563
0.382446 0.367065 0.824463 -0.019409 -0.023438 -0.117920
0.057495 0.477173 0.730225 -0.028198 -0.225342 0.154663
0.684082 0.374634 0.797241 -0.053711 -0.086426 0.075684
0.462402 0.443237 0.934326 0.002319 -0.060425 -0.030518
0.413330 0.381104 0.894043 -0.010498 0.036255 -0.233765
0.545044 0.361816 0.908936 -0.015625 -0.018555 -0.096436
0.210327 0.360107 0.816528 -0.024536 -0.031738 -0.101440
0.932739 0.471069 1.000610 0.000000 -0.166626 0.209961
0.395996 0.276123 0.896729 -0.021973 0.019897 -0.122925
0.482300 0.371338 0.887939 -0.009155 -0.007935 0.028320
0.460938 0.347046 0.889038 -0.019043 -0.015015 0.044678
0.501221 0.357300 0.887573 -0.019897 -0.014160 0.031372
0.484375 0.337036 0.885498 -0.019775 -0.007202 0.013550
0.464478 0.348633 0.889893 -0.018311 -0.007568 0.013184
0.503662 0.333740 0.885864 -0.019897 -0.014038 0.007202
0.488647 0.339844 0.885864 -0.016724 -0.009766 -0.000366
0.467285 0.348755 0.890747 -0.017822 -0.012329 0.024170
0.482544 0.336792 0.886597 -0.019531 -0.019043 0.065063
0.482910 0.338745 0.890747 -0.017944 -0.014282 0.068481
0.485352 0.354370 0.887939 -0.021851 -0.014160 0.025635
0.473999 0.361084 0.886963 -0.022461 -0.013062 0.013550
0.500977 0.335083 0.892578 -0.022949 -0.015747 0.029785
0.505371 0.323486 0.890137 -0.019653 -0.007446 0.015503
0.484375 0.332642 0.891602 -0.010742 -0.000122 0.002075
0.468018 0.351318 0.886108 -0.009888 -0.006836 0.024780
0.483887 0.358154 0.888306 -0.020264 -0.020630 0.049561
0.507202 0.344849 0.890259 -0.028198 -0.023560 0.046875
0.514038 0.322388 0.891479 -0.022949 -0.014771 0.017334
0.492920 0.327393 0.895386 -0.014404 -0.007080 0.007935
0.499390 0.342041 0.888062 -0.012695 -0.005371 0.005737
0.490601 0.341309 0.885132 -0.019897 -0.009521 0.028320
0.515259 0.316650 0.885498 -0.018921 -0.004272 0.001831
0.500977 0.328369 0.885864 -0.008423 0.008301 -0.034546
0.483032 0.339966 0.888062 -0.005127 0.006958 -0.044067
0.483154 0.349609 0.890137 -0.010254 0.000488 -0.036377
0.475708 0.342041 0.890137 -0.013916 -0.008789 -0.009766
0.487427 0.349121 0.890503 -0.019165 -0.016357 0.007324
0.505615 0.337891 0.891846 -0.020020 -0.013428 -0.000122
0.499512 0.332031 0.888916 -0.020508 -0.008911 -0.003784
0.495605 0.328979 0.891113 -0.018555 -0.006348 0.009399
0.494263 0.334229 0.889282 -0.014038 -0.005127 0.014038
