-0.472412 -0.014893 0.931030 -0.000610 -0.007813 0.010986
-0.466919 0.007935 0.930542 -0.006104 -0.008301 0.011597
-0.469604 0.002197 0.934326 -0.017578 -0.007080 0.000610
-0.468018 -0.009277 0.937378 -0.019409 -0.007935 -0.015991
-0.483521 -0.008057 0.934204 -0.019287 -0.012939 -0.034424
-0.472900 -0.021118 0.933228 -0.016235 -0.023315 -0.080200
-0.432373 -0.032593 0.934204 -0.000977 -0.016846 -0.072266
-0.488647 -0.029663 0.949097 0.043823 0.009521 0.057861
-0.425659 0.031372 0.927368 -0.020752 -0.015625 -0.000732
-0.499756 -0.028320 0.952148 -0.013550 -0.017212 -0.020386
-0.550415 -0.195923 0.898071 0.085083 -0.008423 -0.019409
-0.446289 -0.122559 0.953125 -0.071289 -0.043701 -0.128784
-0.639038 -0.689575 1.046387 0.041748 -0.022827 0.017212
-0.449829 0.032471 0.919556 0.015503 0.005127 0.061035
-0.579590 -0.211426 1.054321 0.012085 -0.002441 0.167114
-0.404785 -0.059692 0.990723 -0.020996 -0.041870 0.112061
-0.539795 -0.111816 0.946167 -0.063232 0.023071 0.167725
-0.525269 -0.073120 0.983032 -0.000366 -0.067993 0.130371
-0.668945 -0.128418 1.061035 -0.005493 0.015381 0.214233
-0.381348 -0.035645 0.832886 -0.008911 -0.067261 0.091064
-0.628540 0.029663 0.996948 -0.017090 -0.009277 0.180054
-0.491699 -0.030029 0.943237 -0.013916 0.021729 0.153931
-0.361938 -0.015259 0.925049 -0.043701 -0.030396 0.106934
-0.231567 -0.207275 0.911621 -0.104248 -0.055176 0.032959
-0.338989 -0.203613 0.899780 -0.101074 -0.057129 0.000488
-0.418579 -0.037964 0.929321 -0.064209 -0.034424 0.037354
-0.432495 -0.059082 0.937378 -0.036499 -0.008545 0.098511
-0.424316 -0.164917 0.913818 -0.081665 -0.023926 0.035400
-0.504639 -0.146606 0.975952 -0.133057 -0.010376 0.000732
-0.330444 -0.520386 0.943726 -0.175781 -0.035156 -0.079956
-0.433960 0.200928 0.927856 -0.018433 0.000244 0.018066
-0.361084 -0.162842 0.901978 -0.135132 -0.021606 -0.018921
-0.404419 0.213501 0.930298 0.041260 0.003662 0.110596
-0.505493 -0.244873 0.960083 -0.243896 0.025757 -0.021118
-0.453003 -0.202026 0.953003 -0.082642 0.007446 -0.025879
-0.433350 0.118164 0.920532 -0.062500 0.015381 -0.035767
-0.360840 0.270630 0.908447 -0.007446 0.000854 0.001099
-0.542480 -0.225708 0.996704 -0.110474 0.028931 -0.039307
-0.419678 0.061157 0.919556 -0.048218 -0.005737 -0.038696
-0.373901 0.165527 0.867310 -0.061157 -0.002563 0.002441
-0.452026 0.104858 0.945190 0.023193 -0.005737 0.064575
-0.453369 0.080688 0.937744 -0.005859 -0.005127 0.010376
-0.460571 0.015015 0.936157 -0.030762 -0.004883 -0.036987
-0.465698 -0.011597 0.938721 -0.028931 -0.005493 -0.034302
-0.467163 -0.014282 0.939209 -0.016602 -0.008301 -0.004028
-0.454468 0.014771 0.936035 -0.006958 -0.005981 0.030518
-0.469727 0.028809 0.939697 -0.016602 -0.008667 0.012817
-0.466797 -0.015503 0.951416 -0.023315 -0.014893 -0.031860
-0.421021 0.064819 0.910645 0.005127 -0.031250 -0.037354
-0.463013 -0.003418 0.938721 -0.012939 -0.013428 -0.028076
-0.381958 0.191895 0.893066 0.073364 -0.031616 0.012329
-0.505615 -0.065796 0.973389 0.006470 -0.011597 0.029541
-0.363037 0.173462 0.905151 0.002930 -0.043457 -0.022217
-0.411621 -0.013794 0.938721 -0.010864 -0.028320 -0.027832
-0.477783 -0.058105 0.961670 -0.000366 -0.021118 -0.014893
-0.434814 0.072266 0.932983 0.009521 -0.026733 -0.011108
-0.400635 0.147339 0.925293 0.004517 -0.038208 0.003784
-0.408325 -0.009155 0.937866 -0.030762 -0.013550 0.027466
-0.707153 -0.171509 1.129028 -0.004761 -0.023804 0.014282
-0.516724 -0.121704 0.984619 0.003296 -0.052856 -0.072510
-0.236938 0.190430 0.864014 0.016724 -0.116089 -0.118896
-0.381592 0.077271 0.923584 -0.029541 -0.041260 -0.056885
-0.362549 -0.051636 0.908325 -0.024780 -0.073853 -0.083984
-0.490479 -0.024170 0.973755 -0.006348 -0.031860 0.043701
-0.260132 0.114014 0.918091 0.031494 -0.136597 -0.064209
-0.608765 -0.060547 0.995728 -0.037231 -0.043335 -0.014404
-0.574463 -0.104126 1.021118 -0.033813 -0.035034 -0.041626
-0.614990 -0.104980 1.056152 -0.041382 -0.042603 -0.051270
-0.485474 -0.068237 0.949463 -0.024658 -0.007813 0.008667
-0.437256 -0.013794 0.952393 -0.005249 -0.013062 0.055420
-0.328003 0.042603 0.947266 -0.003906 -0.036133 0.052979
-0.468140 -0.019043 1.034790 -0.069458 -0.071533 -0.022095
-0.434814 -0.088257 0.961060 -0.087036 -0.067993 -0.004761
-0.247070 -0.309570 0.920166 -0.093506 -0.035400 0.046143
-0.430786 -0.022583 1.006714 -0.110352 -0.086670 -0.021484
-0.458984 0.076172 0.979858 -0.003784 -0.001709 0.152466
-0.677612 0.405396 0.997070 -0.046387 -0.041626 0.082397
-0.352539 -0.204102 0.953125 -0.132202 -0.056641 0.060303
-0.373657 -0.113159 0.955688 -0.019531 -0.009277 0.134155
-0.482544 0.157593 0.957153 -0.065918 -0.020874 0.087891
-0.313232 -0.030151 0.944580 -0.044189 -0.035156 0.059082
-0.402954 0.118774 0.956421 -0.101440 -0.055176 0.023193
-0.332764 0.285156 0.939087 -0.067993 -0.001953 0.116943
-0.384766 0.174561 0.947021 -0.010010 -0.007446 0.097534
-0.378784 0.037476 0.923828 -0.034668 -0.003052 0.049316
-0.347290 0.468750 0.913086 0.072632 -0.010132 0.125488
-0.452881 -0.195313 0.910156 -0.060791 0.018555 0.050537
-0.379150 0.085938 0.946899 -0.042236 0.045654 0.089478
-0.418823 -0.008057 1.095825 -0.137451 0.076538 -0.000366
-0.165527 0.120361 0.702026 -0.023560 0.020264 -0.048462
-0.616821 -0.014771 1.063232 0.026367 0.038330 -0.021606
-0.699097 -0.277100 1.052612 -0.029663 0.128906 -0.113892
-0.635376 -0.209717 0.987549 0.017456 0.086304 -0.156494
-0.598022 -0.126099 0.969482 -0.020508 0.052368 -0.170166
-0.291382 0.046997 0.859863 -0.017212 0.040649 -0.109009
-0.409912 -0.085083 1.159058 -0.039795 0.090088 -0.039673
-0.384888 0.068726 0.939331 -0.034546 -0.072754 -0.213013
0.006592 -0.177368 0.858887 0.023438 0.318115 0.186768
-0.599854 0.144531 1.040161 0.063599 0.021362 -0.023438
-0.114136 -0.167969 0.869141 0.064331 0.171753 0.072266
-0.783081 0.183350 1.009033 0.028564 0.023682 -0.106201
-0.438477 0.019653 0.943481 0.038452 0.100708 -0.036865
-0.530518 0.077148 0.960815 0.091309 0.100708 -0.015869
-0.686890 0.174194 0.975586 0.027100 0.024292 -0.045044
-0.351196 -0.059692 0.926392 0.011230 0.001953 -0.031372
-0.469604 0.027222 0.934204 0.000854 0.003662 0.009155
-0.467529 0.005005 0.933716 -0.016724 0.010132 0.032104
-0.482910 -0.024658 0.935181 -0.020996 0.005737 0.034424
-0.462891 -0.039917 0.933350 -0.013672 -0.004883 0.014160
-0.469604 -0.002075 0.934937 0.000366 0.001099 0.033203
-0.468750 0.008423 0.938477 -0.006836 0.004150 0.033936
-0.464355 -0.004883 0.932251 -0.015747 0.003662 0.025757
-0.471313 -0.019043 0.930664 -0.017212 -0.001831 0.034424
-0.465576 -0.028687 0.931641 -0.008301 0.000366 0.045288
-0.473755 -0.004028 0.928223 -0.002075 0.000366 0.042236
-0.471436 0.014648 0.932373 -0.004395 -0.001099 0.030518
-0.468018 0.008179 0.930542 -0.020264 -0.006226 -0.003296
-0.477173 -0.006714 0.937134 -0.025879 -0.006470 -0.019653
-0.467163 -0.035278 0.937500 -0.019653 -0.008789 -0.020630
-0.462769 -0.024170 0.931763 -0.002686 -0.006714 0.003540
-0.468506 0.017944 0.930908 -0.000732 -0.005981 0.012939
-0.470459 0.020996 0.932861 -0.019287 -0.005981 0.000488
-0.464966 -0.017700 0.932495 -0.026123 -0.003906 -0.002075
-0.468262 -0.028076 0.937256 -0.015259 -0.000366 0.018433
-0.475708 -0.007568 0.928955 -0.007202 -0.004028 0.014893
-0.468750 0.004761 0.930542 -0.013794 -0.008667 -0.000854
-0.458862 -0.015991 0.938599 -0.015503 -0.005737 0.002441
-0.463379 -0.018555 0.928589 -0.007935 0.004761 0.036865
-0.483276 0.008545 0.937866 -0.009888 0.002319 0.040039
-0.474731 -0.003662 0.932495 -0.011475 -0.003540 0.026978
-0.475098 0.004517 0.931396 -0.010864 -0.003296 0.027954
-0.473755 0.011963 0.928345 -0.017578 -0.005981 0.002686
-0.474487 0.005981 0.933960 -0.020386 -0.005981 -0.001343
-0.470581 0.000244 0.933960 -0.020752 -0.006592 0.001709
-0.468506 -0.004517 0.927612 -0.020020 -0.006958 0.004761
-0.478882 -0.012573 0.931885 -0.020142 -0.005737 0.009521
-0.469238 -0.026001 0.933960 -0.010498 -0.005981 0.013428
-0.470825 0.004028 0.934204 -0.002075 -0.001831 0.032227
-0.478271 0.010620 0.932007 -0.006348 -0.002075 0.040771
-0.479614 0.015503 0.935425 -0.013306 -0.003662 0.038086
-0.476807 -0.000977 0.925659 -0.019653 -0.006714 0.019165
-0.475220 -0.009644 0.930908 -0.014526 -0.008179 0.016602
-0.473145 -0.007080 0.928589 -0.010376 -0.005615 0.020996
-0.476685 -0.010376 0.930176 -0.010742 -0.005127 0.024048
-0.480713 0.006104 0.931885 -0.008911 -0.005371 0.020020
-0.478271 0.016113 0.932251 -0.013672 -0.006592 0.003174
-0.473511 0.020264 0.929199 -0.022583 -0.007446 -0.002808
-0.480225 -0.002808 0.934082 -0.022461 -0.006836 0.004883
-0.475098 -0.015015 0.930908 -0.014893 -0.006958 0.009888
-0.480713 0.014771 0.931885 -0.010376 -0.007690 0.005371
