-0.398804 -0.007202 0.972168 -0.007935 0.006104 0.011108
-0.419312 -0.000977 0.973511 -0.009155 0.002808 0.002930
-0.405762 -0.020630 0.973633 -0.011108 -0.010498 -0.027588
-0.379883 -0.033813 0.975586 -0.003540 -0.010498 -0.024902
-0.385254 -0.035156 0.975952 0.012817 0.000610 0.005371
-0.392456 0.001953 0.966675 0.020508 0.006470 0.026123
-0.408813 0.016846 0.975830 0.011475 0.007324 0.012817
-0.400513 0.023193 0.968750 -0.009399 -0.001953 -0.023560
-0.395996 -0.006470 0.973145 -0.012451 0.005005 -0.008911
-0.415894 -0.006470 0.967896 -0.010864 0.005493 -0.019287
-0.414673 0.005249 0.970337 -0.016846 -0.003662 -0.031250
-0.421631 0.004395 0.970947 -0.022949 -0.014648 -0.044189
-0.388794 -0.023926 0.973022 -0.029785 -0.026245 -0.092529
-0.357910 -0.033813 0.973999 -0.020752 -0.021606 -0.073730
-0.403198 -0.006714 0.972656 -0.014160 -0.003418 -0.055664
-0.409424 -0.007568 0.974854 -0.017944 -0.005615 -0.058350
-0.404541 -0.020386 0.971802 -0.017212 -0.010864 -0.054321
-0.404663 -0.008911 0.976685 -0.004150 -0.014038 -0.056396
-0.422241 0.129272 0.960083 0.062256 -0.006714 -0.016602
-0.443848 -0.026611 0.973022 -0.039673 -0.005615 -0.033691
-0.422607 -0.019653 0.969482 -0.008423 -0.023682 -0.054688
-0.371582 0.011475 0.959961 0.013184 -0.039185 -0.090332
-0.501465 0.231689 0.962524 0.027100 -0.016724 -0.059937
-0.418457 -0.025146 0.972778 -0.049561 -0.031250 -0.101807
-0.416504 0.191040 0.966919 0.026123 -0.018677 -0.059692
-0.372437 -0.098633 0.984497 -0.036743 -0.011841 -0.046387
-0.342407 0.142944 0.960083 0.080933 -0.003662 0.027466
-0.399780 -0.067749 0.978516 -0.015381 0.018188 0.069214
-0.413818 -0.038208 0.978882 0.010864 0.012085 0.078979
-0.435425 -0.046753 0.989990 0.026489 -0.005005 0.020142
-0.281372 0.118408 0.924316 0.065308 -0.050537 -0.055664
-0.431152 0.017944 0.977539 0.002563 -0.009521 -0.001465
-0.373535 0.032104 0.969727 0.012329 -0.030762 0.005005
-0.395386 -0.020020 0.985352 0.000122 -0.017822 0.007568
-0.375244 0.046509 0.958862 -0.009766 -0.025635 -0.002930
-0.423462 -0.062988 0.983154 -0.021118 -0.012939 0.030518
-0.328979 -0.037109 0.967041 0.004639 -0.020752 0.026245
-0.351929 0.022461 0.943481 0.022949 -0.018311 0.033936
-0.435547 -0.026489 0.994141 0.007202 0.024414 0.099731
-0.435425 0.028320 0.986206 0.009277 -0.019653 0.052368
-0.382446 -0.030151 0.976074 -0.013672 0.028076 0.113892
-0.657715 0.127808 1.013672 -0.010986 -0.009766 0.093018
-0.163940 -0.024780 0.916870 -0.021729 -0.033081 0.039917
-0.502319 0.038574 0.969971 -0.019043 -0.016479 0.057617
-0.344360 -0.026733 0.979614 -0.001831 0.022461 0.132813
-0.687012 0.234985 1.026367 -0.084839 -0.100708 -0.043213
-0.549561 0.131226 1.000122 0.029663 0.035767 0.154663
-0.427856 0.014526 0.973145 0.051025 0.045044 0.130127
-0.561890 0.227051 0.989990 -0.003784 0.002563 0.047852
-0.491455 -0.031616 0.989136 -0.056763 -0.015259 0.125244
-0.427856 0.096802 0.982178 0.032349 0.039307 0.164063
-0.519409 0.031494 1.010742 -0.117065 -0.020142 0.004150
-0.542603 0.100342 0.990234 0.040649 0.042969 0.167847
-0.438843 0.280640 0.946899 -0.037598 0.007202 0.025024
-0.676880 0.417480 0.955933 -0.039063 0.005127 0.005493
-0.506958 0.072876 0.995117 -0.047974 0.038208 0.018799
-0.263794 0.074219 0.979736 -0.115845 0.033447 0.010498
-0.423096 0.465576 0.969116 0.077271 0.027954 0.122192
-0.544556 -0.036255 1.005615 -0.133179 0.067871 -0.054932
-0.376709 0.093018 0.985107 -0.005493 -0.008301 -0.069946
-0.421875 0.039795 0.970825 -0.034302 -0.004272 -0.030029
-0.403076 -0.002563 0.974854 -0.045654 -0.010132 -0.026123
-0.379883 -0.033813 0.973999 -0.041748 -0.009399 -0.040649
-0.398682 -0.032471 0.970093 -0.015869 -0.000366 0.013672
-0.396240 -0.009399 0.970459 -0.006104 0.005493 0.044678
-0.399780 -0.008301 0.969604 -0.005493 0.005127 0.036133
-0.400757 0.003418 0.976807 -0.009888 -0.000122 0.018433
-0.428101 0.010010 0.973389 -0.017212 -0.008667 0.023682
-0.400391 -0.016968 0.971802 -0.017700 -0.013550 0.015015
-0.378418 -0.015259 0.971558 -0.003174 -0.010864 0.038208
-0.410034 0.011597 0.971680 -0.000244 -0.007568 0.045776
-0.420532 0.007202 0.974243 -0.013794 -0.017822 -0.028198
-0.390381 -0.035156 0.976685 -0.005493 -0.023438 -0.023315
-0.404053 -0.018433 0.973267 0.010010 -0.019165 -0.033447
-0.380493 0.014648 0.973145 0.017334 -0.025391 -0.058960
-0.397827 -0.016357 0.977295 0.005371 -0.012207 -0.018066
-0.555786 -0.133423 0.990601 0.048462 -0.045410 -0.051880
-0.416626 -0.018799 0.981079 -0.019165 0.005737 0.036499
-0.396973 -0.004517 0.977783 0.003174 -0.011475 0.007568
-0.402100 -0.002441 0.976563 -0.011841 0.007202 0.016357
-0.457642 -0.032593 1.037354 -0.005981 -0.004639 0.014038
-0.240967 0.193604 0.894409 0.016113 -0.061523 -0.107300
-0.457642 -0.062744 1.007446 -0.027832 -0.014282 -0.011841
-0.380371 -0.052490 0.982178 0.014160 -0.023193 0.014038
-0.698242 -0.113647 1.106934 0.038086 -0.023438 0.013184
-0.422241 -0.006348 0.984375 0.014771 0.001831 0.069580
-0.383667 0.006836 0.965332 0.008911 0.002441 0.052490
-0.570679 0.145874 0.919067 0.029297 -0.086426 -0.081055
-0.430420 0.002930 0.989380 -0.000977 0.010620 0.040039
-0.445923 -0.014038 0.986938 0.010864 -0.004028 0.013794
-0.223633 0.013306 0.946289 0.012573 -0.046265 -0.038574
-0.390381 0.023438 0.978638 -0.002808 -0.000122 0.012573
-0.379639 0.001465 0.978149 -0.004272 0.014282 0.051758
-0.381958 -0.011353 0.988647 0.006104 0.012939 0.063354
-0.373047 -0.009399 0.969482 0.024292 0.018433 0.072998
-0.398682 0.020630 0.989502 0.030029 0.019043 0.079224
-0.562012 0.166382 1.038574 0.004883 -0.015503 0.036865
-0.557007 0.050049 0.993652 0.025269 0.062744 0.192383
-0.477905 0.041260 1.005493 0.017822 0.020142 0.072021
-0.467651 -0.007324 0.976807 -0.036255 -0.012695 0.025879
-0.170654 -0.095581 0.939087 0.015015 -0.011230 0.059082
-0.452148 0.095459 0.983398 0.038208 0.020142 0.076050
-0.528931 0.181030 1.012939 -0.018677 -0.018311 0.017456
-0.434937 -0.001831 0.969727 -0.008545 0.001831 0.074951
-0.515503 0.148560 0.987305 -0.039917 -0.031494 -0.019775
-0.449341 0.104492 1.005005 0.019043 0.017822 0.078003
-0.356079 -0.008301 0.967896 0.010864 0.006592 0.100952
-0.416016 0.065430 0.972046 0.010498 0.012695 0.068848
-0.416870 0.141724 0.957764 -0.060059 -0.035522 -0.019775
-0.552979 0.140015 0.982544 -0.056763 -0.029663 0.010620
-0.445923 0.136719 0.980591 0.012329 0.007690 0.053833
-0.611938 0.373047 0.929565 -0.125366 -0.048096 -0.021973
-0.468018 0.132813 0.980347 0.045044 0.014893 0.090942
-0.384766 0.005005 0.991333 -0.008789 0.008057 0.096069
-0.448242 0.186157 0.993408 -0.057007 0.006836 0.050781
-0.411499 0.039307 0.986450 -0.024658 0.000977 0.028198
-0.421021 -0.123779 1.006226 -0.050049 0.024292 0.024414
-0.351685 0.281006 0.967285 -0.023926 0.016724 0.009521
-0.336304 0.221802 0.972046 0.077515 -0.000732 0.064331
-0.208618 0.628296 0.769653 -0.020630 0.074097 0.030273
-0.308960 0.324585 0.971924 0.076172 -0.031616 0.055786
-0.377319 0.211182 0.958496 -0.047119 0.050171 -0.000732
-0.237305 0.219604 0.931396 -0.048340 -0.010376 -0.093140
-0.664063 -0.290649 1.057495 -0.108154 0.093750 -0.019775
-0.039673 0.067505 0.821045 0.007446 0.034424 -0.036865
-0.163818 -0.123901 1.089722 -0.008179 0.108398 0.044800
-0.823486 -0.029297 1.045654 0.021973 0.036377 0.013794
-0.307495 0.091675 0.933350 -0.018311 -0.014160 -0.109985
-0.396606 0.022095 0.953125 -0.041138 0.013916 -0.087769
-0.826294 -0.055542 1.032959 -0.037720 0.106323 -0.004761
0.073242 -0.230835 1.070313 0.004028 0.141724 0.047852
-0.450928 0.043823 0.950684 0.015625 -0.031616 -0.126709
-0.936523 0.033569 1.067871 0.107178 0.247070 0.111816
0.051392 -0.142456 0.829346 0.003906 -0.021851 -0.100464
-0.697632 0.153198 0.979736 -0.026489 -0.022339 -0.148071
-0.406372 0.012573 0.967773 -0.049438 -0.019531 -0.168335
-0.395874 -0.030884 0.958374 -0.039917 -0.020752 -0.122803
-0.411133 -0.009033 0.957886 -0.015137 -0.002686 -0.021362
-0.431030 0.019775 0.961548 -0.011475 -0.002441 0.003418
-0.421997 0.016235 0.959351 -0.017212 -0.006836 0.006958
-0.404297 -0.004028 0.961182 -0.017456 -0.000366 0.005981
-0.413086 0.012207 0.960327 -0.015015 0.009399 0.024414
-0.442383 0.026123 0.960083 -0.019165 0.004150 0.009766
-0.433716 0.005493 0.957153 -0.017212 -0.000977 0.019287
-0.428589 0.009521 0.963867 -0.013428 0.000366 0.031738
-0.426636 0.017090 0.962158 -0.013916 -0.000122 0.037598
-0.441772 0.014648 0.954712 -0.016724 -0.002563 0.034058
-0.443115 0.015625 0.961914 -0.016113 -0.006348 0.033936
-0.430664 0.031006 0.961426 -0.021973 -0.011108 0.011353
-0.430420 0.035400 0.958496 -0.034912 -0.012451 -0.029297
