0.438965 0.400513 0.890137 -0.012451 -0.005371 0.002441
0.427124 0.407593 0.890991 -0.013062 -0.009155 0.002930
0.438232 0.406250 0.888794 -0.015991 -0.015991 0.008911
0.437988 0.407227 0.890015 -0.016235 -0.014404 0.005249
0.436279 0.399658 0.892456 -0.015747 -0.011108 0.005005
0.446411 0.397461 0.888428 -0.010986 -0.007568 -0.005249
0.429443 0.410278 0.888184 -0.010010 -0.005127 -0.014404
0.436279 0.410400 0.882080 -0.011475 -0.010254 -0.000732
0.443726 0.399170 0.892822 -0.011597 -0.008667 -0.010254
0.438477 0.409180 0.890381 -0.012939 -0.004395 -0.032104
0.426392 0.410522 0.888672 -0.016357 -0.002197 -0.033203
0.431885 0.397827 0.889038 -0.018677 -0.007813 -0.023193
0.439209 0.392212 0.886963 -0.012451 -0.008911 -0.020264
0.466919 0.373047 0.881104 -0.023560 -0.016968 -0.024536
0.608032 0.196045 0.879761 -0.049194 -0.029297 -0.050537
0.077515 0.956299 0.932617 -0.086548 -0.060181 0.028198
0.453247 0.420898 0.871704 0.015991 0.017212 -0.018555
0.351807 0.501709 0.919189 -0.027466 0.009033 0.028809
0.475464 0.222290 0.862549 -0.094360 -0.031372 0.034912
0.429810 0.445313 0.915527 -0.025391 -0.006104 0.097168
0.461304 0.665405 0.961182 -0.121094 -0.024292 0.052246
0.575439 0.501221 0.902344 -0.042725 -0.007446 0.079712
0.399048 0.687744 0.942627 -0.068970 0.001221 0.058350
0.402344 0.211914 0.884521 -0.085815 -0.009521 0.024292
0.467163 0.499634 0.940796 -0.073975 -0.019409 0.114380
0.426147 0.430786 0.897583 -0.026978 -0.048096 0.202637
0.296631 0.190796 0.839111 -0.079346 0.002441 0.096924
0.406250 0.307129 0.881470 -0.042603 -0.004395 0.144897
0.356201 0.297729 0.871094 -0.047852 0.011108 0.141846
0.473755 0.363525 0.953491 -0.027710 -0.002563 0.189331
0.760498 0.490234 0.947876 -0.010620 -0.027100 0.257446
0.413696 0.376343 0.884888 0.000610 0.038696 0.124390
0.335449 0.357666 0.876343 0.042969 0.067505 0.061646
0.807617 0.186890 0.895752 0.031738 0.044312 0.104370
0.134766 0.684692 0.823975 0.120117 0.147217 0.046509
0.455933 0.274780 0.883789 0.040894 0.038086 0.018921
0.187134 0.622803 0.906860 0.126587 0.096069 -0.072510
0.719482 0.309326 0.912109 0.125366 0.003906 -0.006470
0.219849 0.703857 0.942993 0.168091 0.020874 -0.057617
0.422607 0.434448 0.874634 0.071655 -0.004028 0.015503
0.519775 0.452759 0.937134 0.045166 -0.028442 0.039307
0.560913 0.248901 0.896362 -0.037354 -0.027100 0.003662
0.503174 0.260254 0.867310 0.040649 -0.006470 0.005005
0.422363 0.421875 0.881958 0.010986 0.010254 0.004028
0.428589 0.382690 0.890137 -0.012085 -0.011597 0.046509
0.534180 0.255737 0.882202 0.035767 -0.015747 0.088379
0.252075 0.542236 0.898560 0.070801 0.046265 0.059082
0.500854 0.297119 0.886841 -0.043823 -0.021484 0.017944
0.512329 0.349121 0.897583 -0.013794 0.002686 -0.029907
0.459473 0.375732 0.887817 -0.001587 0.017212 -0.063110
0.435547 0.396118 0.889282 -0.001953 0.015625 -0.062012
0.451050 0.396118 0.892944 -0.005981 0.008667 -0.043213
0.450562 0.401001 0.886719 -0.014160 0.009155 -0.043579
0.421753 0.388062 0.888794 -0.025269 0.001831 -0.017090
0.436523 0.384399 0.895508 -0.024292 -0.013550 0.068359
0.450928 0.394287 0.906738 -0.029663 -0.011108 0.082031
0.604370 0.182861 0.819214 -0.105347 -0.037354 0.082764
0.774780 -0.158447 0.849609 -0.159424 -0.023804 0.004761
0.196533 0.257324 0.902832 0.003540 0.052368 0.022583
0.487793 -0.122925 0.892578 -0.186523 0.001465 -0.051025
0.450928 0.631226 0.991089 -0.055420 0.016968 0.009766
0.515869 0.224365 0.780273 -0.114380 0.029663 -0.027100
0.398193 0.008911 0.840332 -0.107544 0.020752 -0.075928
0.519287 0.452637 0.917114 -0.056396 0.026611 -0.010254
0.403564 0.127808 0.923950 -0.089233 0.045776 -0.092651
0.488037 0.487061 0.964111 -0.020264 0.031860 -0.009766
0.480957 0.524414 0.900757 -0.006592 0.026855 0.018677
0.380981 0.283569 0.964111 -0.079590 0.045898 -0.085083
0.446655 0.495239 0.914185 -0.019287 0.018555 0.028320
0.564941 0.508301 0.968750 -0.049683 0.002563 0.041748
0.421753 0.379272 0.897217 -0.048218 0.045654 -0.032104
0.475830 0.438965 0.939453 -0.009155 -0.010864 0.053223
0.653198 0.477295 0.876709 -0.041748 0.048096 -0.068359
0.518066 0.486694 0.953491 -0.019287 0.014160 0.030762
0.409790 0.412598 0.918823 -0.035889 0.037231 -0.016602
0.075806 0.337891 0.875854 -0.021240 0.072632 -0.026367
0.182495 0.330322 0.873535 -0.039795 0.036133 0.001343
0.755859 0.327271 0.988403 -0.020386 0.054688 0.009033
0.474976 0.380859 0.937622 -0.005615 -0.040283 0.169678
0.226440 0.486572 0.889771 0.006470 0.097412 -0.051514
-0.207764 0.494507 0.815552 -0.000244 0.102173 -0.017090
0.464355 0.380615 0.970703 -0.005005 0.009521 0.096680
0.414185 0.311157 0.918579 0.005493 -0.007690 0.140137
1.041504 0.071533 0.904053 0.029541 0.050171 0.037109
0.542603 0.294312 0.918213 0.007568 0.004883 0.063477
0.522217 0.271851 0.927246 -0.023926 -0.025024 0.028687
0.608765 -0.017944 0.875732 0.086060 0.072388 -0.032349
0.390625 0.283691 0.911621 0.021851 0.026611 -0.003906
0.356934 0.379272 0.966675 0.048218 0.004150 0.043213
0.395630 0.515259 0.933105 0.065186 0.003784 0.075317
0.546509 0.392822 0.910278 0.012939 -0.024170 0.068848
0.632935 -0.006958 0.848145 0.003784 -0.007080 0.003784
0.554077 0.387939 0.965210 0.005493 -0.017090 0.054199
0.470581 0.415039 0.915527 0.061523 -0.008179 0.022705
0.302856 0.344604 0.977661 0.056030 0.004761 -0.029785
0.374390 0.103760 0.790527 0.018555 -0.020020 -0.035767
0.368286 0.291626 0.910034 0.064087 -0.010010 -0.031250
0.433228 0.319824 1.028809 0.054810 -0.029297 -0.008667
0.457275 0.428833 0.906494 -0.020508 -0.006592 -0.034790
0.473267 0.826294 0.935913 0.226196 -0.073242 0.187378
0.325806 0.166504 0.842041 -0.036621 0.019287 -0.104370
0.603516 0.720459 0.933594 0.089478 -0.057617 0.094482
0.414307 0.217163 0.788574 0.006714 -0.057495 -0.121826
0.313843 0.198364 0.848145 -0.050415 0.046021 -0.307861
0.929810 0.754761 1.009155 0.053589 -0.145020 0.039063
0.491699 0.625977 0.898438 0.030396 -0.047363 -0.137695
0.302612 0.298706 0.872681 -0.024292 0.021729 -0.322388
0.674683 0.617798 0.937988 0.032837 -0.087524 -0.065186
0.411133 0.487915 0.991943 0.006470 -0.098877 -0.110474
-0.084229 0.382080 0.788940 -0.021729 -0.039185 -0.164307
0.609009 0.527588 1.048462 0.003174 -0.120972 -0.005371
-0.250854 0.311768 0.754883 -0.016846 -0.037598 -0.121338
0.476807 0.502075 0.916748 -0.014038 -0.016602 0.006836
0.397705 0.506226 0.900024 -0.012329 0.006348 -0.078491
0.436890 0.433716 0.894775 -0.013428 0.017822 -0.144043
0.414185 0.438354 0.893311 -0.013550 0.032715 -0.232788
0.292847 0.455078 0.898315 -0.014526 0.009521 -0.142334
0.376587 0.430664 0.895996 -0.020386 -0.032227 0.005737
0.443115 0.418091 0.895142 -0.015869 -0.026733 0.023071
0.404907 0.431274 0.890747 -0.008179 -0.002686 0.007324
0.381714 0.446655 0.895386 -0.010986 -0.007935 0.026855
0.376953 0.421875 0.889404 -0.014648 -0.017334 0.056152
0.408691 0.428833 0.892334 -0.007202 -0.024292 0.088379
0.392456 0.430420 0.892212 -0.006836 -0.025024 0.114136
0.414063 0.423340 0.891113 -0.002686 -0.026978 0.139160
0.420654 0.432251 0.886597 -0.003296 -0.025024 0.136108
0.411865 0.429810 0.893066 -0.012451 -0.026123 0.107056
0.431030 0.423828 0.890259 -0.015991 -0.023804 0.096802
0.417969 0.415649 0.890381 -0.014648 -0.017944 0.076050
0.419800 0.427124 0.892578 -0.016968 -0.016235 0.073608
0.431885 0.411011 0.888550 -0.018799 -0.016357 0.069092
0.416382 0.417236 0.891602 -0.014771 -0.015991 0.065674
0.427002 0.426392 0.887573 -0.018921 -0.019531 0.074097
0.432617 0.402466 0.890137 -0.019287 -0.020996 0.068848
0.424561 0.407471 0.892944 -0.015015 -0.019897 0.061890
0.428101 0.423218 0.892456 -0.015137 -0.021118 0.055420
0.431152 0.417969 0.891357 -0.019409 -0.018921 0.046265
0.436646 0.404419 0.892822 -0.021362 -0.017578 0.033936
0.433228 0.404907 0.888306 -0.020508 -0.014038 0.008179
0.434814 0.405884 0.893311 -0.017456 -0.010498 0.000977
0.424561 0.413574 0.886353 -0.017822 -0.008911 -0.001465
0.437256 0.407959 0.890015 -0.018921 -0.011963 0.004517
0.435791 0.409912 0.891724 -0.020020 -0.009888 0.004761
0.438354 0.407593 0.887207 -0.016968 -0.008545 0.007690
0.425415 0.407593 0.887451 -0.015991 -0.008423 0.010498
0.441650 0.402832 0.887817 -0.013794 -0.008301 0.016113
0.441528 0.401367 0.886841 -0.009766 -0.003174 0.010864
0.427979 0.411377 0.890869 -0.010376 -0.003174 0.007690
0.410767 0.417603 0.889038 -0.013916 -0.009399 0.020874
0.431885 0.413208 0.886719 -0.019775 -0.016968 0.027344
