-0.438354 0.031860 0.950073 -0.000854 0.015503 -0.016602
-0.431396 -0.006958 0.952881 -0.027466 0.004639 -0.029541
-0.422241 -0.046997 0.957275 -0.020874 0.005127 -0.021851
-0.447021 -0.025146 0.960327 -0.009155 0.003052 -0.021729
-0.435791 -0.007813 0.957520 -0.006714 -0.007813 -0.036011
-0.421265 0.007813 0.957642 -0.019043 -0.011108 -0.033691
-0.420776 -0.017822 0.957153 -0.029907 -0.009033 -0.026123
-0.446411 -0.017700 0.958496 -0.028564 -0.007080 -0.012573
-0.444580 -0.015869 0.949097 -0.027222 -0.008789 -0.023315
-0.440186 -0.030029 0.958618 -0.021118 -0.013428 -0.037720
-0.432495 -0.011597 0.960938 -0.011841 -0.012085 -0.050293
-0.379517 -0.078369 0.947144 0.006958 -0.003784 -0.040771
-0.439697 0.056641 0.957764 -0.005127 -0.016357 -0.073486
-0.397949 -0.183960 0.965332 0.016968 -0.008911 -0.047607
-0.281738 -0.239258 0.940186 0.047607 -0.016357 -0.034424
-0.366455 0.588867 0.916504 0.137817 0.000854 0.025513
-0.434082 -0.065430 0.963989 0.030640 0.007202 0.055786
-0.461670 -0.028320 0.971313 0.014282 -0.009399 0.045898
-0.464722 0.093750 0.979248 0.033447 -0.009399 0.047119
-0.435791 0.006836 0.941772 -0.000732 -0.029663 0.012939
-0.452637 -0.036621 0.958374 -0.005737 -0.014526 0.024902
-0.405151 -0.035400 0.940918 -0.018311 -0.033569 0.009766
-0.471069 -0.067505 0.979004 -0.014038 -0.010132 0.068726
-0.404297 -0.053589 0.951660 0.003174 -0.011108 0.072021
-0.302979 0.039063 0.916748 0.021362 -0.034668 0.036865
-0.417725 0.002441 0.959961 -0.005127 0.002930 0.099487
-0.389893 0.053711 0.951172 -0.016602 -0.020874 0.077637
-0.269043 -0.124390 0.929321 -0.045410 -0.051758 0.035889
-0.317139 -0.028931 0.931763 -0.011230 -0.034668 0.063721
-0.464844 -0.008667 0.960205 0.001465 -0.001831 0.095703
-0.487305 0.086182 0.979858 -0.012451 -0.034546 0.029297
-0.624634 0.220093 0.951538 -0.071777 -0.040039 0.006470
-0.465210 0.035889 0.971924 -0.035522 0.002808 0.103516
-0.585938 0.274292 0.933228 -0.107544 -0.048218 0.017578
-0.455933 -0.056763 0.969238 -0.028320 0.001953 0.118408
-0.352295 0.021729 0.943970 -0.054321 -0.019897 0.082031
-0.439453 0.205200 0.907227 -0.098633 -0.010986 0.078003
-0.521973 0.388672 0.875610 -0.036133 0.008911 0.095093
-0.497437 -0.149414 0.950806 -0.141357 0.042480 0.075439
-0.526733 -0.373779 1.075317 -0.184204 0.032959 0.122314
-0.311523 -0.096924 0.908447 -0.074707 0.027100 0.143555
-0.413696 -0.192261 0.994019 -0.142090 -0.030396 -0.006836
-0.421631 0.251831 0.950928 0.012573 0.003662 0.059692
-0.437256 0.025513 0.956909 -0.075439 0.023682 0.031494
-0.464478 -0.104370 0.975098 -0.067139 -0.000366 -0.021729
-0.415161 -0.008179 0.957764 -0.020386 -0.015625 -0.026123
-0.413696 0.009888 0.955322 -0.027344 -0.011108 -0.027222
-0.428101 -0.016113 0.952759 -0.031982 -0.002930 -0.006226
-0.432251 -0.038696 0.957397 -0.017700 -0.006348 0.007935
-0.421509 -0.040283 0.958252 0.004150 -0.008545 0.027954
-0.440063 0.001831 0.964722 0.020508 -0.014893 0.042603
-0.421265 0.026123 0.956665 0.019775 -0.024658 0.011841
-0.441406 -0.083618 0.961914 -0.027222 -0.022583 -0.024292
-0.421997 -0.027588 0.949097 -0.013550 -0.032104 -0.048950
-0.412598 -0.067627 0.957764 -0.009277 -0.021484 -0.042358
-0.405151 -0.030029 0.954102 0.006470 -0.005371 -0.013794
-0.442505 -0.038452 0.978638 0.027832 0.006836 0.047363
-0.397095 0.013916 0.957397 0.022827 -0.002686 0.038940
-0.513062 -0.059814 1.003418 0.012085 -0.022583 0.007324
-0.437134 0.026611 0.952148 0.020386 -0.034546 -0.022705
-0.448975 -0.031494 0.951904 -0.036255 -0.009277 -0.040405
-0.454224 -0.080078 0.977051 -0.009888 -0.026001 -0.042725
-0.423096 -0.017578 0.977905 0.005737 -0.021973 -0.014282
-0.529907 0.121948 0.914551 0.053467 -0.098145 -0.078247
-0.527100 -0.067139 0.986450 -0.012207 -0.026123 -0.025391
-0.259521 -0.016235 0.921509 -0.018188 -0.044800 -0.083252
-0.430786 -0.079102 0.991211 -0.006836 -0.010132 -0.018921
-0.405762 -0.028198 0.986694 0.014282 -0.015381 -0.008423
-0.493286 0.082764 0.978271 -0.003174 -0.065063 -0.063965
-0.212280 0.038452 0.949585 -0.010864 -0.058838 -0.058716
-0.336914 0.075073 0.843994 -0.038940 -0.104248 -0.140137
-0.433350 -0.025635 0.979370 -0.023071 -0.018433 -0.016479
-0.281128 -0.045044 0.950562 -0.017822 -0.044922 -0.039795
-0.427002 -0.033081 0.994873 -0.004395 -0.002441 0.025757
-0.354004 0.006836 0.959961 -0.017090 -0.031128 -0.026001
-0.752197 0.304810 0.982178 -0.072998 -0.072021 -0.045044
-0.367920 -0.107422 0.973633 -0.047363 -0.032593 0.050049
-0.151611 -0.110474 0.936157 -0.005005 -0.023560 0.065186
-1.029053 0.507813 0.974121 -0.025757 -0.046875 0.000488
-0.195435 -0.213135 0.939087 -0.122437 -0.094116 0.004639
-0.536621 0.079956 1.008423 -0.067627 -0.043579 0.051758
-0.210938 0.105591 0.836792 -0.137573 -0.101563 0.001831
-0.260254 -0.153076 0.965942 0.009766 0.019775 0.146851
-0.414429 0.147827 0.984741 0.000000 0.015137 0.161133
-0.304199 -0.090698 0.972900 0.010620 0.014771 0.138062
-0.479736 -0.231934 0.974487 -0.206665 -0.055176 -0.040405
-0.436035 0.060547 0.949585 -0.078003 0.007935 0.027100
-0.381958 -0.183838 0.987915 -0.107056 0.002075 0.050293
-0.394165 0.219727 0.929688 0.015625 0.025269 0.071411
-0.346313 -0.181152 0.970703 -0.061401 0.021484 0.056274
-0.284790 0.282593 0.935059 -0.047485 0.020996 0.007690
-0.347046 0.143555 0.969727 0.025513 -0.020996 -0.043579
-0.330566 0.031860 0.951538 -0.032104 -0.000244 -0.069336
-0.449341 -0.007813 1.095825 -0.129883 0.149048 0.078857
-0.348877 -0.192383 1.048706 -0.016357 0.027588 0.076294
-0.336182 0.201172 0.900879 0.049927 0.063110 0.182373
-0.451172 0.065430 0.993042 0.022461 0.006470 0.030884
-0.391968 0.043335 1.023315 -0.084839 0.102905 0.030151
-0.506226 -0.073242 0.997803 -0.046875 0.018799 -0.035522
-0.762329 -0.516724 1.207764 -0.111694 0.141602 0.083740
-0.429199 -0.010620 0.920654 0.008667 0.010620 -0.038574
-0.580566 -0.027466 0.823608 0.015625 0.101563 0.107544
-0.295166 0.242920 0.873291 0.033691 0.058350 0.090088
-0.487549 0.046631 0.939941 0.015625 0.027344 0.052246
-0.705566 0.111206 0.978760 0.014893 0.042114 0.000244
-0.380249 0.008789 0.890137 -0.026978 0.009766 -0.119751
-0.777588 0.012817 1.067139 0.193237 0.356323 0.348389
0.166260 -0.148193 0.863037 -0.009277 0.001709 -0.169678
-1.309937 0.736938 1.129272 0.115356 0.144531 0.074097
0.073730 -0.361694 0.843750 -0.007690 -0.010986 -0.057495
-0.964966 0.219360 0.992432 0.033081 0.044434 -0.016113
-0.422363 0.024048 0.936401 -0.032227 -0.002441 -0.099609
-0.400757 -0.073853 0.931885 -0.026733 0.007324 -0.064453
-0.553711 0.020630 0.960693 -0.021484 0.002197 -0.073486
-0.448730 -0.035889 0.944580 -0.020630 -0.008301 -0.082031
-0.461914 0.010010 0.943726 -0.010864 0.002441 -0.020630
-0.484619 0.008789 0.941895 -0.020996 -0.000366 -0.007813
-0.458008 -0.028931 0.945190 -0.028564 -0.014038 -0.057495
-0.446167 -0.029297 0.943481 -0.016602 -0.015991 -0.067749
-0.435547 -0.015747 0.941406 -0.009399 -0.013306 -0.058350
-0.458130 0.004517 0.941895 -0.012085 -0.003174 -0.037598
-0.466187 0.000977 0.939209 -0.022827 -0.001709 -0.022705
-0.454712 -0.023804 0.942139 -0.031982 -0.007568 -0.012085
-0.450073 -0.035278 0.945068 -0.027832 -0.006226 -0.006592
-0.438721 -0.032471 0.942139 -0.018555 0.001953 -0.000732
-0.467407 -0.020508 0.945801 -0.012451 0.000977 0.006714
-0.462769 -0.005249 0.943604 -0.014893 -0.001587 -0.001709
-0.450806 -0.027710 0.942749 -0.019409 -0.002441 0.003784
-0.453003 -0.041992 0.943359 -0.008545 0.000122 0.021118
-0.456421 -0.012329 0.944580 -0.000366 0.001587 0.040527
-0.471924 0.014160 0.940308 -0.012085 -0.003418 0.021973
-0.455200 -0.021118 0.940796 -0.023804 -0.008423 -0.001099
-0.449463 -0.040894 0.945923 -0.014648 -0.006714 0.006714
-0.453613 -0.023193 0.942749 -0.004639 -0.002197 0.020996
-0.469360 0.000122 0.937622 -0.010010 -0.006958 0.007813
-0.451660 -0.005005 0.939697 -0.019775 -0.009766 -0.001099
-0.461792 -0.015869 0.943604 -0.023071 -0.009521 -0.005249
-0.446533 -0.033936 0.943115 -0.016235 -0.005859 0.015991
-0.453857 -0.015625 0.940796 -0.007813 -0.002075 0.027954
-0.454102 -0.009644 0.943848 -0.012329 -0.003418 0.011963
-0.448853 -0.037109 0.942749 -0.011475 -0.001831 0.012329
-0.459106 -0.016479 0.938843 -0.003784 0.000977 0.026001
-0.456787 -0.010742 0.940430 -0.005615 -0.001099 0.026367
-0.467896 0.002319 0.934570 -0.010010 -0.003540 0.027466
-0.455933 -0.005615 0.942871 -0.022949 -0.007813 0.003052
-0.459839 -0.033081 0.941528 -0.023071 -0.008667 0.002197
-0.441040 -0.036255 0.937988 -0.010498 -0.005737 0.012207
-0.449341 -0.023071 0.939819 -0.003540 0.001587 0.012207
-0.462158 -0.010010 0.941040 0.000610 0.005371 0.021240
-0.474365 0.012085 0.935913 -0.005127 0.000244 0.014160
