-0.483276 0.041016 0.925049 -0.001343 -0.004883 0.024658
-0.480957 0.053345 0.925049 -0.013550 -0.005859 0.005493
-0.484009 0.035645 0.922729 -0.020630 -0.005737 0.004028
-0.493652 0.024902 0.920776 -0.016235 -0.008545 -0.002075
-0.485474 0.027222 0.924194 -0.012085 -0.013428 -0.011230
-0.475464 0.027588 0.925659 -0.007324 -0.011108 -0.008423
-0.481201 0.034302 0.927734 -0.007935 -0.007813 -0.001099
-0.493164 0.040527 0.926270 -0.012817 -0.009399 -0.013794
-0.482422 0.037354 0.924561 -0.017822 -0.012451 -0.028564
-0.480103 0.042603 0.926758 -0.021973 -0.010864 -0.031494
-0.480957 0.024048 0.922607 -0.021484 -0.007324 -0.040283
-0.482544 0.013184 0.921509 -0.006836 -0.008057 -0.053101
-0.572021 0.198120 0.930786 -0.028198 -0.014160 -0.110840
-0.499756 0.026978 0.926270 -0.045044 -0.018066 -0.115845
-0.494507 -0.001831 0.928955 -0.023315 -0.012451 -0.081055
-0.483398 -0.007324 0.920654 -0.002075 -0.009033 -0.048706
-0.446167 -0.097046 0.926880 0.095459 0.011108 0.016602
-0.482056 0.009521 0.928101 -0.056885 -0.024292 -0.120361
-0.474243 -0.014282 0.931152 -0.035278 -0.021606 -0.095703
-0.478027 0.000732 0.920166 -0.012817 -0.015869 -0.057495
-0.471436 0.005249 0.928467 -0.007813 -0.010620 -0.024170
-0.432861 -0.169678 0.938477 0.081909 0.005371 0.057129
-0.324585 -0.169556 0.953613 0.006470 -0.022583 0.015137
-0.465942 -0.190063 0.957886 0.061401 -0.036621 0.003906
-0.438965 0.236816 0.879639 -0.033936 -0.014648 -0.026367
-0.492310 -0.144531 0.942139 -0.002197 -0.023926 -0.032349
-0.418945 -0.015991 0.920532 -0.026245 -0.012695 -0.018433
-0.510010 -0.019043 0.957397 0.042358 -0.039551 -0.028320
-0.552246 -0.050293 0.976074 -0.000122 -0.032959 -0.035767
-0.434448 0.017944 0.921509 -0.042114 0.006836 0.066284
-0.569458 -0.018311 0.898804 0.042725 -0.087036 0.000977
-0.700562 0.009399 1.020142 -0.005249 -0.066772 0.051880
-0.494507 -0.022095 0.906982 0.015259 -0.042480 0.107300
-0.459961 0.105469 0.859619 -0.005981 -0.034912 0.114014
-0.399902 -0.020020 0.899292 0.005737 -0.000488 0.148315
-0.481689 0.023315 0.943848 0.023315 0.005249 0.191895
-0.467773 0.135864 0.852661 -0.026367 -0.059937 0.032593
-0.632324 0.058472 0.950073 -0.091309 -0.117188 -0.091675
-0.322510 -0.061523 0.903687 -0.010864 -0.001343 0.118164
-0.490356 0.076416 0.937744 -0.026001 -0.013550 0.062256
-0.377686 -0.107544 0.908081 -0.053589 -0.025757 0.008911
-0.569946 0.373901 0.945801 -0.108643 -0.029053 -0.013062
-0.539551 0.342285 0.901001 -0.156006 -0.019043 0.038330
-0.486206 -0.293701 0.946899 -0.137939 -0.028442 -0.048218
-0.440918 -0.036621 0.902466 -0.067139 -0.000977 -0.042358
-0.533447 0.652832 0.880493 -0.110229 0.007568 -0.073120
-0.422241 0.117188 0.940796 0.039063 0.040771 0.052246
-0.476318 0.225708 0.899780 -0.125366 0.020142 -0.079590
-0.554443 0.030884 0.949341 -0.085205 -0.014771 -0.086548
-0.483398 0.090332 0.933350 -0.018433 -0.011230 -0.038696
-0.480347 0.046143 0.934937 -0.045288 -0.008179 -0.045166
-0.491577 -0.013062 0.936890 -0.030762 -0.013062 -0.046021
-0.474731 -0.001953 0.936523 -0.015625 -0.019531 -0.041992
-0.456787 0.019775 0.938843 -0.008179 -0.013062 -0.021118
-0.460083 0.042847 0.933105 -0.020264 -0.007080 -0.023438
-0.463135 0.006958 0.934204 -0.025879 -0.006836 0.009888
-0.478882 -0.002563 0.937378 -0.014404 -0.012085 0.017944
-0.461670 0.028687 0.938721 -0.009521 -0.011841 0.015015
-0.460083 0.033936 0.940063 -0.018433 -0.012329 0.011841
-0.426636 0.035522 0.928223 -0.018799 -0.010376 0.055298
-0.464355 0.017822 0.928955 -0.017212 -0.000977 0.109619
-0.484497 0.011108 0.937134 -0.006592 -0.008179 0.112915
-0.485596 0.030396 0.948853 0.002686 -0.031006 0.050659
-0.457031 0.027344 0.942627 -0.016235 -0.022827 0.013916
-0.444092 0.022583 0.943604 -0.008057 -0.032227 0.018188
-0.506958 -0.041016 0.960083 0.005371 -0.049072 0.004028
-0.502197 -0.039185 0.932495 0.004883 -0.010620 0.092529
-0.630493 -0.126831 1.061401 0.054443 -0.109131 -0.036743
-0.480225 0.062744 0.933472 -0.033569 0.018188 0.074951
-0.576294 -0.022583 0.982178 0.005371 -0.074463 -0.038574
-0.530151 0.024902 0.974854 -0.003906 -0.020874 0.042480
-0.445923 0.075073 0.968018 -0.008911 -0.080566 -0.042847
-0.466431 -0.004150 0.945190 -0.040161 -0.017090 0.021606
-0.513794 -0.005737 0.956055 -0.034424 -0.025513 -0.020020
-0.351807 -0.021362 0.920898 -0.019531 -0.015503 -0.017822
-0.497437 0.037598 0.972534 -0.012207 -0.026978 -0.008667
-0.411743 -0.007080 0.926514 -0.030029 -0.015503 0.008789
-0.534790 0.113403 0.974243 -0.068604 -0.087036 -0.143311
-0.387207 -0.027588 0.919067 -0.041626 -0.006226 0.044067
-0.115845 -0.141113 0.896362 -0.024536 -0.019043 0.004517
-0.460693 0.003662 0.948120 -0.008545 -0.012695 0.029297
-0.437134 0.037231 0.945801 -0.012085 -0.017212 0.027710
-0.464722 0.025024 0.951172 -0.008301 -0.003906 0.067749
-0.501831 0.090576 0.966797 -0.035889 -0.031616 0.012573
-0.096436 -0.341553 0.886719 -0.023682 -0.013428 0.072510
-0.535522 0.152344 0.979858 -0.064331 -0.052002 -0.010132
-0.438110 -0.078979 0.950195 -0.011841 -0.011963 0.072510
-0.544312 0.236938 0.973877 -0.057129 -0.025513 0.017090
-0.426147 -0.049805 0.937378 -0.067261 -0.038452 0.051636
-0.470215 0.088745 0.950684 -0.038330 -0.025269 0.071533
-0.467285 -0.016357 0.937622 -0.054932 -0.040405 0.046509
-0.433716 0.072632 0.956665 -0.025879 -0.007935 0.063843
-0.483398 0.024170 0.950073 -0.109619 -0.053589 -0.050415
-0.473633 0.043945 0.947510 -0.023071 -0.025146 0.026123
-0.431885 0.042236 0.959229 -0.010986 -0.008423 0.107056
-0.436035 0.002930 0.952759 -0.058105 -0.027588 0.060913
-0.418091 -0.035034 0.948486 -0.049683 -0.020142 0.032715
-0.432495 0.005249 0.950317 -0.032715 -0.014648 0.039307
-0.397827 0.013794 0.951660 -0.017456 -0.002319 0.080200
-0.489258 0.151855 0.956665 -0.096924 -0.029297 0.009033
-0.433472 0.019043 0.952271 -0.034790 -0.013062 0.064575
-0.482056 0.090820 0.947754 -0.073242 -0.001465 0.057495
-0.441528 0.070679 0.949829 -0.064087 -0.002441 0.032715
-0.427368 0.109009 0.952148 -0.073364 -0.000244 0.028931
-0.384277 -0.020630 0.942871 -0.082886 -0.028198 0.051392
-0.480591 0.120850 0.958496 -0.083740 -0.015015 0.090820
-0.465576 0.158569 0.967773 -0.063477 -0.010620 0.083740
-0.121582 -0.439087 0.935425 0.014526 0.010254 0.117554
-0.431641 0.069214 0.945679 -0.017334 0.003052 0.033325
-0.424194 0.040039 0.940918 -0.108643 -0.013672 -0.054199
-0.391724 -0.010254 0.957397 -0.028564 -0.000977 0.011230
-0.552734 0.332153 0.932373 -0.195801 -0.021606 -0.037476
-0.485962 0.192017 0.953491 -0.075562 0.011475 0.081055
-0.270264 -0.468750 0.988403 0.008789 0.002930 0.158081
-0.387451 0.005127 0.895630 -0.128174 -0.023438 0.001221
-0.376099 0.236938 0.935181 -0.002808 -0.006958 0.027222
-0.484253 -0.120117 0.946045 -0.129883 -0.009399 -0.112793
-0.428467 0.064575 0.974243 -0.137939 0.081787 -0.070068
-0.478882 -0.008057 0.893799 -0.001831 0.035278 0.038574
-0.658081 -0.078735 1.177124 -0.062134 0.043945 0.017578
-0.382080 -0.011108 0.773560 -0.017212 0.037598 0.035400
-0.176514 0.194824 0.808472 -0.045532 0.030884 -0.097656
-0.686890 -0.037109 0.932129 -0.017334 -0.012939 -0.152832
-0.529541 0.017700 0.966919 -0.014282 -0.054443 -0.217773
-0.325195 -0.016602 0.887939 -0.037720 0.050171 -0.061035
-0.429810 -0.040405 0.957520 -0.008057 0.014526 -0.097290
-0.407593 -0.040161 0.949219 -0.012451 -0.022339 -0.095337
-0.441528 -0.016113 0.950684 -0.004395 -0.002441 -0.023926
-0.453735 -0.030518 0.943848 -0.008301 0.003662 0.005371
-0.448364 -0.017456 0.941650 -0.016357 -0.002808 0.001099
-0.440063 -0.043335 0.942505 -0.013550 0.001465 0.033569
-0.446411 -0.017456 0.947021 -0.017090 0.000000 0.027832
-0.448364 -0.051880 0.947388 -0.015137 -0.001709 0.011475
-0.451660 -0.023682 0.946289 -0.008179 -0.003662 0.015381
-0.450317 -0.030884 0.944824 -0.007324 -0.004272 0.011841
-0.452026 -0.016113 0.949341 -0.016113 -0.007202 -0.015259
-0.441162 -0.046021 0.939209 -0.008911 -0.003784 0.000000
-0.445557 -0.026733 0.945557 -0.003662 -0.001831 0.008301
-0.458862 -0.012817 0.951294 -0.009644 -0.007446 -0.007935
-0.454346 -0.024780 0.946655 -0.014526 -0.015259 -0.032715
-0.440796 -0.026733 0.940308 -0.018188 -0.011353 -0.030029
-0.445679 -0.037109 0.944824 -0.016235 -0.009399 -0.010864
-0.444214 -0.037842 0.948242 -0.008301 -0.005737 0.007935
-0.446289 -0.032471 0.943237 -0.004028 -0.003174 0.014038
-0.450928 -0.023804 0.941162 -0.006348 -0.005737 0.007202
-0.468018 -0.027100 0.950562 -0.014160 -0.013306 -0.011475
-0.445557 -0.024780 0.950806 -0.018433 -0.019409 -0.033691
-0.438477 -0.030640 0.947876 -0.016602 -0.015381 -0.033447
-0.443481 -0.047363 0.951660 -0.005737 -0.004761 0.006592
-0.459961 -0.024292 0.947876 -0.004272 -0.003296 -0.004395
