-0.545654 0.011841 0.907715 -0.011597 -0.013184 -0.005859
-0.511841 -0.017578 0.908691 -0.030029 -0.025024 -0.038452
-0.481689 -0.052490 0.911987 -0.029175 -0.018188 -0.044312
-0.488403 -0.075684 0.904663 -0.005737 -0.000488 -0.004761
-0.497681 -0.084717 0.910889 0.018677 0.010254 0.015137
-0.508789 -0.062378 0.905640 0.047974 0.011597 0.017578
-0.513184 -0.002686 0.906494 0.058350 0.013550 0.023804
-0.531372 0.039673 0.908325 0.029663 0.004517 -0.004761
-0.549316 -0.004272 0.905151 -0.010864 -0.015259 -0.047241
-0.508301 -0.013184 0.911133 -0.020752 -0.028320 -0.061768
-0.485107 -0.055176 0.909180 -0.013916 -0.018311 -0.045776
-0.507324 -0.046631 0.911743 -0.003174 -0.007202 -0.015869
-0.519287 -0.027222 0.909302 -0.004028 -0.005371 0.004395
-0.514771 -0.026123 0.909912 0.008545 -0.007080 0.019165
-0.508423 0.005005 0.910034 -0.000854 -0.007813 0.017334
-0.522705 0.009644 0.913330 -0.015259 -0.003174 0.002930
-0.514648 -0.062134 0.908936 -0.020752 -0.008911 -0.000732
-0.516968 -0.026855 0.910278 -0.003296 -0.008423 0.013916
-0.497803 0.000122 0.905640 -0.004395 -0.008789 0.018677
-0.503052 -0.004028 0.908813 -0.017578 -0.001709 0.022339
-0.505615 -0.038086 0.905884 -0.019775 0.002930 0.027954
-0.501587 -0.039673 0.906494 -0.007935 0.008423 0.031860
-0.507935 -0.027588 0.907593 0.001953 0.012329 0.044922
-0.508667 -0.023438 0.906006 0.008911 0.010498 0.041626
-0.522217 -0.018677 0.909546 0.014771 0.008667 0.025391
-0.516113 0.014038 0.904541 0.012695 0.004761 0.017822
-0.518311 -0.024902 0.904419 -0.000244 0.000977 -0.001343
-0.511719 -0.016968 0.904053 0.006104 -0.000732 0.007202
-0.523926 -0.001709 0.912109 0.003418 0.000488 0.004395
-0.516602 -0.031616 0.906250 -0.000610 -0.006836 -0.006226
-0.515747 -0.046509 0.905762 -0.003052 -0.010620 -0.022949
-0.490967 -0.005127 0.903198 0.008301 -0.006226 -0.004395
-0.509399 -0.005249 0.903198 -0.000732 0.002686 0.005005
-0.530029 0.024658 0.899048 -0.007324 -0.000854 -0.000366
-0.537964 -0.006348 0.907837 -0.017700 -0.014771 -0.028320
-0.497925 -0.198242 0.917114 0.033081 -0.018799 -0.039185
-0.521240 -0.167236 0.916870 0.107422 0.001709 -0.010376
-0.563843 0.624023 0.940308 0.161865 0.002686 0.035278
-0.414795 0.031616 0.905640 0.019653 -0.022583 -0.008789
-0.479736 0.469238 0.893677 0.116699 -0.009155 0.044556
-0.437744 0.225342 0.881348 0.038452 -0.006226 0.065430
-0.563110 -0.024780 0.950806 0.014526 -0.001465 0.084473
-0.192261 0.121094 0.776001 0.127197 -0.143799 -0.029907
-0.429199 0.459229 0.911987 0.097534 -0.057373 0.064453
-0.594238 0.015747 0.960449 -0.021851 -0.050903 0.039673
-0.401489 -0.088745 0.893799 -0.017090 -0.057495 0.075684
-0.471802 -0.001831 0.917847 -0.015625 -0.047729 0.134644
-0.527954 0.003784 0.890381 -0.020020 -0.019897 0.183594
-0.713867 0.166870 0.982300 -0.009888 -0.000488 0.207275
-0.634277 0.035889 0.966187 -0.028442 -0.029907 0.177490
-0.821167 0.752563 1.016235 -0.014526 0.014404 0.277710
0.007202 -1.042969 0.770996 -0.171875 -0.068359 0.129517
-0.784790 0.685669 0.924927 -0.141113 -0.018921 -0.014771
-0.548950 -0.123901 0.955200 -0.062988 0.023926 0.124878
-0.301514 -0.595703 0.929932 -0.324097 0.021973 -0.072754
-0.607666 -0.163940 0.831787 -0.117798 0.077759 0.115601
-0.580811 0.219482 0.911621 -0.135132 0.063477 0.086914
-0.441895 0.284180 0.907471 0.058960 0.011108 0.107178
-0.532349 0.094971 0.911377 -0.021851 0.004150 -0.003052
-0.516113 0.006836 0.908936 -0.035522 -0.013184 -0.040649
-0.496460 0.020508 0.909668 -0.038330 -0.019287 -0.057129
-0.498535 0.004761 0.912109 -0.038330 -0.019531 -0.060181
-0.514160 -0.045532 0.916016 -0.018799 -0.021362 -0.054565
-0.507202 -0.064575 0.926025 0.007813 -0.023560 -0.046387
-0.462158 -0.097412 0.946899 0.060059 -0.044922 -0.029785
-0.502441 -0.129395 0.904175 -0.035400 -0.007690 -0.010254
-0.630981 -0.130737 0.950073 -0.002441 -0.029175 -0.008911
-0.711548 -0.212158 0.879517 0.114624 -0.074951 -0.015991
-0.577271 -0.223633 0.942871 -0.071655 -0.027832 -0.078003
-0.530029 -0.150269 0.924927 -0.009888 -0.055420 -0.071655
-0.677124 -0.329834 0.961792 0.042969 -0.043457 -0.021851
-0.435303 0.027466 0.916260 0.007813 -0.020996 0.038696
0.296753 0.367432 0.777588 0.047974 -0.138306 0.004272
-0.339966 0.063110 0.908203 0.041260 -0.059082 0.052979
-0.390869 0.073120 0.925781 0.028809 -0.038452 0.063843
-0.529785 -0.015137 0.955811 0.017700 -0.017090 0.083008
-0.430664 0.038696 0.907349 0.029785 -0.028198 0.090454
-0.556641 0.130737 0.917603 0.027588 -0.008423 0.111572
-0.351196 -0.070801 0.889771 -0.076172 -0.098389 0.026611
-0.759766 0.186768 0.971313 -0.061523 -0.033936 0.041748
-0.617432 0.121216 1.015503 -0.028320 -0.013550 0.125732
-0.553223 0.129395 0.907349 -0.040527 -0.045410 0.087769
-0.421143 -0.049561 0.948486 -0.125610 -0.092529 -0.015259
-0.471313 0.112549 0.910522 -0.043701 -0.035400 0.061279
-0.482056 0.066406 1.000000 -0.011108 0.009644 0.081909
-0.429688 0.106201 0.908936 -0.012329 -0.007813 0.150757
-0.731812 0.577881 0.885254 -0.165405 -0.069336 -0.031982
-0.445557 0.155151 0.956787 -0.000244 0.005371 0.167603
-0.735352 -0.160156 0.983521 -0.149170 0.000366 0.077393
-0.583984 -0.465088 0.917236 -0.062256 0.004150 0.103149
-0.512207 0.002075 0.928223 -0.182739 0.021118 0.028442
-0.394775 0.271240 0.906860 -0.017090 0.010986 0.064819
-0.677002 -0.346191 0.976929 -0.211914 0.022095 -0.022095
-0.390381 0.006714 0.876465 -0.115967 0.029175 -0.035889
-0.478394 -0.420410 1.001343 -0.162476 0.040649 -0.092285
-0.296875 0.285400 0.806641 -0.055176 0.038940 -0.083252
-0.361328 0.150024 0.915039 0.016846 -0.010742 -0.051880
-0.731445 0.021606 0.909424 -0.126709 0.124878 -0.046753
-0.483887 0.063110 0.921631 0.015259 0.021240 -0.104614
-0.759644 -0.161865 0.706787 0.002441 0.029053 -0.126099
-1.004883 -0.276978 1.123291 -0.046265 0.183472 0.007324
-0.039795 0.246216 0.696899 0.014282 -0.017090 -0.098511
-0.787476 0.005859 0.923828 0.000488 -0.003662 -0.145752
-1.457275 0.033569 1.348755 -0.022583 0.290527 0.141357
-0.268677 -0.187744 1.052002 -0.014160 0.081055 -0.050415
-1.027222 0.055176 1.178955 0.090210 0.300781 0.149536
-0.453979 -0.136475 0.924072 -0.027222 -0.017700 -0.149658
-0.834473 0.126465 1.024170 0.094360 0.163086 0.086182
-0.607178 -0.005615 0.923218 0.030029 0.038208 -0.033813
-0.550537 0.030396 0.912109 0.010132 0.001343 -0.070435
-0.542847 0.025269 0.905518 -0.013428 -0.017700 -0.106689
-0.537720 -0.050781 0.910034 -0.010986 -0.021729 -0.093628
-0.424561 -0.030762 0.905518 0.014771 -0.012207 -0.010010
-0.492065 0.036621 0.900146 0.018799 0.020874 0.091309
-0.535645 0.037476 0.901733 -0.003418 0.019409 0.119995
-0.527344 -0.015747 0.905151 -0.013062 0.009888 0.107666
-0.510742 0.074951 0.904053 -0.002808 0.017700 0.122681
-0.648682 0.504761 1.018555 -0.147949 -0.006836 0.077148
0.026367 -0.142944 1.241577 -0.478394 0.080200 -0.232178
-0.672974 0.203125 0.823364 -0.456543 0.333374 -0.438843
-0.616821 -0.284302 0.764771 -0.416870 0.212158 -0.407227
-0.593384 -0.244507 0.760864 -0.260254 0.114258 -0.302490
-0.603882 -0.327026 0.752686 -0.191528 0.027344 -0.221191
-0.543701 -0.319092 0.814453 -0.049683 -0.022827 -0.087158
-0.527100 -0.190918 0.883179 0.059204 -0.040405 0.022339
-0.523682 -0.129761 0.898315 0.082031 -0.052368 0.076782
-0.542603 -0.078125 0.895996 0.085571 -0.035645 0.080811
-0.549072 -0.023560 0.880859 0.069946 -0.041992 0.064453
-0.557617 -0.013672 0.900024 0.047485 -0.051147 0.057617
-0.529419 -0.043579 0.923706 0.016113 -0.044434 0.005737
-0.507324 -0.037231 0.901611 0.020020 -0.018433 -0.049683
-0.567139 -0.058472 0.875977 0.016602 -0.012817 -0.049438
-0.531250 -0.079346 0.891724 0.018311 -0.043579 -0.024048
-0.469360 -0.042114 0.922363 0.048950 -0.071411 -0.006348
-0.535889 -0.054321 0.912842 -0.011963 -0.025269 -0.041870
-0.578125 -0.193726 0.840820 -0.000488 -0.052368 -0.102661
-0.565674 -0.083862 0.900757 0.045044 -0.018188 -0.033813
-0.523071 -0.143188 0.895874 0.012817 -0.041260 -0.025024
-0.511230 -0.121826 0.866211 0.044067 -0.062744 0.013306
-0.512207 -0.066284 0.848022 0.047485 -0.042725 0.042969
-0.524414 -0.051636 0.901367 0.017578 -0.027100 0.055786
-0.550537 -0.074829 0.869873 0.006836 -0.036255 0.053345
-0.527710 -0.028076 0.873413 0.002930 -0.034302 0.061157
-0.536255 0.046387 0.920898 -0.014648 -0.024292 0.029175
-0.529419 -0.001343 0.927979 -0.059326 -0.012085 -0.019653
-0.517822 -0.079712 0.907349 -0.062378 0.018188 -0.040161
-0.507446 -0.099487 0.906372 -0.062866 0.010620 -0.037354
-0.492676 -0.121460 0.907471 -0.053223 -0.002930 -0.020630
-0.518677 -0.109619 0.899170 -0.025146 -0.000610 0.013794
-0.516602 -0.082886 0.893921 -0.012085 -0.006836 0.032227
