-0.499023 0.098999 0.906860 -0.017456 -0.007202 -0.004883
-0.495483 0.095947 0.910400 -0.020142 -0.009766 -0.017090
-0.499146 0.093018 0.908936 -0.020386 -0.009644 -0.015625
-0.505615 0.090210 0.911499 -0.015747 -0.010010 -0.009399
-0.499268 0.101440 0.910767 -0.013062 -0.009888 -0.003296
-0.493896 0.095215 0.910645 -0.018188 -0.011963 -0.012817
-0.506348 0.104370 0.911743 -0.017700 -0.012329 -0.015747
-0.498169 0.100952 0.915039 -0.025269 -0.014893 -0.026978
-0.502075 0.070557 0.915283 -0.021851 -0.014404 -0.033325
-0.494263 0.075928 0.914429 -0.006958 -0.016724 -0.027832
-0.495361 0.119751 0.910767 -0.007202 -0.014771 -0.025269
-0.506226 0.122192 0.913940 -0.024658 -0.012695 -0.030884
-0.498535 0.094482 0.913940 -0.035889 -0.017822 -0.040649
-0.498169 0.059448 0.915405 -0.029175 -0.023193 -0.038940
-0.484863 -0.014526 0.908569 0.010010 -0.024780 -0.036011
-0.481079 0.051270 0.919678 -0.020996 -0.029785 -0.067261
-0.479126 0.086548 0.913940 -0.015991 -0.020996 -0.054321
-0.488159 0.178955 0.915283 0.011230 -0.013306 -0.026733
-0.483154 0.031860 0.912476 -0.029297 -0.012695 -0.048340
-0.510498 0.081055 0.931396 0.001953 -0.010864 -0.016357
-0.559692 0.153442 0.959717 0.051147 -0.026001 -0.001709
-0.409180 0.413086 0.917969 0.047363 -0.046021 -0.039185
-0.447144 0.074707 0.892700 -0.043823 -0.031982 -0.048950
-0.532715 -0.033691 0.932373 -0.008057 -0.009766 0.029175
-0.415894 0.136597 0.896240 -0.010376 -0.030518 0.051514
-0.926880 -0.336548 1.077271 0.011475 -0.051758 0.036377
-0.707153 -0.142212 0.877319 0.051392 -0.068237 0.009521
-0.402588 0.301392 0.898926 -0.027954 -0.010132 0.092896
-0.374023 0.158569 0.864746 0.018433 -0.079346 0.043213
-0.370605 0.253052 0.908203 0.010010 -0.075195 0.027710
-0.424927 0.081543 0.911011 -0.035034 -0.025879 0.046265
-0.468994 -0.008057 0.924561 0.005493 -0.068970 -0.001343
-0.723999 0.030762 1.036499 -0.042114 -0.011963 0.040649
-0.521362 0.105103 0.935303 -0.024048 -0.042725 0.041260
-0.491333 0.078125 0.983643 -0.027222 -0.037354 0.062500
-0.663940 0.028320 1.049438 -0.016968 -0.002319 0.120850
-0.353027 0.044189 0.865112 -0.033813 -0.059204 0.027222
-0.512207 0.105347 0.912476 -0.039673 -0.058472 0.025146
-0.518799 0.084106 0.953491 -0.002930 0.010498 0.179199
-0.516846 0.126587 0.937622 0.008423 0.014038 0.182617
-0.415161 0.082642 0.917969 -0.017334 -0.009399 0.086426
-0.480469 0.100220 0.946045 -0.105591 -0.085449 -0.066162
-0.500732 0.127197 0.956787 0.011108 0.019409 0.164063
-0.423218 -0.233887 1.009644 -0.180054 -0.087280 -0.106079
-0.237793 -0.149170 0.889771 -0.174194 -0.057007 -0.025391
-0.381836 0.060913 0.919556 -0.054932 -0.031982 0.065674
-0.395630 0.121216 0.924438 -0.093262 -0.032959 -0.004272
-0.459717 0.401855 0.949219 -0.037598 0.001831 0.052124
-0.681763 0.191162 0.950562 -0.214844 -0.010132 -0.101440
-0.577515 -0.245972 1.009888 -0.128662 0.039673 0.037720
-0.385986 -0.339844 0.868408 -0.153320 0.010498 -0.044067
-0.570190 0.155884 0.950439 -0.057617 0.042236 -0.004272
-0.434570 0.364136 0.836914 -0.032959 0.047729 0.020996
-0.325684 0.432373 0.884521 -0.018921 0.036255 0.104736
-0.583740 -0.396729 1.069824 -0.141724 0.057495 0.006104
-0.413940 0.122192 0.932861 -0.007324 -0.015015 -0.034180
-0.472534 0.073120 0.931641 -0.057861 0.000610 -0.051636
-0.471191 0.044312 0.939331 -0.039673 -0.010498 -0.035400
-0.451782 0.071289 0.934570 -0.023926 -0.017944 -0.037476
-0.453003 0.063599 0.930542 -0.025391 -0.012207 -0.029419
-0.461670 0.068115 0.930176 -0.025269 -0.003906 -0.012207
-0.471558 0.052856 0.930420 -0.023682 -0.002197 0.002808
-0.461548 0.061890 0.928833 -0.019287 -0.002441 0.030151
-0.459961 0.094604 0.930786 -0.025391 0.000000 0.048462
-0.479126 0.075317 0.936035 -0.030640 -0.003540 0.042603
-0.467529 0.067139 0.938477 -0.028076 -0.011230 0.024170
-0.485718 0.009888 0.947510 -0.023315 -0.024658 0.000854
-0.454102 0.031738 0.929321 -0.051758 -0.007080 -0.001831
-0.475464 0.018066 0.941284 -0.033447 -0.017212 -0.016724
-0.463135 -0.101440 0.955566 0.005493 -0.041504 -0.029541
-0.183105 0.762939 0.879395 0.073364 -0.063354 -0.026245
-0.619507 -0.275757 1.044800 -0.021362 -0.017212 0.003052
-0.574951 -0.172852 0.942993 -0.006470 -0.029175 -0.036865
-0.395020 0.171021 0.902222 0.011230 -0.035767 0.015625
-0.459839 0.052368 0.935669 -0.024658 -0.005615 0.049072
-0.463989 0.054443 0.939575 0.001343 -0.013062 0.082886
-0.473022 0.069336 0.952148 -0.001465 -0.008545 0.103027
-0.325439 0.381958 0.836670 0.156616 -0.197754 0.010620
-0.461426 0.061401 0.854858 -0.018555 -0.093872 -0.036255
-0.470703 0.033813 0.951660 -0.048950 -0.021729 0.013916
-0.279175 0.137085 0.908569 0.017212 -0.106567 -0.050781
-0.581543 0.065552 0.948853 -0.003540 -0.054199 0.071289
-0.246582 0.021118 0.899292 -0.010010 -0.114502 -0.045044
-0.406372 0.258057 0.947632 0.000366 -0.085083 0.016602
-0.117188 0.068237 0.864380 -0.040039 -0.093384 -0.018188
-0.399170 0.095581 0.989502 -0.025513 -0.041748 0.042114
-0.406128 0.037598 0.928589 -0.023682 -0.057373 -0.011841
0.034790 0.065308 0.843750 -0.071899 -0.151001 -0.154907
-0.296753 -0.023682 0.950073 -0.046631 -0.069580 -0.014160
-0.314575 0.306763 0.915527 -0.052734 -0.103149 -0.075439
-0.619507 0.203125 0.970825 -0.032715 -0.029907 0.009766
-0.578125 0.074707 1.010376 -0.005005 -0.014771 0.088135
-0.345337 -0.134888 1.004761 -0.107788 -0.083374 -0.068970
-0.171875 -0.200439 0.900757 -0.107178 -0.110596 -0.080078
-0.574219 0.251343 0.998169 -0.103394 -0.084595 -0.013550
-0.494263 0.125732 0.933105 -0.118042 -0.094482 -0.007813
-0.273926 0.040649 0.908325 -0.071533 -0.103760 0.010254
-0.224365 0.152832 0.928223 -0.027466 -0.054688 0.100586
-0.501709 0.216675 0.987915 -0.035034 0.003540 0.144897
-0.567627 -0.144775 1.009033 -0.195190 -0.089966 -0.075317
-0.488647 0.271729 0.972534 0.005005 0.010010 0.187622
-0.307617 -0.143555 0.949097 -0.152710 -0.076660 0.020630
-0.330811 0.229858 0.930298 -0.071899 -0.010132 0.096069
-0.348633 0.216431 0.979126 0.046753 -0.017700 0.116577
-0.437012 -0.422363 0.982300 -0.155273 -0.032471 -0.055908
-0.535522 -0.359863 0.999756 -0.039063 -0.005981 0.018433
-0.351318 0.285400 0.950195 -0.011963 -0.003418 -0.006714
-0.475952 -0.680786 1.016846 -0.247070 0.025513 -0.123413
-0.549316 -0.435181 0.993286 -0.101196 0.011719 -0.098633
-0.422852 0.064087 0.979980 0.063965 -0.021240 0.005493
-0.231567 0.243652 0.904175 -0.043457 0.070679 -0.010254
-0.626343 -0.558350 1.059204 -0.141968 0.088379 -0.042358
-0.250122 -0.130737 0.836792 -0.078125 0.069702 -0.067139
-0.779175 -0.084229 1.090088 -0.023926 0.108276 0.027344
-0.287964 0.131958 0.917358 0.004883 -0.002075 -0.055664
-0.948608 -0.193115 1.105957 -0.120972 0.225708 0.097778
-0.276855 0.022827 0.956909 -0.056519 0.102051 0.037964
-0.476318 0.089355 0.939575 0.061890 -0.009277 -0.024780
-0.001465 0.204590 0.692749 0.002197 0.166748 0.035156
-0.617065 0.085693 1.247070 0.038086 0.222534 0.182373
0.227417 0.130127 0.484375 0.027832 -0.022949 -0.075928
-1.552734 0.147705 1.624634 0.096924 0.308838 0.377808
0.368652 -0.079224 0.574707 -0.003052 -0.027710 -0.168823
-0.453369 0.097534 1.148682 0.072632 0.242432 0.222412
-0.302246 0.130493 0.919800 -0.023560 -0.059082 -0.167603
-0.229248 -0.087402 0.770874 -0.017700 0.073608 -0.001831
-0.598145 0.103149 0.942139 -0.001587 -0.017090 -0.068848
-0.430176 -0.017944 0.932861 -0.011108 -0.006836 -0.075195
-0.375366 -0.004517 0.854980 0.005005 0.019043 -0.018555
-0.527466 0.095337 0.934937 0.016113 -0.023560 -0.061401
-0.437134 0.033936 0.928223 -0.001465 -0.007446 -0.041504
-0.475586 0.029297 0.933838 -0.008179 0.000122 -0.018555
-0.471680 0.020264 0.932983 -0.001221 0.002686 0.009399
-0.476196 0.054932 0.931519 0.006592 0.002808 0.033813
-0.481445 0.052002 0.931641 -0.001709 -0.002441 0.027832
-0.468018 0.019165 0.931030 0.000977 -0.002075 0.038086
-0.465820 0.029907 0.927979 0.012695 0.003174 0.070190
-0.470703 0.048584 0.929443 0.012451 0.006836 0.074341
-0.479858 0.059448 0.933228 0.007690 0.008179 0.067017
-0.486572 0.048462 0.933838 0.006104 0.002075 0.065796
-0.496460 0.066528 0.925415 0.005371 -0.006836 0.025269
-0.458740 0.051636 0.921997 0.000488 -0.007568 0.004883
-0.479492 0.062866 0.928223 0.004395 -0.001953 0.036865
-0.483276 0.085083 0.931152 -0.000244 -0.005615 0.032349
-0.464111 0.058960 0.927246 -0.013550 -0.008545 0.000732
-0.463623 0.064453 0.926880 -0.014526 -0.000854 0.014282
-0.478149 0.045654 0.930420 -0.013184 0.006226 0.030518
-0.497681 0.028931 0.926636 -0.001465 0.000977 0.014160
-0.499878 0.070923 0.925049 0.009399 -0.011108 -0.009033
-0.471313 0.090210 0.929443 0.003052 -0.015381 -0.047485
