-0.446899 0.043457 0.938599 -0.034302 -0.016357 -0.045044
-0.463989 0.045288 0.936401 -0.031006 -0.018311 -0.049683
-0.455688 0.035400 0.936646 -0.021729 -0.015869 -0.035522
-0.455444 0.030396 0.944214 -0.012085 -0.014648 -0.017090
-0.459839 0.030762 0.942383 -0.001709 -0.013306 -0.004761
-0.453003 0.029175 0.936890 0.010254 -0.011841 -0.000977
-0.453613 0.048828 0.935181 0.016968 -0.006958 0.018188
-0.458862 0.060303 0.945435 0.014282 -0.005005 0.025146
-0.459229 0.077148 0.938843 0.000732 -0.007446 0.003052
-0.458862 0.055786 0.937988 -0.007446 -0.010254 -0.015625
-0.470581 0.048706 0.939941 -0.009399 -0.015625 -0.041748
-0.464600 0.043823 0.942505 -0.007324 -0.021851 -0.051270
-0.440552 0.036987 0.939697 0.007568 -0.014648 -0.008179
-0.438843 0.027344 0.931763 0.029663 -0.007202 0.038940
-0.470459 0.081055 0.945068 0.001953 -0.010620 0.028931
-0.478149 0.027100 0.944702 0.036377 -0.022217 0.007568
-0.445801 0.009888 0.941528 -0.027222 -0.013672 -0.013672
-0.458496 -0.014526 0.954834 0.011963 -0.012573 0.025391
-0.528320 -0.088745 0.965942 0.164185 -0.071899 0.013672
-0.316284 0.373413 0.925781 0.012939 -0.001221 0.055176
-0.582642 -0.235474 1.008301 0.068970 -0.043091 0.059204
-0.088135 0.507324 0.850464 0.065552 -0.059937 0.053589
-0.814575 -0.066284 0.988770 0.075806 -0.108887 0.037109
-0.486328 0.072754 0.946411 -0.007202 -0.006348 0.097534
-0.388794 0.067505 0.942017 -0.020752 -0.008423 0.093628
-0.336548 0.176147 0.869507 -0.037231 -0.041138 0.057373
-0.518677 0.117554 0.972656 -0.051880 -0.040283 0.067261
-0.373047 0.132690 0.936768 -0.059204 -0.045288 0.043213
-0.319580 0.091064 0.904053 -0.021973 -0.013184 0.070435
-0.551514 0.117188 0.984253 -0.047363 -0.043945 0.063599
-0.488647 0.146484 0.963989 -0.080933 -0.055542 0.042969
-0.214111 -0.221436 0.901611 -0.042358 -0.018311 0.089233
-0.575928 0.188354 0.987183 -0.067627 -0.056641 0.017456
-0.467896 0.103027 0.939087 -0.020996 -0.010864 0.075439
-0.464355 0.268677 0.979370 -0.067261 -0.007446 0.063232
-0.263916 -0.855835 0.967285 -0.106812 -0.022461 0.036011
-0.585938 -0.023682 0.970093 -0.137207 -0.037231 0.018677
-0.495117 0.495972 0.936035 -0.112671 0.012451 0.042480
-0.482910 0.198364 0.922485 -0.166016 0.008301 -0.086548
-0.487549 -0.111206 0.918579 -0.132568 0.047974 -0.060791
-0.479370 0.232788 1.090332 -0.172119 0.042725 -0.081787
-0.605469 -0.474854 1.109375 -0.111938 0.058838 -0.022339
-0.490356 -0.342407 1.062866 0.006592 0.009155 0.023804
-0.385864 0.201660 0.946533 -0.027100 -0.000122 -0.038940
-0.432129 0.110107 0.940674 -0.090454 -0.010620 -0.091675
-0.452148 0.004272 0.951904 -0.071167 -0.020020 -0.084473
-0.431030 -0.017090 0.955200 -0.028442 -0.020264 -0.040161
-0.419556 0.040527 0.946533 -0.010742 -0.013184 -0.011353
-0.425171 0.068115 0.948608 -0.019165 -0.006226 0.011108
-0.432617 0.041626 0.947876 -0.015991 -0.002319 0.045288
-0.442627 0.042847 0.949707 -0.007568 -0.003296 0.064087
-0.443848 0.059814 0.950806 -0.009033 -0.009155 0.036133
-0.468872 0.052002 0.956177 -0.001587 -0.021362 -0.013062
-0.397583 -0.049561 0.930908 0.057739 -0.022217 0.019043
-0.473633 0.046997 0.971924 0.003418 -0.040527 -0.051758
-0.418823 0.043091 0.950562 0.034424 -0.018921 -0.033936
-0.515625 -0.329956 0.967285 0.075806 -0.072632 -0.031738
-0.441162 -0.039063 0.949097 -0.023682 0.003784 0.048096
-0.477783 -0.033813 0.991211 0.029297 -0.026489 0.045288
-0.299194 0.390015 0.895874 -0.011597 -0.013672 0.058594
-0.479370 0.038574 0.973755 -0.034180 -0.018921 0.037109
-0.407349 0.062134 0.943970 -0.013062 -0.025635 0.046997
-0.412354 0.070435 0.953125 -0.004028 -0.025391 0.040161
-0.372437 0.217529 0.920654 -0.000244 -0.103638 -0.034180
-0.498291 0.052490 0.962769 -0.025879 -0.018677 0.067627
-0.424438 0.022461 0.943481 -0.019653 -0.021606 0.056519
-0.454590 0.039429 0.999878 0.001709 -0.090332 -0.047363
-0.504639 0.041260 0.944824 -0.027344 -0.010376 0.067993
-0.474731 0.022949 1.004150 -0.004883 -0.042358 -0.007568
-0.477295 0.003296 0.946899 -0.018433 0.001221 0.061035
-0.457153 0.046021 0.953735 -0.009521 -0.050293 0.013550
-0.251099 0.126221 0.924194 -0.025879 -0.023438 0.021484
-0.437866 0.048584 0.964966 -0.013672 -0.004883 0.079590
-0.431641 0.087158 0.960449 -0.022461 -0.019287 0.071899
-0.428345 0.111816 0.975098 -0.044189 -0.033691 0.037354
-0.386353 -0.171509 0.957153 -0.081055 -0.040649 0.045776
-0.287842 -0.116211 0.930908 -0.004272 0.003418 0.135010
-0.427612 0.172729 0.976196 -0.064087 -0.039185 0.048096
-0.571045 0.311401 0.977295 -0.092529 -0.052612 0.031616
-0.345459 -0.110718 0.948975 -0.018555 0.002930 0.154175
-0.444458 0.259888 0.967773 -0.122559 -0.049316 -0.013794
-0.444824 0.109619 0.967285 -0.064697 -0.034912 0.040283
-0.408569 0.005127 0.969604 -0.053955 -0.029907 0.080688
-0.380127 -0.213623 0.993774 -0.034546 -0.020630 0.103271
-0.418579 0.262207 0.958862 -0.064575 0.013916 0.103760
-0.412842 0.221313 0.952393 -0.093994 -0.008179 0.022339
-0.434326 0.132446 0.966309 0.002563 0.008667 0.056152
-0.700439 0.226929 0.919312 -0.240479 -0.029663 -0.098633
-0.379517 -0.015625 0.963257 0.008789 -0.007202 0.088501
-0.549316 0.187256 1.014893 -0.101685 0.004761 0.036743
-0.440308 -0.293457 0.980347 0.023804 -0.000366 0.072754
-0.369995 -0.147583 0.936523 -0.093506 0.003906 0.003174
-0.371460 0.178223 0.971191 0.012207 -0.019653 -0.005371
-0.407593 0.162598 0.957397 -0.051025 0.010254 -0.048584
-0.275146 -0.286743 0.889648 -0.156982 0.103271 -0.105591
-0.304810 0.178833 0.986572 -0.027954 0.012207 -0.127075
-0.931885 -0.446045 1.312744 -0.059082 0.108154 -0.026733
-0.114868 0.268311 0.854980 -0.070801 0.100464 -0.025024
-0.192871 0.182739 0.928467 -0.055542 0.007202 -0.116577
-0.179565 0.080688 0.714478 -0.073242 0.149902 -0.025635
-1.056274 -0.391235 1.126221 -0.019043 -0.030518 -0.247192
-0.831055 -0.275513 1.164917 0.082886 0.168945 0.075073
0.135620 0.015259 0.648560 0.022095 0.136475 0.010010
-0.579712 0.195557 0.935913 -0.011475 -0.043579 -0.189819
-0.461426 0.019409 0.937012 -0.030640 0.005615 -0.187378
-0.498779 -0.133911 0.519653 0.162476 0.209961 0.119507
-0.434692 0.003296 0.943604 -0.054810 -0.078125 -0.329590
-0.559082 -0.127563 0.837769 0.247437 0.203735 0.183350
-0.309082 -0.150024 0.942749 -0.050049 -0.067505 -0.239014
-0.391357 -0.098755 0.907959 0.045898 0.060181 0.036499
-0.599976 0.104858 0.954102 -0.024292 -0.021362 -0.065552
-0.463989 0.001465 0.939697 -0.013916 -0.003784 -0.018188
-0.464844 0.031738 0.947876 -0.004639 -0.006348 -0.004883
-0.463501 0.029907 0.943481 -0.000610 -0.004395 0.008667
-0.450317 0.040039 0.942749 -0.007202 -0.000244 0.023804
-0.458252 0.044189 0.944092 -0.013672 0.000000 0.033325
-0.450317 0.026855 0.936401 -0.014526 0.002319 0.058472
-0.467773 0.039551 0.942993 -0.017944 -0.000854 0.050171
-0.461792 0.023804 0.943848 -0.019287 -0.006104 0.009033
-0.468872 0.022095 0.940918 -0.011108 -0.009644 -0.008423
-0.455566 0.033569 0.938599 -0.010132 -0.010010 -0.016113
-0.461304 0.040527 0.938965 -0.015381 -0.010742 -0.019165
-0.445435 0.030518 0.940674 -0.018799 -0.009033 -0.020752
-0.459473 0.030029 0.940796 -0.020386 -0.010010 -0.020142
-0.457520 0.026245 0.942993 -0.019653 -0.010986 -0.009155
-0.456177 0.022949 0.943359 -0.016968 -0.006958 0.001221
-0.458130 0.043091 0.943115 -0.017456 -0.006836 -0.003418
-0.458008 0.032837 0.938110 -0.024170 -0.008423 -0.011353
-0.458252 0.013916 0.942749 -0.015259 -0.007446 -0.003540
-0.446167 0.029785 0.944458 -0.013428 -0.006226 0.003174
-0.457397 0.041138 0.934570 -0.016968 -0.006958 0.003906
-0.463623 0.043335 0.942261 -0.026123 -0.007568 0.000000
-0.461182 0.035645 0.936523 -0.030273 -0.010254 -0.021484
-0.457275 0.002686 0.944580 -0.020996 -0.009277 -0.014160
-0.457886 0.022095 0.942871 -0.013672 -0.007813 -0.007568
-0.452148 0.028320 0.946167 -0.013794 -0.006470 0.009277
-0.455566 0.031494 0.941406 -0.016357 -0.006104 0.012329
-0.452271 0.006348 0.938477 -0.014526 -0.006470 0.014771
-0.447388 0.023438 0.938965 -0.005859 -0.004150 0.026367
-0.460693 0.045776 0.942505 -0.014282 -0.005493 0.005859
-0.461060 0.030273 0.940063 -0.020996 -0.007690 -0.021362
-0.453491 0.007202 0.942871 -0.010376 -0.008301 -0.014282
-0.454834 0.036133 0.941650 -0.009277 -0.007568 -0.001709
-0.458862 0.042236 0.933105 -0.015625 -0.007568 0.004150
-0.457520 0.022095 0.941284 -0.020996 -0.007202 0.001831
-0.445801 0.010376 0.944336 -0.010376 -0.005127 0.017700
-0.448730 0.037598 0.936890 -0.007080 -0.003418 0.020874
-0.453125 0.046875 0.941406 -0.018311 -0.003418 0.012085
-0.458008 0.029785 0.937012 -0.021973 -0.005249 0.000610
-0.461426 0.011108 0.942505 -0.012329 -0.007202 0.002930
