-0.565674 0.097168 0.872314 -0.017212 -0.004395 0.005981
-0.551270 0.099487 0.856445 -0.013794 -0.028320 0.012207
-0.551147 0.110718 0.850342 -0.008057 -0.058105 0.025635
-0.537598 0.075439 0.870972 -0.005249 -0.076904 0.067871
-0.524170 0.148682 0.873291 0.002563 -0.098755 0.105347
-0.585449 0.132202 0.977295 0.040649 0.070190 0.102905
-0.174438 0.156982 0.875732 -0.040894 -0.014404 -0.042358
-0.604980 0.164429 0.882446 -0.076538 0.045166 -0.018433
-0.564087 0.106445 0.888672 -0.062622 0.046021 0.007690
-0.512817 0.035034 0.884033 -0.021118 0.015015 0.011108
-0.535889 0.103027 0.885620 0.009644 0.011353 0.050537
-0.553467 0.143311 0.885376 0.015137 0.004395 0.025146
-0.531494 0.151245 0.891724 0.002686 -0.002319 -0.010620
-0.528442 0.149658 0.885010 -0.010620 0.000854 -0.013184
-0.545410 0.099976 0.885376 -0.012207 -0.007080 -0.045044
-0.517822 0.198486 0.882690 0.051758 -0.011841 -0.038330
-0.567993 -0.067505 0.880493 0.046997 -0.019653 -0.071167
-0.503662 -0.092651 0.891602 0.046509 -0.025269 -0.117065
-0.435303 0.564697 0.846069 0.095093 -0.016846 0.122192
-0.574829 0.106323 0.910522 0.017700 0.015137 0.170288
-0.470825 0.195190 0.869873 0.021362 0.002319 0.159546
-0.601074 0.116943 0.965210 0.016113 -0.006470 0.116821
-0.561523 0.057617 1.017334 0.014404 -0.036865 0.030396
-0.519409 -0.032349 0.920654 -0.038574 0.009888 0.078003
-0.309204 0.286377 0.815796 0.019653 -0.108887 -0.025024
-0.588745 0.193237 0.908081 -0.015625 -0.064331 0.042480
-0.418091 0.166016 0.827637 -0.005371 -0.057251 0.059814
-0.358887 0.117432 0.850098 -0.027344 -0.045898 0.041992
-0.487427 0.164673 0.877441 -0.008667 -0.015503 0.069824
-0.523926 0.159790 0.889648 -0.023926 -0.027100 0.019531
-0.549072 0.167725 0.912842 -0.011597 -0.012573 0.066284
-0.471069 -0.018311 0.892090 -0.090332 -0.027832 -0.035522
-0.512817 0.080811 0.897583 -0.021606 -0.010986 0.061157
-0.536011 0.219604 0.905640 -0.036133 -0.019775 0.034180
-0.578247 0.309204 0.859131 -0.117310 -0.022583 -0.044067
-0.549438 0.235229 0.895996 -0.045166 -0.008423 0.052246
-0.496582 0.378662 0.865356 -0.039795 -0.008911 0.065674
-0.441650 0.436890 0.845581 -0.023193 -0.003784 0.065308
-0.472900 0.314697 0.883667 -0.011353 -0.018066 0.014526
-0.466797 0.268188 0.799805 -0.107910 0.009399 -0.106079
-0.496216 0.180664 0.875122 -0.008789 -0.000122 -0.036865
-0.643066 0.007935 0.970581 -0.138428 0.041870 -0.111328
-0.465332 0.194214 0.928833 -0.024170 0.018921 -0.062256
-0.600952 -0.104370 0.920776 -0.012085 0.006592 -0.069824
-0.312378 0.630737 0.751953 -0.064209 0.028931 -0.043823
-0.610596 -0.187744 0.959961 -0.092285 0.028687 -0.023926
-0.512695 0.113892 0.893066 -0.011230 -0.005859 -0.010254
-0.486328 0.163696 0.888184 -0.006714 -0.009521 -0.014404
-0.545776 0.128540 0.896606 -0.029053 0.006348 -0.005127
-0.522217 0.114136 0.891968 -0.023315 -0.007935 -0.034302
-0.519775 0.115723 0.891602 -0.020630 -0.006836 -0.031982
-0.517090 0.130859 0.894531 -0.018677 -0.006226 -0.019775
-0.535278 0.110962 0.894165 -0.018188 -0.005371 -0.031128
-0.522339 0.122681 0.891113 -0.013794 -0.009399 -0.020508
-0.515869 0.125000 0.890015 -0.018433 -0.003052 -0.007690
-0.515991 0.116699 0.888794 -0.017334 0.000122 0.011353
-0.525146 0.117676 0.890625 -0.018311 0.001465 0.012207
-0.532104 0.114380 0.886963 -0.019775 -0.000854 -0.000732
-0.517334 0.111816 0.889038 -0.025269 -0.005859 -0.016602
-0.519409 0.104736 0.890015 -0.018433 -0.002808 0.006592
-0.527832 0.106323 0.892212 -0.010498 -0.000610 0.033203
-0.530640 0.117065 0.889404 -0.009277 -0.000488 0.046509
-0.526489 0.122925 0.894165 -0.008545 -0.000854 0.081421
-0.526733 0.125244 0.889771 -0.011353 -0.004150 0.056396
-0.527466 0.131958 0.889648 -0.018677 -0.006470 -0.002686
-0.531738 0.117554 0.889526 -0.014160 -0.012207 -0.048218
-0.522095 0.114380 0.888428 -0.012939 -0.017578 -0.089478
-0.531494 0.220215 0.908569 0.036499 -0.029663 -0.074463
-0.453125 0.668823 0.841919 0.044434 -0.031006 -0.011353
-0.509521 0.081299 0.897583 -0.054077 -0.003052 -0.066040
-0.366943 0.302246 0.810181 0.121704 -0.047363 0.078491
-0.577637 0.025146 0.904053 0.000366 -0.005615 0.077881
-0.584229 0.051514 0.945801 0.021362 -0.027466 0.099976
-0.291138 0.365723 0.861816 -0.015259 -0.008179 0.096680
-0.562378 0.052124 0.949097 0.052612 -0.069946 0.036011
-0.549072 0.117310 0.887817 -0.028076 0.000000 0.045044
-0.520996 0.127686 0.886597 0.007202 -0.060791 -0.062256
-0.540161 0.121460 0.891357 0.007690 -0.026245 0.055054
-0.506958 0.133423 0.897583 -0.003174 -0.014160 0.079956
-0.328979 0.252441 0.847778 -0.007202 -0.067627 0.012085
-0.515869 0.072266 0.917969 -0.024414 0.004150 0.061157
-0.461060 0.088379 0.864868 -0.024170 -0.030151 -0.026123
-0.417603 0.103760 0.863281 -0.006470 -0.010864 0.036987
-0.587036 0.189209 0.942749 -0.031982 -0.064575 -0.013794
-0.562866 0.149536 0.934082 -0.030273 -0.031738 0.020020
-0.571533 0.168335 0.899292 -0.061523 -0.048950 0.022461
-0.550293 0.178223 0.913940 -0.065918 -0.072754 -0.019897
-0.474731 0.103516 0.930786 -0.046265 -0.046143 0.076050
-0.542847 0.161621 0.888306 -0.013672 -0.013428 0.125977
-0.498657 0.154419 0.901001 -0.002197 0.002197 0.141602
-0.516357 0.173584 0.936401 -0.042114 -0.018066 0.083374
-0.807007 0.422729 0.916138 -0.211670 -0.115845 -0.218018
-0.636230 0.213745 0.858154 -0.122192 -0.069702 -0.020142
-0.370361 0.053101 0.848755 -0.081421 -0.032715 0.038452
-0.573242 0.228394 0.923950 -0.160645 -0.046875 -0.091309
-0.427734 -0.008911 0.888428 -0.032715 -0.016235 0.027954
-0.629272 0.410156 0.885376 -0.162720 -0.046875 -0.117188
-0.434570 0.081421 0.891235 -0.035278 -0.005371 0.045166
-0.507202 0.160034 0.896484 -0.116089 -0.014526 -0.039795
-0.440918 0.088501 0.909058 0.002930 -0.009888 0.081787
-0.583862 -0.189087 0.974976 -0.097168 -0.004517 -0.003296
-0.464600 0.225708 0.905151 0.005615 0.000366 0.043091
-0.522827 0.039551 0.906982 -0.131836 0.009644 -0.075562
-0.516846 0.120117 0.887329 -0.032715 0.002075 0.013794
-0.489258 0.259521 0.908447 0.036377 -0.026733 0.035400
-0.499268 0.199463 0.910278 -0.040649 -0.003296 -0.056396
-0.187500 0.361328 0.689819 -0.143433 0.097900 0.019287
-0.452026 0.144531 0.909912 0.027954 -0.027344 0.059082
-0.458252 0.338379 0.814697 -0.091675 0.049072 0.083984
-0.495117 0.273682 0.902466 0.042603 -0.034912 0.037720
-0.554932 0.076660 0.960815 -0.107666 0.085815 0.017212
-0.447388 0.206787 0.960815 -0.078003 0.038574 -0.061646
-0.629028 -0.075073 0.961304 0.008789 -0.034302 -0.092773
-0.475830 0.133057 0.898804 -0.020264 -0.017700 -0.090454
-0.483154 0.396729 1.054565 -0.177124 0.250854 0.112427
-0.504028 0.254150 0.963989 0.005859 -0.072632 -0.249756
-0.059326 0.253662 0.597778 -0.051880 0.137451 -0.002197
-0.758789 0.124146 0.958984 0.001099 -0.004028 -0.115112
-0.397583 0.035400 0.845947 0.005371 0.029297 -0.027832
-0.202393 0.039551 0.747314 0.085693 0.171143 0.217651
-0.339722 0.193237 0.975830 0.046021 0.101318 0.028564
-0.869751 0.229004 0.983521 -0.008789 -0.059204 -0.242920
-0.256836 0.028076 0.822632 -0.024780 0.031860 -0.140015
-0.820557 0.217285 0.933716 -0.018066 -0.018433 -0.181396
-0.334351 -0.032959 0.838989 0.008545 0.062988 -0.025146
-0.804565 0.303345 1.123779 0.024048 0.024780 -0.005493
-0.284790 0.034790 0.791260 0.017578 0.024536 -0.089111
-0.546997 0.111816 0.900513 -0.020020 -0.020508 -0.110596
-0.537842 0.080444 0.889282 -0.019897 0.003784 -0.008789
-0.524048 0.080566 0.885742 -0.019531 -0.006104 -0.023438
-0.535156 0.083374 0.892944 -0.014038 -0.012939 -0.033325
-0.517090 0.081665 0.893066 -0.009888 -0.007080 -0.010986
-0.525879 0.093994 0.891235 -0.015503 -0.003906 -0.006592
-0.533203 0.086304 0.892822 -0.016479 -0.005493 0.000854
-0.534058 0.088135 0.893555 -0.013672 -0.006470 -0.007935
-0.527344 0.075195 0.894775 -0.012817 -0.003418 0.002686
-0.523071 0.083252 0.888428 -0.012573 0.001221 0.024170
-0.534302 0.098755 0.892090 -0.016846 -0.001465 0.025879
-0.536987 0.089233 0.892700 -0.015015 -0.003662 0.027954
-0.528687 0.092407 0.887207 -0.011841 -0.003662 0.030029
-0.530029 0.090576 0.886597 -0.007690 0.000488 0.067871
-0.526855 0.087402 0.885010 -0.009644 -0.001099 0.041626
-0.538696 0.111328 0.888184 -0.014648 -0.002075 0.024780
-0.527832 0.083740 0.891724 -0.022095 -0.006348 -0.028076
-0.529541 0.075439 0.890137 -0.015015 -0.006104 -0.017578
-0.532471 0.089478 0.888794 -0.012817 -0.006958 -0.002319
-0.520020 0.091797 0.888306 -0.013428 -0.005249 0.007202
-0.525146 0.095581 0.894287 -0.013184 -0.002808 0.031006
-0.534180 0.096680 0.889526 -0.013306 -0.002563 0.050293
-0.520874 0.088501 0.894775 -0.018188 -0.003418 0.015747
