-0.476563 0.048096 0.927124 -0.013428 -0.009399 -0.001343
-0.470337 0.062012 0.928711 -0.011353 -0.008667 -0.004272
-0.470093 0.063965 0.929199 -0.012573 -0.005615 0.011108
-0.476074 0.058228 0.924805 -0.016846 -0.006714 0.003052
-0.477173 0.071655 0.931519 -0.019531 -0.007202 0.000244
-0.475098 0.053345 0.929199 -0.022095 -0.005981 0.002930
-0.486084 0.065063 0.929443 -0.019043 -0.006958 0.006836
-0.479004 0.038696 0.933228 -0.018188 -0.010742 -0.006714
-0.481812 0.062256 0.927246 -0.008301 -0.012207 -0.007324
-0.466797 0.069824 0.925415 -0.013672 -0.014893 -0.015991
-0.467163 0.065674 0.928101 -0.018677 -0.009888 -0.013428
-0.488403 0.056885 0.927002 -0.020386 -0.008179 -0.015015
-0.491943 0.066406 0.927490 -0.021118 -0.018188 -0.035156
-0.476685 0.061035 0.931641 -0.031372 -0.028076 -0.078491
-0.453491 0.027832 0.926880 -0.022339 -0.020630 -0.063965
-0.471680 0.046753 0.934814 -0.003296 -0.009033 -0.038330
-0.481812 0.007080 0.928955 0.010498 -0.011963 -0.042725
-0.602539 0.212891 0.933228 0.034058 0.002808 -0.066772
-0.503296 0.250366 0.897583 0.082764 0.011719 -0.055542
-0.456299 0.028809 0.931030 0.006104 -0.005493 -0.118774
-0.488770 0.243286 0.956177 0.086914 0.012329 0.015747
-0.449219 0.001831 0.937378 -0.029541 -0.003174 0.040039
-0.562744 -0.095703 0.949951 0.052856 -0.010010 0.142090
-0.495972 0.038452 0.958862 0.021973 -0.009155 0.135986
-0.485229 0.143677 0.928467 0.014648 0.002808 0.166016
-0.702148 -0.011108 0.999390 0.016846 -0.044800 0.121582
-0.511719 0.089722 0.961670 -0.010254 -0.026611 0.150635
-0.444336 0.150513 0.984863 -0.015259 -0.072144 0.102539
-0.398804 0.036377 0.913330 -0.034058 -0.015015 0.125488
-0.489746 0.058350 0.942139 -0.011108 -0.017822 0.115112
-0.450317 0.088501 0.945557 -0.014771 -0.020996 0.108398
-0.604980 0.335327 0.988770 -0.079224 -0.045776 0.055054
-0.591431 0.248291 0.924438 -0.133789 -0.017334 0.101318
-0.372070 -0.245605 0.937500 -0.147339 -0.056274 0.014526
-0.413452 -0.020142 0.935791 -0.086670 -0.011108 0.028076
-0.492432 0.053223 0.946045 -0.092285 0.000610 -0.010498
-0.410156 0.389160 0.880493 -0.023926 0.005371 0.023682
-0.413574 0.353394 0.883545 -0.092285 0.004272 0.027100
-0.403198 0.337036 0.887817 0.000732 0.023560 0.134399
-0.440308 0.266235 0.924316 0.011597 -0.002319 0.081665
-0.477539 0.119019 0.945190 -0.045288 -0.009766 -0.032837
-0.467163 0.055176 0.932617 -0.057007 -0.017456 -0.078125
-0.463379 0.049438 0.935059 -0.046387 -0.022583 -0.083740
-0.450562 0.067017 0.940430 -0.033081 -0.021362 -0.061035
-0.453247 0.056641 0.933838 -0.024658 -0.006836 0.007202
-0.452026 0.056519 0.938354 -0.020020 -0.001953 0.027222
-0.464355 0.068115 0.939087 -0.017822 -0.002686 0.013672
-0.466675 0.084839 0.939819 -0.019409 -0.007446 0.014038
-0.465454 0.066650 0.939331 -0.023804 -0.008057 0.004517
-0.457642 0.037720 0.930664 -0.020508 -0.009888 0.009888
-0.468384 0.061890 0.940063 -0.005615 -0.004639 0.043457
-0.466797 0.079956 0.941772 -0.008179 -0.001587 0.057617
-0.596558 -0.044189 1.010498 0.005005 -0.023193 0.050415
-0.460693 0.067993 0.930298 -0.011230 -0.054688 -0.029053
-0.429443 0.062134 0.913574 -0.037231 -0.024536 -0.016235
-0.469360 0.033813 0.936279 -0.018188 -0.014282 0.008423
-0.482422 0.051758 0.959229 -0.000732 -0.018433 0.026123
-0.442139 0.106445 0.933105 -0.008667 -0.028564 -0.006104
-0.279419 0.219849 0.902344 -0.006958 -0.061157 -0.048828
-0.355347 0.012817 0.939453 -0.044312 -0.025024 -0.005249
-0.399902 0.044922 0.958496 -0.001709 -0.055786 -0.009888
-0.506592 0.025146 0.970459 -0.005981 -0.036011 0.011475
-0.486572 -0.002319 0.931396 -0.038696 0.001099 0.045532
-0.472656 0.030640 0.947998 -0.017456 -0.010986 0.046387
-0.454956 0.076050 0.950195 -0.003052 -0.010864 0.069336
-0.398560 0.118652 0.952759 -0.019165 -0.038452 0.052979
-0.534912 0.142334 0.983887 -0.032715 -0.024048 0.074951
-0.606201 0.157715 1.017334 -0.026001 -0.008911 0.124390
-0.571533 0.201294 0.967407 -0.001587 0.001099 0.180542
-0.488525 0.103394 0.956299 -0.008301 0.004028 0.159912
-0.461792 -0.061035 0.925903 -0.173584 -0.110840 -0.106812
-0.491577 0.122559 0.970337 -0.003906 0.006226 0.135986
-0.561523 0.254639 0.990234 -0.035278 -0.008423 0.114258
-0.568115 0.225342 0.937012 -0.070557 -0.041626 0.097778
-0.566040 0.310791 0.979248 -0.004517 0.004883 0.209717
-0.328735 -0.115845 0.923462 -0.084106 -0.037720 0.079956
-0.459351 0.130005 0.944824 -0.008667 0.004272 0.084717
-0.498535 -0.171265 0.964966 -0.150513 -0.005615 -0.060059
-0.593262 -0.019165 0.956665 -0.167358 0.019897 -0.064331
-0.528198 -0.213867 0.982666 -0.058594 0.028320 0.016235
-0.337402 0.356567 0.925415 -0.012573 0.030884 0.043701
-0.326172 0.083008 0.923340 -0.088501 0.029663 0.034058
-0.317871 0.275269 0.931152 -0.000244 -0.002808 -0.030884
-0.551514 -0.173218 0.965210 -0.131592 0.073364 -0.056763
-0.739624 -0.303467 1.157715 -0.067261 0.105469 -0.004028
-0.458984 -0.218506 1.246826 -0.083984 0.218872 0.071777
0.358276 0.214966 0.693237 0.018799 0.052734 -0.122803
-0.573120 0.144897 0.943115 0.031860 0.030640 -0.099854
-0.377319 0.182739 0.957520 -0.015747 0.118896 -0.007080
-0.583496 0.132080 0.968994 -0.014526 -0.004639 -0.122559
-0.437134 0.045166 0.927246 -0.043457 -0.004639 -0.152222
-0.617676 0.130005 0.968750 0.007690 0.050293 -0.044312
-0.522339 0.080566 0.951904 -0.009033 0.010010 -0.042114
-0.476807 0.041504 0.956177 0.000977 0.008911 -0.025879
-0.433838 0.010742 0.915771 -0.000610 0.003174 -0.038330
-0.466797 0.040405 0.943726 -0.010132 -0.004639 -0.044556
-0.474854 0.035889 0.938599 -0.006592 -0.004883 -0.014771
-0.466919 0.054688 0.939453 -0.002197 -0.003662 0.010132
-0.470703 0.069092 0.931641 -0.009033 -0.003662 0.006958
-0.465942 0.047485 0.932129 -0.017944 -0.004639 0.007446
-0.466675 0.045044 0.935669 -0.013916 -0.000732 0.031860
-0.473022 0.047852 0.930908 -0.010010 0.000122 0.039673
-0.469482 0.044434 0.929688 -0.008179 -0.000244 0.031738
-0.476074 0.060669 0.929199 -0.010376 -0.003540 0.017456
-0.477295 0.066040 0.937378 -0.017334 -0.004883 0.018066
-0.469116 0.043213 0.934814 -0.020264 -0.004883 0.009644
-0.477295 0.046631 0.930542 -0.017700 -0.006958 0.000488
-0.458984 0.046753 0.930176 -0.016235 -0.009277 -0.013550
-0.467407 0.059448 0.930908 -0.013428 -0.006714 -0.012329
-0.470337 0.055786 0.936523 -0.018921 -0.006592 -0.019653
-0.462280 0.044434 0.927979 -0.020752 -0.004028 -0.001709
-0.488281 0.060913 0.926392 -0.019653 -0.006104 -0.000977
-0.455078 0.037476 0.935059 -0.020874 -0.011841 -0.007568
-0.462769 0.048218 0.926147 -0.016113 -0.009277 0.009277
-0.462769 0.059448 0.930542 -0.018188 -0.004639 0.020508
-0.467896 0.039551 0.935303 -0.021240 -0.003296 0.012817
-0.472168 0.041382 0.927124 -0.014526 -0.003174 0.010010
-0.477539 0.058472 0.934326 -0.011230 -0.005005 0.009644
-0.476440 0.061646 0.933838 -0.017090 -0.005615 0.005127
-0.471069 0.049438 0.925049 -0.018921 -0.007446 0.005371
-0.470581 0.050903 0.931519 -0.019531 -0.007690 -0.007080
-0.466553 0.042114 0.934937 -0.018188 -0.006226 -0.007690
-0.470215 0.041992 0.931763 -0.014648 -0.006226 -0.004883
-0.465332 0.054565 0.930542 -0.013550 -0.004028 0.010864
-0.471191 0.061646 0.934570 -0.017944 -0.003784 0.009155
-0.467407 0.057129 0.929199 -0.021484 -0.004761 0.008301
-0.471802 0.061279 0.931519 -0.025146 -0.003540 0.001465
-0.476318 0.043945 0.931885 -0.025391 -0.005981 -0.004395
-0.473755 0.042603 0.929932 -0.020996 -0.006958 -0.005005
-0.461914 0.030151 0.934082 -0.011963 -0.004395 0.015259
-0.479980 0.060181 0.934082 -0.008789 -0.004517 0.018188
-0.479248 0.059326 0.934692 -0.019165 -0.008179 -0.006470
-0.458130 0.042480 0.931152 -0.026733 -0.010254 -0.025879
-0.463867 0.031372 0.936890 -0.022583 -0.008057 -0.010010
-0.471680 0.035034 0.927979 -0.015503 -0.006104 0.000122
-0.480835 0.056641 0.933716 -0.012207 -0.004272 0.008179
-0.479736 0.055176 0.934814 -0.017090 -0.008057 -0.005371
-0.473267 0.040405 0.933838 -0.018921 -0.009277 -0.012817
-0.466309 0.037476 0.930908 -0.016479 -0.008545 -0.007935
-0.471436 0.049927 0.938965 -0.015381 -0.005615 0.006592
-0.475952 0.049683 0.928711 -0.017212 -0.007080 0.005371
-0.471069 0.040527 0.931396 -0.018433 -0.009277 -0.002930
-0.460327 0.038330 0.927856 -0.014282 -0.005737 0.004272
-0.469727 0.047974 0.925781 -0.012085 -0.002197 0.015015
-0.473755 0.044312 0.931152 -0.012695 -0.001709 0.016724
-0.473267 0.039917 0.936890 -0.013306 -0.004028 0.014282
-0.475586 0.047852 0.931030 -0.010498 -0.005737 0.020020
-0.470093 0.049316 0.931030 -0.012451 -0.005493 0.015625
-0.476563 0.059448 0.931885 -0.018311 -0.005249 0.013794
-0.473877 0.049316 0.931030 -0.021973 -0.006714 0.004639
