0.383179 0.403320 0.909912 -0.024048 -0.029541 0.022339
0.395020 0.401611 0.904175 -0.031006 -0.042725 0.043457
0.417847 0.390869 0.908813 -0.032837 -0.046875 0.046875
0.441040 0.381470 0.905640 -0.028320 -0.038452 0.045410
0.437988 0.387329 0.905396 -0.021851 -0.022705 0.015137
0.417358 0.400513 0.900757 -0.022339 -0.015991 0.004395
0.413452 0.405518 0.908325 -0.026367 -0.014526 -0.007080
0.403198 0.396729 0.909058 -0.036377 -0.019409 -0.007568
0.422607 0.383667 0.902710 -0.038940 -0.025024 -0.009399
0.428345 0.374878 0.904297 -0.034546 -0.021240 -0.005615
0.433594 0.366211 0.904419 -0.025635 -0.014404 -0.013184
0.429077 0.380249 0.903687 -0.013428 -0.004517 -0.045166
0.418701 0.406128 0.899414 -0.014404 0.002930 -0.065674
0.399048 0.410278 0.903687 -0.030029 0.000366 -0.078491
0.396851 0.383423 0.908813 -0.036987 -0.010376 -0.053467
0.406860 0.384277 0.904663 -0.034424 -0.015381 -0.026123
0.407593 0.384155 0.909424 -0.028320 -0.014648 -0.006104
0.412720 0.382568 0.907715 -0.027832 -0.016968 -0.005371
0.426880 0.371338 0.911133 -0.017212 -0.013794 -0.019165
0.406738 0.407349 0.906006 -0.013306 -0.008789 -0.034058
0.394043 0.401611 0.908447 -0.027954 -0.016357 -0.035522
0.428955 0.340088 0.901733 -0.073730 -0.062256 0.002441
0.495972 0.216797 0.891846 -0.069702 -0.046997 -0.036743
0.357544 0.477783 0.921143 -0.027954 -0.032471 -0.019531
0.376831 0.408447 0.904053 -0.022583 -0.010864 -0.053467
0.327637 0.458618 0.927856 -0.036987 -0.033569 -0.002319
0.678467 0.293823 0.958618 -0.180542 -0.160645 0.037964
0.401733 0.273315 0.918091 -0.066528 -0.025269 -0.119141
0.425537 0.286133 0.925415 -0.183716 -0.088745 -0.031250
0.415161 0.232178 0.862427 -0.065796 -0.032104 0.005615
0.498657 0.274170 0.907349 -0.110596 -0.067261 0.126831
0.552124 0.072021 0.883667 -0.142700 -0.037231 0.059082
0.353882 -0.124146 0.824585 -0.117920 0.026001 -0.008423
0.619629 0.569702 1.029907 -0.038452 0.008667 0.116455
0.419312 0.430298 0.950195 -0.017090 0.034668 0.080566
0.560181 0.604736 1.058594 -0.074463 0.070557 0.062744
0.439819 0.427368 0.865479 -0.013428 0.049805 0.117798
0.572876 0.480469 0.967285 -0.014526 0.017456 0.144775
0.614014 0.416138 0.957764 -0.016602 0.090454 0.037354
0.708740 0.344849 0.963989 -0.004028 -0.030640 0.209351
0.484253 0.277344 0.933594 -0.007080 -0.000977 0.084961
-0.457520 0.795654 0.898193 0.079224 0.129028 -0.007813
0.291138 0.354980 0.905762 0.034790 -0.000977 0.055420
-0.122437 0.940430 0.856445 0.290894 0.215942 -0.034424
0.560669 0.265991 0.914673 0.052979 -0.022217 0.079956
0.367065 0.348022 0.979004 0.131958 0.015747 0.030029
0.628052 0.168701 0.928101 0.022827 -0.008057 -0.038330
0.544922 0.317993 1.000366 0.103271 0.031860 -0.047607
0.512817 0.304077 0.927246 0.002686 -0.008789 -0.030518
0.616455 0.156494 0.936401 0.211060 0.063843 -0.052368
0.202759 0.512573 0.955933 0.048096 0.074707 -0.078125
0.373413 0.375854 0.921753 -0.007202 0.014893 -0.063232
0.363892 0.398315 0.914551 -0.020264 -0.008789 -0.016846
0.427490 0.364990 0.913086 -0.024414 -0.020264 -0.001953
0.430786 0.369019 0.912720 -0.008301 -0.001831 -0.028076
0.382690 0.424316 0.912964 -0.014526 -0.007446 -0.004761
0.385254 0.388184 0.913452 -0.030273 -0.028076 0.041992
0.406006 0.379028 0.919312 -0.037964 -0.038818 0.112793
0.433228 0.363892 0.918091 -0.035645 -0.029297 0.148560
0.464844 0.416870 0.953125 -0.040405 -0.012207 0.110107
0.411865 0.411255 0.918091 -0.012573 0.011230 0.061279
0.367676 0.369263 0.910278 -0.020020 0.017944 0.011719
0.380981 0.389526 0.915894 -0.024658 -0.001831 0.050049
0.448242 0.335083 0.886841 -0.071289 -0.009277 0.038940
0.493408 0.591553 1.048218 -0.047485 -0.005615 0.074829
0.279175 0.148315 0.871338 -0.042603 0.029297 -0.066772
0.528809 0.670044 0.863159 -0.086060 0.055054 -0.022095
0.421753 0.209106 0.942505 -0.098999 0.011353 -0.058228
0.446167 0.533081 0.959839 -0.018311 0.009888 0.009521
0.392944 0.331177 0.896606 -0.069458 0.007080 -0.019043
0.421265 0.354126 0.915649 -0.046753 -0.003418 0.023438
0.475708 0.412476 0.975830 -0.044800 -0.000366 0.029419
0.388306 0.250488 0.907593 -0.059326 0.010376 -0.033447
0.372803 0.177368 0.881592 -0.075562 0.055664 -0.104248
0.400879 0.405640 0.947510 -0.000366 0.013062 0.044189
0.281616 0.370728 0.917358 -0.089600 0.106812 -0.168213
0.379028 0.338013 0.919556 -0.023193 -0.013428 0.075073
0.453979 0.417725 0.971558 -0.032715 -0.018311 0.080078
0.562744 0.410522 0.970581 -0.064209 0.061157 -0.048462
0.466064 0.424683 0.949341 0.000000 -0.029541 0.156250
0.310913 0.396240 0.945313 -0.024902 0.065430 -0.022583
0.489258 0.414063 0.956055 -0.013306 -0.028809 0.134277
0.475464 0.399048 0.968262 -0.020020 0.013550 0.052368
0.094727 0.380127 0.890015 -0.006226 0.072754 -0.000977
0.481689 0.366577 0.939819 -0.014282 -0.006348 0.107056
0.550781 0.290039 0.944946 -0.021240 0.020508 0.072144
0.464600 0.401855 0.949341 0.006836 0.020020 0.129883
0.535889 0.295654 0.946411 -0.008179 0.020386 0.095215
0.413452 0.325317 0.943481 0.007813 0.028442 0.056152
0.600586 0.192261 0.950562 0.028931 0.033569 0.034424
-0.192505 0.595459 0.891357 0.047852 0.150635 -0.034058
0.495728 -0.001831 0.879517 -0.000854 -0.005493 0.079224
0.454102 0.243652 0.938721 -0.043701 -0.067017 0.113647
0.460327 0.302002 0.942017 0.017700 0.000854 0.042480
0.312622 0.403198 0.936646 0.039917 0.039673 0.044434
0.201782 0.708008 0.944580 0.082764 0.052368 0.084351
0.673462 0.034912 0.925049 0.043457 0.012695 0.024658
0.408081 0.235840 0.960083 0.024414 -0.003418 0.008057
0.700317 -0.037720 0.948853 0.112183 0.056396 -0.062500
0.434814 -0.165771 0.861572 -0.005249 -0.018799 0.023071
0.182251 0.402466 1.049072 0.074219 0.027222 0.034058
0.441284 0.305054 0.927979 0.007813 -0.046021 0.056152
0.415039 0.622314 0.826904 0.087036 -0.002075 -0.000244
0.454712 0.209839 0.921143 -0.065430 -0.018066 -0.095337
0.405762 0.262573 0.895386 0.025757 0.008911 -0.113892
0.707031 0.997803 1.069336 0.145264 -0.061401 0.094727
0.193604 0.272461 0.786499 0.004639 0.011108 -0.081909
0.355957 0.241455 0.897095 -0.023071 -0.000244 -0.055298
0.347900 0.214355 0.719238 0.085693 -0.045898 0.023071
0.499512 0.353149 0.920776 -0.038086 -0.039795 -0.012939
0.438110 0.310669 0.915771 -0.027222 -0.017090 -0.047607
0.311157 0.296753 1.013672 0.129150 -0.033813 -0.038818
0.358765 0.265991 0.922363 -0.028442 0.025024 -0.088257
0.289063 0.261963 0.896973 0.007813 -0.006226 -0.052002
0.404785 0.406616 0.900269 -0.001343 -0.013916 -0.060547
0.458496 0.537964 0.930542 -0.002930 -0.022339 -0.038574
-0.128662 0.300903 0.890747 0.037231 -0.097656 0.010132
0.984131 0.510132 1.104492 0.015503 -0.192139 0.172241
0.133911 0.233643 0.895752 -0.008789 -0.032959 -0.056274
0.971069 0.565796 0.958740 0.011841 -0.087402 0.098877
0.295776 0.318237 0.871582 -0.001831 0.019531 -0.101196
0.849854 0.557861 0.921021 -0.003662 -0.053833 0.027466
0.209106 0.352539 0.894409 -0.022705 0.008789 -0.130249
-0.126465 0.028931 0.674438 0.006470 -0.306396 0.168945
0.535767 0.439575 0.896606 -0.038696 0.020996 -0.103882
0.402588 0.360840 0.914063 -0.012085 -0.008423 -0.143433
-0.502197 0.402222 0.661011 -0.018433 -0.135376 -0.020508
0.360962 0.488281 0.894043 -0.024658 0.030762 -0.122192
1.000732 0.131592 1.001831 -0.043213 -0.190674 0.015747
0.309937 0.305054 0.978516 -0.051880 -0.086548 -0.082520
0.286255 0.341919 0.901123 -0.019287 0.030884 -0.133545
0.462158 0.390625 0.911621 -0.012573 -0.043213 -0.033936
0.398438 0.381836 0.899902 -0.017212 -0.011597 -0.038452
0.415771 0.406372 0.902588 -0.014038 -0.011719 -0.011719
0.392822 0.413452 0.906982 -0.014893 -0.023193 -0.002075
0.403442 0.398315 0.904785 -0.021118 -0.028564 0.015869
0.432251 0.395752 0.899902 -0.020142 -0.032593 0.028931
0.431519 0.381348 0.902222 -0.018066 -0.021606 0.020874
0.432373 0.392578 0.903687 -0.009644 -0.011841 0.020874
0.419312 0.393677 0.902466 -0.005249 -0.008301 0.027832
0.423950 0.403198 0.900269 -0.008057 -0.007935 0.032837
0.411377 0.392578 0.904175 -0.009888 -0.010376 0.028931
0.422607 0.397095 0.897949 -0.010376 -0.011963 0.033203
0.423828 0.393555 0.905640 -0.010864 -0.007568 0.022461
0.429688 0.389526 0.900879 -0.010742 -0.003418 0.013916
0.423584 0.397949 0.903442 -0.008545 -0.000610 0.004028
0.398193 0.413086 0.900391 -0.015503 -0.005615 0.000244
0.414307 0.394775 0.898682 -0.023071 -0.018066 0.019531
0.428345 0.383545 0.903809 -0.018799 -0.015503 0.014404
0.420898 0.389038 0.899048 -0.016968 -0.012817 0.005371
