-0.295410 -0.041138 1.018311 -0.039917 -0.003662 -0.039063
-0.298096 -0.035889 1.016968 -0.011353 -0.011963 -0.042480
-0.300781 0.021118 1.017456 -0.011841 -0.021851 -0.078003
-0.285156 -0.008423 1.017334 -0.012207 -0.024780 -0.070313
-0.288330 -0.034546 1.027954 -0.001709 -0.023926 -0.035767
-0.291016 0.142578 1.018555 0.053467 -0.006104 0.032715
-0.300415 0.023804 1.017090 -0.026123 -0.010620 -0.037354
-0.289185 -0.059692 1.019287 0.012329 -0.011963 -0.027344
-0.302490 0.039307 1.016602 0.034058 -0.015381 -0.033447
-0.292114 0.052490 1.011475 0.011108 -0.021118 -0.065918
-0.291016 -0.008911 1.022949 -0.018555 -0.034302 -0.113892
-0.237915 -0.166748 1.029053 0.045410 -0.031616 -0.112305
-0.295654 0.232178 1.015259 0.113037 -0.010986 -0.051636
-0.282349 -0.084595 1.022949 -0.046753 -0.032593 -0.106567
-0.258789 -0.048828 1.020996 -0.015747 -0.029907 -0.049316
-0.273926 0.000732 1.016113 -0.002563 -0.019775 -0.022339
-0.281372 0.005615 1.021851 -0.002075 -0.015381 -0.025024
-0.283081 0.030396 1.016724 -0.014526 -0.018066 -0.035156
-0.272217 0.023438 1.021484 -0.029541 -0.015991 -0.044800
-0.272095 0.001343 1.022339 -0.033813 -0.011230 -0.039063
-0.281128 0.001465 1.024170 -0.035034 -0.009277 -0.033569
-0.279785 -0.008545 1.026489 -0.032837 -0.010620 -0.038208
-0.275024 0.002319 1.021606 -0.029907 -0.012939 -0.040405
-0.271851 0.021118 1.018555 -0.047363 -0.010742 -0.046997
-0.265991 -0.032959 1.019775 -0.043701 -0.005371 -0.040649
-0.264404 -0.036255 1.019409 -0.022949 0.000854 -0.006714
-0.265625 -0.028809 1.019775 -0.006226 0.010986 0.030396
-0.288452 -0.043579 1.021851 0.013428 0.011597 0.035278
-0.289429 -0.019653 1.018677 0.029175 0.001831 0.000610
-0.284668 0.005005 1.025024 0.032104 -0.003906 -0.001465
-0.278809 0.055908 1.021118 0.003052 -0.007324 -0.013672
-0.293701 0.059937 1.020386 -0.035767 -0.011353 -0.050781
-0.282837 -0.015137 1.022827 -0.041504 -0.019287 -0.070313
-0.308716 0.100830 1.031494 0.136841 0.008911 -0.012451
-0.279907 0.169067 1.006592 -0.008667 -0.007568 -0.098511
-0.160034 0.129272 0.976685 0.029663 -0.033447 -0.033203
-0.328247 -0.010620 1.034546 0.019531 -0.024414 -0.019531
-0.277954 0.031250 1.013550 -0.008179 -0.014404 0.052734
-0.285767 0.040527 1.022339 0.005005 -0.058472 0.012939
-0.265259 0.156006 1.005859 -0.030518 -0.044067 -0.011353
-0.287720 0.035278 1.031738 0.020020 -0.091309 -0.053833
-0.335815 -0.295044 1.077026 0.086792 -0.083984 -0.048340
-0.295288 -0.146851 1.029785 -0.000977 -0.006958 0.024170
-0.238403 -0.021851 1.015747 0.041016 -0.013672 0.088501
-0.384277 0.025146 1.114380 0.060303 -0.078979 0.058350
-0.245728 -0.034180 1.007202 -0.012939 0.013428 0.103516
-0.366943 -0.003296 1.047485 0.010498 -0.084351 -0.017090
-0.241699 -0.039307 1.028442 0.004883 -0.002686 0.036621
-0.739014 0.326538 1.037231 -0.048706 -0.164917 -0.149536
0.019409 -0.075928 0.978271 -0.009766 -0.001587 0.004517
-0.316772 0.027832 1.032715 0.010132 0.002563 0.071777
-1.173096 1.243042 1.018311 -0.261353 -0.178467 -0.173340
-0.353027 0.254150 1.035645 -0.008057 0.025269 0.067139
-0.472168 0.588623 1.035156 -0.163696 -0.041992 -0.005859
-0.192749 0.029663 1.026733 0.093140 0.023804 0.103638
-0.406738 0.944580 0.880615 -0.231567 0.026245 -0.024414
-0.160767 -0.864990 1.079590 0.051147 0.025635 0.127563
-0.523560 -0.649048 1.176392 -0.110718 0.010254 0.053223
-0.182983 -0.081665 0.991943 -0.045166 0.070801 0.119629
-0.330444 0.091675 1.021118 -0.042725 0.042969 0.054810
-0.485718 0.274780 0.979736 -0.152100 0.065308 0.035645
-0.393311 -0.006226 1.048828 0.017212 0.033447 0.125732
-0.223511 0.645386 0.922974 -0.080444 0.070068 0.073975
-0.126343 -0.472656 1.095215 0.050415 0.041870 0.067017
-0.271118 0.056641 1.014282 -0.012329 0.023071 0.043701
-0.265015 0.040405 1.022217 -0.037598 -0.011230 -0.018555
-0.296143 -0.000488 1.021606 -0.034424 -0.011475 -0.020386
-0.305420 -0.001465 1.020020 -0.024536 -0.020630 -0.017334
-0.286011 0.022583 1.015137 -0.022461 -0.028198 -0.029297
-0.291870 0.006348 1.018066 -0.010254 -0.034180 0.001221
-0.270264 0.038086 1.026123 -0.008423 -0.054932 -0.005615
-0.279419 0.009155 1.026367 -0.028687 -0.047852 -0.008179
-0.287720 0.011719 1.033081 -0.041870 -0.049316 -0.018799
-0.271851 -0.041992 1.014893 -0.029541 -0.039673 -0.034058
-0.267578 -0.029541 1.029297 -0.011230 -0.044678 -0.011108
-0.208862 -0.006104 1.015625 -0.002686 -0.048584 -0.006836
-0.447266 0.049927 1.049683 0.005981 -0.140137 -0.058594
-0.275879 0.063110 1.028931 -0.037476 -0.055664 -0.025024
0.089844 0.035522 0.955322 -0.063477 -0.091919 -0.107666
-0.315918 -0.083008 1.040039 -0.049805 -0.058228 -0.068115
-0.300537 -0.067017 1.036133 -0.003174 -0.030273 0.006348
-0.155029 -0.016235 1.016724 -0.002197 -0.040283 -0.015503
-0.311279 0.050049 1.041626 -0.031982 -0.064453 -0.054077
-0.229004 -0.010010 1.018433 -0.042480 0.005005 -0.003540
-0.712402 0.353638 0.993164 -0.099243 -0.148682 -0.157104
-0.085815 0.040039 0.993164 -0.071045 -0.025757 -0.036743
-0.411255 0.088745 1.047363 -0.063721 -0.061768 -0.029297
-0.281006 -0.042480 1.027466 -0.008789 0.019165 0.063599
-0.247559 -0.052734 1.033081 -0.007813 0.010864 0.041992
-0.275757 -0.000977 1.045166 -0.030151 -0.016235 0.025391
0.152100 -0.596436 0.987671 -0.019897 -0.016724 0.043823
-0.262329 -0.029175 1.038330 0.012451 0.011719 0.086792
-0.114868 -0.185303 1.026367 -0.045044 -0.029175 0.056152
-0.262817 0.011963 1.031128 0.031128 0.031860 0.151367
-1.019653 1.103760 0.963745 -0.242310 -0.145386 -0.091797
-0.285645 -0.013428 1.037964 0.035645 0.005249 0.091187
0.126465 -0.447632 0.999390 -0.070801 -0.006836 0.047485
-0.243164 0.036499 1.026855 0.011108 0.000854 0.088135
-0.038330 -0.417725 1.032959 -0.139160 -0.033936 0.032715
-0.230835 -0.161987 1.043457 -0.034912 0.006348 0.082275
-0.232422 0.239136 0.997559 -0.013794 0.008789 0.069092
-0.256958 0.129517 1.034546 0.010620 -0.007080 0.056152
-0.372681 0.030518 1.032715 -0.100098 0.006836 0.029175
-0.364014 -0.017212 1.051270 -0.059692 0.003418 0.083008
-0.186646 0.184937 1.016968 0.059204 -0.018311 0.055298
0.035645 -0.144165 1.000000 -0.159302 0.001099 -0.016235
-0.215454 0.044678 1.024658 -0.021729 0.001221 0.013428
-0.227417 -0.013184 1.028198 -0.037598 0.033203 0.019409
-0.126587 0.053467 0.961304 -0.059814 0.050293 -0.022827
-0.557861 -0.418579 1.126221 -0.082886 0.083252 -0.039307
-0.189575 0.019897 1.062378 -0.019409 0.086548 0.004761
-0.242065 0.194214 1.030151 0.023193 -0.010132 0.014526
-0.220093 0.093018 1.027954 -0.071289 0.000488 -0.051514
-0.277344 -0.031494 1.022583 -0.098999 0.001831 -0.056641
-0.151001 -0.079224 0.973633 -0.090454 0.022095 -0.025513
-0.381104 -0.048584 1.056763 -0.064087 -0.003540 -0.038452
0.655884 -0.184814 1.017334 -0.044189 0.081665 0.006348
-0.182739 -0.064087 1.024292 0.002686 -0.063721 -0.088135
-0.085205 -0.340698 1.037109 0.118530 0.159668 0.091675
-0.236206 0.026489 1.022583 -0.012329 -0.032227 -0.091064
-0.295410 0.045044 1.021973 -0.043213 -0.005249 -0.093628
-0.572754 -0.121338 1.196289 0.164551 0.224731 0.079224
-0.034058 -0.272095 0.995850 -0.049561 -0.060425 -0.171753
-1.562256 1.283936 1.154053 0.320190 0.278442 0.163452
-0.117798 -0.105225 1.012207 -0.028198 -0.036377 -0.108398
-0.257080 0.023560 1.018311 -0.044556 0.001587 -0.113159
-0.276978 -0.064331 1.018677 -0.063599 0.004639 -0.110474
-0.239258 -0.126221 1.009033 -0.026001 0.014893 -0.051147
-0.551270 0.210083 1.010620 0.105835 0.085449 -0.006958
-0.406738 0.087280 1.033325 0.096924 0.045410 -0.001587
-0.265747 -0.016724 1.016357 0.015015 -0.009888 -0.033813
-0.276001 0.019531 1.013550 -0.014038 -0.001099 -0.030640
-0.285400 -0.020630 1.016479 -0.030151 0.002441 -0.042358
-0.299438 -0.026367 1.021240 -0.026611 0.000122 -0.044312
-0.297363 -0.032471 1.019775 -0.021729 -0.003662 -0.033081
-0.292725 -0.056763 1.018555 -0.007446 -0.006226 -0.022949
-0.286377 -0.044678 1.018311 0.019043 -0.005127 -0.006348
-0.280273 -0.002686 1.018799 0.022827 -0.006226 0.007568
-0.300171 0.039917 1.014648 0.007568 -0.003418 -0.002808
-0.284912 -0.008179 1.018921 -0.009033 0.000977 -0.003540
-0.280884 -0.029053 1.015991 -0.006836 0.006104 0.017578
-0.287109 -0.053833 1.013428 0.010864 0.012695 0.050293
-0.288818 0.002808 1.024170 0.025757 0.011597 0.079102
-0.272217 -0.071167 1.015381 0.030151 0.022339 0.089722
-0.258423 0.001953 1.013428 0.052368 0.040039 0.144653
-0.314087 0.266724 0.998779 -0.031006 0.057861 0.164185
-0.109985 -0.128174 1.286133 -0.161377 0.088867 0.134399
-0.084961 0.115967 1.119873 -0.027344 0.316650 0.095093
-0.337280 0.169434 0.937988 -0.139282 0.326172 0.067627
-0.382568 0.057251 0.967896 -0.197998 0.265747 -0.033936
