-0.495850 -0.120361 0.899536 -0.039429 -0.027100 0.054199
-0.515625 -0.054199 0.891846 0.006226 -0.019409 0.071777
-0.511230 0.003052 0.915649 -0.002441 -0.008789 0.079834
-0.513428 0.033936 0.908691 -0.035034 -0.001465 0.072876
-0.542114 -0.026489 0.878296 -0.065552 -0.009277 0.063599
-0.530029 -0.072998 0.886108 -0.054565 -0.024536 0.073242
-0.538452 -0.097412 0.880249 -0.016479 -0.038818 0.096191
-0.538574 -0.067017 0.883301 0.009766 -0.067627 0.126587
-0.525024 -0.056641 0.891846 0.034302 -0.101196 0.141235
-0.518921 -0.071777 0.904175 0.064209 -0.105103 0.144775
-0.518311 -0.010742 0.913208 0.090820 -0.120483 0.137451
-0.482788 -0.017944 0.951904 0.088013 -0.122314 0.139282
-0.722412 0.263550 0.921265 0.071289 0.003540 0.038086
-0.554443 0.133423 0.916504 -0.038330 0.005615 -0.002808
-0.524414 -0.023926 0.922363 -0.091675 -0.008667 -0.028931
-0.513550 -0.077148 0.913696 -0.074585 -0.030640 -0.047119
-0.480713 -0.055908 0.915283 -0.022095 -0.027588 -0.027100
-0.482910 -0.015869 0.918945 0.003906 -0.014771 -0.007446
-0.497681 0.013550 0.914185 0.004150 -0.008911 -0.012573
-0.500000 0.005981 0.917725 -0.004028 -0.010986 -0.019287
-0.492554 -0.009644 0.914795 -0.006714 -0.010498 -0.020264
-0.493896 -0.004150 0.918335 -0.004639 -0.003418 -0.001099
-0.513672 -0.008423 0.917358 -0.007568 -0.006104 -0.001953
-0.517212 0.000977 0.921509 -0.010254 -0.016235 -0.018311
-0.507202 0.008911 0.912354 -0.013672 -0.021362 -0.024536
-0.495728 0.012573 0.916138 -0.022217 -0.026489 -0.028931
-0.482422 -0.005615 0.921265 -0.032227 -0.021973 -0.033936
-0.459595 -0.069336 0.917603 -0.024292 -0.009033 -0.017212
-0.486450 -0.041382 0.916138 0.005371 0.009277 0.028931
-0.504883 -0.005127 0.917358 0.016602 0.014648 0.039551
-0.501587 0.012329 0.915405 0.010986 0.007324 0.021729
-0.505493 0.030762 0.917725 -0.002075 0.000977 0.004517
-0.500366 -0.004761 0.917725 -0.016724 -0.005981 -0.015625
-0.501953 -0.018066 0.917847 -0.011597 -0.008789 -0.020630
-0.485840 -0.027954 0.917969 -0.001099 -0.005127 -0.001343
-0.499634 0.009033 0.915527 0.007080 -0.002075 0.012207
-0.501587 0.020508 0.915649 -0.002319 -0.004028 0.006226
-0.500854 0.021484 0.920044 -0.018311 -0.005981 0.000366
-0.502075 -0.010010 0.914185 -0.027954 -0.008179 -0.015869
-0.501953 -0.002930 0.915527 -0.017090 -0.012085 -0.029175
-0.484985 -0.043091 0.914307 -0.008179 -0.015137 -0.037109
-0.472656 -0.037964 0.914185 0.010010 0.001221 -0.022339
-0.493286 -0.029175 0.917236 0.030029 0.005615 -0.009399
-0.509644 0.013428 0.920532 0.025024 -0.002930 -0.012573
-0.528442 0.046509 0.914551 0.004272 -0.017212 -0.055054
-0.575928 0.283569 0.937744 0.212769 -0.034790 -0.027832
-0.407959 -0.442749 0.898804 0.092407 -0.033936 -0.058960
-0.446533 -0.295532 0.925293 -0.041626 -0.034668 -0.085693
-0.533325 -0.883057 0.977173 0.108032 -0.005859 0.026978
-0.637451 -0.327515 0.944946 -0.011475 0.016602 0.019775
-0.544922 -0.074951 0.935913 0.030273 -0.000488 0.075562
-0.796509 -0.513550 0.972412 0.137451 -0.062744 0.039795
-0.520996 -0.155151 0.927856 0.068970 -0.064209 0.025513
-0.444458 0.009399 0.905273 -0.006470 -0.030640 0.035034
-0.421387 0.009766 0.868896 0.022583 -0.082764 0.010254
-0.357300 0.242554 0.918701 0.061523 -0.070068 0.095459
-0.416382 0.057861 0.918335 -0.019409 -0.024536 0.097534
-0.617676 -0.022095 0.977661 -0.007324 -0.022339 0.122803
-0.642090 0.036621 1.000244 0.011963 0.000122 0.212280
-0.776489 0.381226 0.950439 -0.019043 -0.018677 0.188599
-0.370850 -0.282837 0.921021 -0.085205 -0.031006 0.125488
-0.388306 -0.232178 0.889160 -0.167236 0.013184 0.044556
-0.690674 0.508423 0.894287 -0.137451 0.062866 0.001953
-0.610107 0.031860 0.946899 -0.074219 0.074463 0.080078
-0.775757 0.358032 0.781250 -0.206665 0.072754 0.109375
-0.368164 0.304810 0.800659 -0.066650 0.047485 0.126099
-0.467163 0.394043 0.909790 0.041260 0.005981 0.073364
-0.653564 -0.048950 0.941406 -0.050171 0.000977 -0.009399
-0.514404 0.021729 0.922729 -0.058838 -0.023315 -0.042114
-0.496094 -0.000122 0.918335 -0.055664 -0.026489 -0.041138
-0.486816 -0.025757 0.922974 -0.042969 -0.025513 -0.049438
-0.463501 -0.020508 0.923462 -0.010620 -0.015381 -0.002563
-0.495850 0.028687 0.922363 -0.001221 -0.012451 0.034302
-0.528320 -0.007446 0.937012 -0.005859 -0.016846 0.047729
-0.362915 0.132690 0.897217 0.036011 -0.045410 0.056396
-0.256226 0.336670 0.877441 0.030029 -0.060791 0.039673
-0.251465 0.282715 0.897583 0.029541 -0.066895 0.024414
-0.455688 -0.046509 0.906372 0.032715 -0.072266 0.006348
-0.305298 0.101318 0.875000 -0.027588 -0.029663 -0.017944
-0.549805 -0.038330 0.925781 0.010742 -0.050415 -0.037598
-0.482666 -0.022949 0.949585 0.039063 -0.042480 0.027222
-0.504639 0.087646 0.899170 0.046509 -0.039429 0.020142
-0.598633 -0.006348 0.957520 0.008789 -0.012207 0.065308
-0.279053 0.020630 0.923706 -0.011597 -0.114014 -0.005371
-0.484741 0.006348 0.929443 -0.022461 -0.005371 0.141357
-0.630371 0.252075 0.896606 -0.032715 -0.081055 0.072144
-0.562744 0.190430 0.907227 -0.004028 -0.021362 0.153809
-0.570313 0.127563 0.971802 -0.030151 -0.023926 0.096069
-0.555176 0.095825 0.972290 -0.017090 -0.019897 0.130493
-0.682251 0.286255 1.038818 -0.019287 0.008911 0.158569
-0.464722 0.268433 0.955566 0.022339 0.015259 0.181885
-0.370972 -0.670044 0.927246 -0.190918 -0.026489 0.003662
-0.402344 -0.316406 0.923828 -0.107666 0.000977 0.058105
-0.522583 -0.168091 0.904419 -0.111694 -0.014282 0.045776
-0.449707 -0.268799 0.940674 -0.130737 0.019897 0.027710
-0.512329 0.046997 0.931763 0.002808 0.010986 0.049805
-0.579346 0.078003 0.926147 -0.148315 0.033325 -0.038086
-0.385010 0.138672 0.923706 0.005005 -0.003418 0.025635
-0.442383 -0.553223 1.002563 -0.172729 0.052979 0.047729
-0.414307 0.311768 0.862549 0.030273 0.034302 0.063110
-0.570313 -0.288452 0.987183 -0.142090 0.045654 0.000610
-0.424072 0.116211 0.920166 0.037109 -0.016357 0.024658
-0.462769 0.114990 0.896851 -0.020142 0.003052 -0.022583
-0.974365 -0.648682 1.107300 -0.185059 0.111572 -0.035645
-0.042236 0.347656 0.619507 -0.055298 0.035034 -0.100342
-0.963623 -0.168701 1.103271 -0.034912 0.149170 -0.010254
-0.872803 -0.161011 0.992188 0.009644 0.111694 0.047119
-0.399414 0.041626 0.836670 0.004639 0.067505 0.026367
-0.298706 0.141968 0.866577 0.021606 0.057251 0.009521
0.000488 0.308838 0.704224 -0.036255 0.097900 0.002441
-1.047241 0.454590 1.223145 0.095947 0.142212 0.120117
-0.203125 0.155396 0.883789 0.001465 0.131714 0.099976
-0.390137 0.161377 0.893188 0.021362 -0.044922 -0.070679
-0.459473 0.100830 0.909790 -0.001221 -0.000610 -0.024414
-0.512207 0.068237 0.908813 -0.015137 0.011841 -0.041748
-0.515625 0.006592 0.915283 -0.022339 0.014282 -0.021851
-0.501343 0.016968 0.910522 -0.007202 0.013184 0.017212
-0.536865 0.059326 0.908081 -0.001953 0.007446 0.032349
-0.522949 0.052490 0.909668 -0.010376 -0.000854 0.025635
-0.510010 0.038086 0.909790 -0.011841 -0.002808 0.030029
-0.500610 0.062378 0.905273 -0.011963 0.003296 0.033569
-0.519043 0.033447 0.904175 -0.012939 0.007690 0.035645
-0.522949 0.024048 0.902222 0.000732 0.001099 0.027954
-0.504883 0.076782 0.904175 0.002563 -0.001099 0.032471
-0.512939 0.069336 0.903564 -0.014771 0.002441 0.030396
-0.522217 0.042358 0.903320 -0.025269 0.000732 0.016968
-0.524658 0.022217 0.899658 -0.015503 -0.002808 -0.001953
-0.506836 0.040771 0.900757 -0.006470 -0.004395 -0.004517
-0.524414 0.057495 0.905884 -0.009766 -0.000610 0.010620
-0.520630 0.056885 0.903687 -0.021729 -0.002930 0.005493
-0.520874 0.042480 0.906128 -0.024658 -0.003906 0.003906
-0.526123 0.030762 0.900879 -0.021118 -0.005005 0.007324
-0.528320 0.058105 0.899902 -0.015137 -0.012207 -0.001343
-0.510498 0.059814 0.902710 -0.021240 -0.018066 -0.017456
-0.505249 0.046631 0.901489 -0.030029 -0.012207 -0.020508
-0.506470 0.019043 0.905518 -0.026978 -0.008179 -0.010132
-0.520386 0.033447 0.904541 -0.011108 -0.006714 0.000977
-0.524292 0.052734 0.901489 -0.008423 -0.009521 -0.001343
-0.501587 0.051270 0.902588 -0.012085 -0.009766 0.000366
-0.511963 0.057739 0.907104 -0.017334 -0.002808 0.008301
-0.527100 0.053345 0.903076 -0.021606 -0.003906 -0.007690
-0.526489 0.044678 0.903442 -0.018311 -0.012085 -0.010620
-0.519653 0.043335 0.903931 -0.016235 -0.014648 -0.009399
-0.512329 0.039185 0.907104 -0.017334 -0.013672 -0.008179
-0.513672 0.045044 0.906494 -0.013672 -0.012207 -0.002808
-0.507813 0.049316 0.901978 -0.011597 -0.009033 0.008057
-0.513306 0.050659 0.905029 -0.013062 -0.005737 0.019043
-0.524780 0.054688 0.907471 -0.015625 -0.009766 0.013672
-0.521973 0.053345 0.902588 -0.017944 -0.012085 0.005737
-0.503418 0.038330 0.903198 -0.015381 -0.007080 0.008423
