-0.359131 0.113892 0.996460 -0.024170 -0.009644 -0.036133
-0.348999 0.088745 0.985718 -0.034668 -0.007690 -0.051025
-0.347778 0.072266 0.988037 -0.030151 -0.003784 -0.019653
-0.346313 0.044678 0.992310 -0.014893 -0.001465 -0.003784
-0.353516 0.057617 0.993408 0.001709 -0.001099 -0.002808
-0.371826 0.084961 0.986206 0.004639 -0.009033 -0.011353
-0.337158 0.104370 0.988159 -0.011963 -0.009644 -0.028198
-0.340698 0.126587 0.988403 -0.040283 0.003174 -0.037231
-0.371704 0.101685 0.990845 -0.061646 0.002930 -0.082520
-0.380127 0.048706 0.988525 -0.054321 -0.011230 -0.112305
-0.361572 0.068359 0.986816 -0.036621 -0.014771 -0.106201
-0.346558 0.068359 0.982300 -0.031860 -0.010986 -0.133545
-0.360229 0.056763 0.992554 -0.025269 -0.008911 -0.122681
-0.372803 0.070557 0.987427 -0.025024 -0.014038 -0.118286
-0.367065 0.034180 0.992188 -0.011841 -0.026733 -0.151367
-0.258667 0.548218 0.979126 0.052490 -0.026245 -0.089966
-0.387085 0.080933 0.997437 -0.036743 -0.025757 -0.166260
-0.229980 -0.489746 0.935425 0.239258 0.006592 0.019775
-0.062256 -0.293335 0.986328 -0.096069 0.000610 -0.119751
-0.252808 -0.133057 0.997070 -0.038208 -0.008057 -0.002563
-0.187378 0.208496 0.962402 0.072998 -0.025635 0.053223
-0.387817 0.062744 0.998901 -0.014526 -0.014282 0.028687
-0.327637 0.187622 0.962646 -0.021118 0.011719 0.125854
-0.719238 0.007324 1.070557 0.017456 -0.126343 -0.016357
-0.442383 -0.161743 0.954102 0.012085 -0.053223 0.041138
-0.437744 -0.004028 1.006714 -0.024048 -0.002808 0.077026
-0.191406 0.056152 0.960693 0.018311 -0.033813 0.034180
-0.370850 0.084351 1.004272 0.010010 -0.002563 0.066528
-0.335449 0.085205 0.990479 -0.003662 0.018677 0.105835
-0.393311 0.096924 0.999756 -0.017090 0.015625 0.102295
-0.136841 -0.192383 0.963257 -0.059326 -0.026245 0.021606
-0.372314 0.133423 0.996338 -0.005493 0.016113 0.107788
-0.447998 0.273682 1.055786 -0.064331 -0.036133 0.082275
-0.335083 0.003296 0.985229 -0.132813 -0.042358 0.024780
-0.370117 0.093872 1.000244 -0.055908 -0.014282 0.098389
-0.248413 -0.188843 0.964111 0.001587 0.020386 0.227661
-0.205933 -0.021118 0.970703 -0.046753 -0.007446 0.122803
-0.228882 -0.041382 0.985840 -0.058350 -0.000977 0.148804
-0.330322 0.084595 0.990601 -0.244263 0.003540 0.119995
-0.499634 0.401611 1.016846 -0.149414 0.014648 0.182739
-0.409424 -0.200806 1.033936 -0.163208 -0.022583 0.066528
-0.300293 -0.114990 1.029419 -0.221313 0.013916 0.018188
-0.347778 0.134521 0.984131 -0.114258 0.040405 0.054321
-0.173340 0.064941 0.943237 -0.165283 0.041992 -0.068481
-0.429321 -0.035767 1.036133 -0.042358 0.001343 0.001099
-0.366455 0.061401 0.995972 -0.090088 0.003174 -0.056396
-0.384277 -0.007935 0.992432 -0.081909 -0.009277 -0.082764
-0.377441 -0.044678 0.993286 -0.040039 -0.027222 -0.053345
-0.351563 -0.033813 1.000122 0.007935 -0.033936 -0.008179
-0.354980 0.077148 0.998047 0.018433 -0.042114 -0.033325
-0.347534 0.043945 1.001221 0.019653 -0.041138 -0.034668
-0.175537 0.390381 0.913940 -0.008667 -0.053101 -0.123169
-0.345337 0.016724 1.010132 -0.013916 -0.038208 -0.121216
-0.489624 -0.152222 1.014160 0.060547 -0.102173 -0.101196
-0.528687 -0.046753 1.077271 -0.013428 -0.075073 -0.059937
-0.312012 0.023071 0.971558 0.001831 -0.036621 -0.013916
1.069702 1.037109 0.793457 -0.029297 -0.028809 -0.046997
-0.380737 0.069946 1.008423 -0.020752 -0.024414 -0.060059
-0.487549 -0.111206 1.089722 0.045288 -0.133057 -0.125610
-0.342407 -0.016846 1.003906 0.019165 -0.039429 -0.045776
-0.345093 -0.049683 1.009155 0.005493 -0.032471 -0.050781
-0.284912 0.001099 0.987061 -0.007813 -0.003906 -0.001587
-0.336426 0.021362 1.000122 0.002075 0.000977 0.021729
-0.322021 0.036865 1.002686 0.000854 0.003540 0.023438
-0.293213 0.021851 0.990967 0.001953 -0.004639 0.031982
-0.325806 0.045044 0.994507 -0.002808 0.005249 0.045776
-0.344849 0.060181 0.995850 -0.015137 -0.006226 -0.002808
-0.337524 0.049927 0.995239 -0.026489 -0.007080 -0.022095
-0.338867 0.017700 1.000000 -0.025146 -0.015259 -0.018677
-0.333008 -0.002930 1.010010 -0.007935 -0.017700 0.005005
-0.359375 0.039551 1.012695 -0.011963 -0.054443 -0.005737
-0.319580 -0.028442 1.004150 0.032959 0.002197 0.070801
-0.283081 -0.043335 0.996948 0.029785 -0.011719 0.045898
-0.356323 0.074463 1.001465 0.016724 -0.008423 0.039063
-0.377441 0.106445 1.006226 -0.008789 -0.025513 0.018799
-0.308472 0.076782 0.999512 0.021118 -0.005493 0.005737
-0.333984 0.075562 1.012573 0.012939 -0.003418 0.009521
0.064209 -0.493042 0.958496 -0.014038 -0.008789 0.029297
-0.394287 0.112061 1.035034 -0.054443 -0.030762 0.030029
-0.447144 0.190430 1.024780 0.060669 0.003662 0.109131
-0.391724 0.258057 1.001221 -0.086426 -0.052612 -0.009277
-0.333008 0.127808 0.998047 0.009155 -0.012573 0.023804
-0.316284 0.069458 1.002808 -0.003540 -0.013184 0.006348
-0.320068 0.076538 1.019531 -0.039917 -0.010742 0.040039
-0.021362 -0.878052 1.034180 -0.013428 0.008667 0.166504
-0.354736 0.307495 0.997681 -0.109375 0.001221 0.114258
-0.617310 0.522705 0.965210 -0.138672 -0.060425 0.009766
-0.360474 0.249634 1.009399 0.052002 0.003174 0.108643
-0.437622 0.338379 0.976074 -0.168701 -0.026001 -0.044189
-0.247803 0.075439 0.995850 -0.068970 0.011597 0.022583
-0.218872 -0.568359 1.006714 -0.020020 -0.031982 -0.016724
-0.311768 0.220337 0.977905 -0.079224 0.021118 -0.065674
0.034668 -1.110352 1.049683 0.023682 0.021851 0.066284
-0.213379 0.286743 0.958984 -0.063110 0.059204 -0.005493
-0.320801 0.107422 1.031494 0.050049 0.010010 0.044922
-0.243652 0.467896 0.804810 -0.361328 0.071533 -0.088989
-0.133301 -0.421997 1.046265 0.051514 -0.033203 0.001343
-0.249878 0.200195 0.982788 -0.023438 0.003906 -0.056519
-0.305786 0.069336 1.002808 -0.047363 0.008057 -0.091919
-0.276978 0.010864 0.956177 -0.088989 0.078369 -0.061523
-0.271484 -0.007446 0.975952 0.002808 0.010864 -0.046753
0.265625 0.521973 0.737793 -0.147583 0.150635 -0.013550
-0.315308 0.044556 1.080811 -0.026367 -0.008545 -0.026978
-0.296021 0.114746 0.988525 -0.007324 -0.012329 -0.084839
-0.352539 0.090698 0.997681 -0.083374 -0.009766 -0.139282
-0.350220 -0.036743 1.001587 -0.091431 -0.019043 -0.140137
-0.317993 -0.099854 1.012817 -0.041626 -0.015503 -0.044312
-0.073608 0.102417 0.781738 -0.067383 0.111816 0.052856
-0.347412 0.036011 1.048218 0.040039 -0.030029 -0.010010
-0.304077 0.145020 0.996582 0.011963 -0.004272 -0.012939
-0.355225 0.100342 0.996338 -0.054321 0.003418 -0.089233
-0.359497 -0.064209 1.000000 -0.066772 -0.006958 -0.143311
-0.344238 -0.140869 1.002930 0.001587 -0.017090 -0.063599
-0.314697 -0.015259 0.996094 0.030396 -0.012573 -0.032227
-0.314331 -0.000854 0.989502 0.020508 0.008667 -0.057007
-0.320068 -0.018188 0.993286 0.023560 0.034302 -0.037842
-0.403931 0.018066 1.013306 0.023682 -0.002441 -0.029419
-0.315918 0.047119 0.992676 -0.009644 -0.006592 -0.031372
-0.331543 0.031006 0.996216 -0.044800 -0.005249 -0.063599
-0.257568 -0.062744 0.955322 -0.030762 0.036133 -0.059814
-0.701172 0.333740 1.017090 -0.032104 -0.075439 -0.158936
-0.387573 0.065918 0.998169 0.026733 -0.008545 -0.049927
-0.350464 0.020264 0.995728 0.026733 -0.005371 -0.013184
-0.348145 0.048584 0.998169 -0.003662 -0.002319 -0.003662
-0.349731 0.040527 0.995117 -0.029663 -0.000122 0.006592
-0.372437 -0.020264 0.995850 -0.045776 -0.009888 -0.066650
-0.356567 -0.089966 0.992310 0.012207 -0.006104 -0.084717
-0.335327 0.064087 1.050659 0.124878 0.095703 0.063110
-0.358032 0.048218 0.999390 0.039673 -0.024414 -0.023682
-0.341553 0.076050 0.997925 0.001343 -0.014771 -0.032104
-0.343506 0.069336 0.994751 -0.046021 -0.013794 -0.058228
-0.343628 0.002319 0.994507 -0.062378 -0.004395 -0.052002
-0.360962 -0.058960 0.991577 -0.047852 -0.009399 -0.047852
-0.354858 -0.057739 0.992188 -0.011963 -0.017822 -0.054321
-0.339844 -0.028320 0.992065 0.019043 -0.007324 -0.027466
-0.301880 -0.026978 0.993286 0.031494 0.022461 0.012817
-0.328857 -0.005005 0.997803 0.023926 0.031982 0.053345
-0.369995 0.025391 0.992432 0.015869 0.020508 0.057495
-0.367432 -0.025635 0.993164 0.017090 0.014404 0.036621
-0.340088 -0.010864 0.991577 0.025024 0.008179 0.034302
-0.382690 0.053223 0.987427 0.018066 0.003174 0.040771
-0.344727 0.024048 0.992432 -0.002930 0.001953 0.048096
-0.331177 0.056396 0.990479 -0.029907 0.009277 0.042114
-0.336426 0.049561 0.987427 -0.050171 0.032715 0.078735
-0.046265 -0.308838 0.872070 0.100098 0.221924 0.359863
-0.123413 0.054199 1.195679 -0.104614 0.152832 0.116455
-0.386719 0.222046 1.104126 -0.202881 0.300659 -0.111206
-0.451660 0.041138 0.866943 -0.222778 0.206543 -0.178467
-0.435669 -0.026611 0.926880 -0.213135 0.113159 -0.169678
-0.449097 -0.047607 0.935059 -0.215576 0.089844 -0.157959
