-0.513672 0.058228 0.897095 -0.017700 -0.016357 -0.012939
-0.508911 0.067505 0.898560 -0.011108 -0.008911 0.007324
-0.514282 0.087280 0.899414 -0.014526 -0.003784 0.021851
-0.525879 0.063599 0.898804 -0.019165 -0.003296 0.005615
-0.515991 0.054077 0.897583 -0.012939 -0.005371 -0.015137
-0.515747 0.067383 0.902222 -0.008179 -0.000977 0.007935
-0.525024 0.075317 0.896118 -0.011353 -0.003418 0.021973
-0.529907 0.069946 0.894653 -0.013672 -0.009277 -0.013916
-0.506470 0.062866 0.898438 -0.011597 -0.009155 -0.032837
-0.514282 0.075928 0.897583 -0.009033 -0.002075 -0.003540
-0.539063 0.076172 0.895020 -0.013794 -0.005127 -0.024048
-0.530029 0.074097 0.896729 -0.018311 -0.014404 -0.072266
-0.519531 0.060181 0.903809 -0.019043 -0.015625 -0.087769
-0.515503 0.075195 0.905884 -0.018921 -0.011475 -0.068726
-0.545410 0.073242 0.896484 -0.026733 -0.012085 -0.088745
-0.581543 0.178223 0.903564 -0.017456 -0.016235 -0.094849
-0.506348 0.018066 0.898193 -0.030396 -0.022217 -0.094727
-0.495239 0.035034 0.905762 -0.002197 -0.007813 0.012939
-0.523804 0.044312 0.911987 0.011719 0.004395 0.078003
-0.537598 0.878052 0.890869 0.191406 0.010132 0.250854
-0.514771 -0.076904 0.902222 0.080566 -0.012329 0.133911
-0.316040 0.117920 0.808716 0.034058 -0.053711 0.033691
-0.450562 0.137085 0.888672 0.037842 -0.013062 0.175049
-0.434448 0.216431 0.854980 0.034546 0.004517 0.199951
-0.655029 0.051880 0.978516 0.012695 0.006836 0.182861
-0.394287 0.123291 0.810913 0.025757 -0.060181 0.062012
-0.475098 0.104492 0.902954 -0.006104 -0.059082 0.007202
-0.471313 0.172241 0.882690 0.001343 -0.049683 0.009766
-0.544922 0.062012 0.923096 -0.021606 0.008911 0.128174
-0.670532 0.123657 0.849731 -0.049683 -0.089233 -0.016357
-0.509277 0.094849 0.927490 -0.054077 -0.024414 0.081543
-0.359375 -0.009888 0.872925 -0.052979 -0.041748 0.059570
-0.492798 -0.006592 0.905273 -0.052979 -0.036255 0.080811
-0.556885 0.333252 0.893433 -0.041504 -0.008911 0.117554
-0.503906 0.427124 0.813477 -0.097290 -0.023315 0.023071
-0.589478 0.396851 0.913696 -0.046753 0.026245 0.179688
-0.366089 -0.245117 0.911011 -0.141968 0.003174 -0.014771
-0.412842 -0.190796 0.864868 -0.070923 0.005737 -0.065674
-0.566406 -0.093384 0.995117 -0.047363 0.027588 0.021606
-0.310059 0.393311 0.823242 -0.044189 0.051514 0.067139
-0.475952 0.410767 0.897949 0.025269 -0.005371 0.093994
-0.510010 0.154541 0.902222 -0.055054 0.002197 -0.029663
-0.507935 0.030884 0.907593 -0.054077 -0.005615 -0.064087
-0.502808 0.049683 0.909790 -0.023682 -0.010620 -0.036865
-0.500366 0.065063 0.905884 0.000122 -0.001465 0.058594
-0.505005 0.110840 0.899536 0.004639 0.004883 0.093994
-0.511108 0.081665 0.905396 -0.005493 0.001099 0.069946
-0.520142 0.080566 0.901733 0.000610 0.000000 0.063721
-0.496338 0.105103 0.905518 -0.000610 -0.004883 0.021240
-0.504517 0.095093 0.907715 0.000977 -0.003540 0.061035
-0.505371 0.088623 0.900757 0.006714 0.008667 0.121094
-0.531860 0.124756 0.905640 0.003052 0.001709 0.105957
-0.563110 0.178955 0.885376 0.056885 -0.076904 -0.044434
-0.518188 0.096558 0.896851 -0.037598 -0.002319 -0.003296
-0.505615 0.041504 0.902100 -0.019775 -0.010742 0.022583
-0.512451 0.079224 0.905396 0.009888 -0.011230 0.049805
-0.570923 0.088379 0.935181 0.031616 -0.027222 0.033203
-0.514404 0.098877 0.913086 -0.012817 -0.006348 0.030762
-0.435059 0.143188 0.884644 0.002808 -0.038696 0.022095
-0.639038 0.096191 0.950439 -0.001587 -0.044556 0.044922
-0.491455 0.177734 0.968872 0.003418 -0.050659 0.081665
-0.497925 0.151001 0.845947 -0.020142 -0.085205 0.045532
-0.610596 0.076904 0.920654 -0.007690 -0.054688 0.118530
-0.406128 0.114868 0.789063 -0.026733 -0.065552 0.037964
-0.533813 0.129639 0.905884 -0.010986 -0.015991 0.102173
-0.479614 0.142456 0.904053 -0.020020 -0.028076 0.077148
-0.558472 0.231567 0.925171 -0.050659 -0.035645 0.047852
-0.509155 0.114624 0.895996 -0.060913 -0.030273 0.066406
-0.499023 0.065552 0.916260 -0.062622 -0.054810 0.055176
-0.412842 -0.005615 0.894165 -0.020996 -0.027832 0.141602
-0.485474 0.132568 0.911255 -0.047852 -0.024536 0.122070
-0.577759 0.488159 1.034912 -0.054810 -0.006836 0.158447
-0.484741 0.015747 0.920532 -0.119507 -0.041260 0.097656
-0.531616 0.104492 0.926758 -0.002930 0.001465 0.212280
-0.389893 -0.295044 0.900757 -0.204834 -0.082764 -0.058105
-0.524292 0.205688 0.929688 0.059692 0.015747 0.245117
-0.461792 0.129272 0.876831 -0.152222 -0.041382 -0.021362
-0.607422 0.045166 0.971069 -0.123291 0.011841 0.027466
-0.595337 0.140747 0.923218 -0.099487 0.035034 -0.007080
-0.507080 0.072754 0.938354 -0.060791 0.016968 -0.036255
-0.421143 0.236572 0.888550 -0.026367 0.047485 0.016235
-0.432495 0.258667 0.964966 -0.082764 0.097290 -0.006470
-0.582764 -0.037842 0.945801 -0.027100 0.045898 -0.069458
-0.466797 0.183838 0.898071 -0.012085 0.011230 -0.082642
-0.490479 0.153198 0.913208 -0.026123 -0.020752 -0.131470
-0.492920 0.111450 0.918579 -0.037842 -0.014160 -0.155884
-0.482300 0.062744 0.914917 -0.029663 -0.013306 -0.144165
-0.459961 0.065918 0.914917 -0.009644 -0.004517 -0.065918
-0.494751 0.107300 0.917847 0.000854 0.006348 -0.008545
-0.496338 0.092529 0.913330 -0.001099 0.005859 0.009888
-0.509399 0.116089 0.914185 0.000732 0.004395 0.024292
-0.503296 0.110962 0.915405 -0.012085 -0.003662 0.025879
-0.514160 0.135132 0.912964 -0.026001 -0.014282 0.006714
-0.514038 0.119995 0.911499 -0.047729 -0.034424 -0.069946
-0.476563 0.098877 0.907593 -0.062378 -0.040039 -0.114624
-0.379395 0.037109 0.853882 -0.056763 -0.016235 -0.085815
-0.526855 0.071777 0.919434 -0.021240 -0.010376 -0.055054
-0.669067 0.052490 1.028931 0.001465 0.055664 0.034058
-0.451782 0.098511 0.919800 -0.005493 -0.018066 -0.105713
-0.402954 0.059326 0.905029 -0.015137 0.050537 -0.062988
-0.437988 0.102295 0.913452 -0.024414 -0.016968 -0.078979
-0.498657 0.061646 0.919189 -0.011475 0.005005 -0.004028
-0.501953 0.088501 0.906250 -0.002441 0.004395 0.013428
-0.498779 0.081299 0.913818 -0.005005 0.001099 -0.000610
-0.501343 0.079346 0.909668 -0.006470 -0.001221 -0.019653
-0.499146 0.085815 0.910156 -0.006836 -0.006348 -0.023804
-0.489502 0.100220 0.907104 -0.012329 0.001099 0.019165
-0.509155 0.080322 0.911499 -0.016235 0.005493 0.033447
-0.522461 0.074097 0.912598 -0.013550 -0.005371 -0.000854
-0.503418 0.092529 0.908691 -0.008057 -0.016846 -0.039185
-0.480103 0.090820 0.912598 -0.012451 -0.009521 -0.032837
-0.495361 0.084473 0.909424 -0.021118 0.000854 -0.022949
-0.480835 0.055542 0.897827 -0.013306 0.016846 0.014038
-0.509399 0.070435 0.920776 0.003662 0.013916 0.037476
-0.483765 0.102661 0.908203 0.002563 0.005615 0.029663
-0.516968 0.112671 0.912964 -0.008911 0.006714 0.031372
-0.527100 0.105225 0.909058 -0.022461 -0.003052 0.012573
-0.515137 0.095459 0.914307 -0.030518 -0.015747 -0.023804
-0.506470 0.085205 0.911499 -0.031860 -0.019409 -0.040649
-0.490723 0.077759 0.911011 -0.032715 -0.020020 -0.050049
-0.485962 0.062012 0.915283 -0.027710 -0.016846 -0.037476
-0.507568 0.077637 0.911987 -0.019775 -0.013428 -0.006958
-0.494629 0.079590 0.912842 -0.016602 -0.012817 0.003784
-0.495361 0.082886 0.911499 -0.015137 -0.005371 0.001953
-0.509399 0.088013 0.910400 -0.015991 -0.005493 -0.001587
-0.504517 0.074341 0.909790 -0.016724 -0.008057 -0.012817
-0.500244 0.074097 0.912964 -0.014526 -0.011230 -0.012451
-0.480103 0.057129 0.906006 -0.009644 -0.006714 0.017822
-0.500854 0.075195 0.916382 -0.003174 0.000610 0.038696
-0.503784 0.080200 0.914185 -0.001465 0.000977 0.031494
-0.505127 0.100464 0.909180 -0.004761 -0.000610 0.028564
-0.494385 0.087769 0.907471 -0.014038 0.002197 0.019409
-0.505371 0.092407 0.910522 -0.017822 0.003662 0.022583
-0.523071 0.092651 0.911621 -0.023438 -0.000977 0.007690
-0.505371 0.070435 0.907715 -0.021973 -0.011475 -0.008057
-0.489624 0.071777 0.913452 -0.016357 -0.013306 -0.005981
-0.490356 0.085815 0.913208 -0.014526 -0.007446 0.001099
-0.494995 0.078247 0.909424 -0.015991 -0.005005 0.009033
-0.493652 0.093750 0.912231 -0.015747 -0.003418 0.016235
-0.502563 0.079346 0.913330 -0.015137 -0.000732 0.017944
-0.504028 0.059448 0.908325 -0.004150 -0.000977 0.031860
-0.504883 0.089966 0.911987 0.009766 -0.004150 0.031616
-0.507568 0.141113 0.909424 -0.003418 -0.006836 0.011841
-0.506714 0.119385 0.908936 -0.033569 -0.010010 -0.025391
-0.500000 0.072266 0.909424 -0.043579 -0.016724 -0.042236
-0.496338 0.057617 0.916260 -0.028442 -0.012695 -0.025024
-0.506348 0.078247 0.909790 -0.018921 -0.011475 -0.017334
-0.501221 0.070923 0.912354 -0.014160 -0.011230 -0.005249
-0.499268 0.081787 0.912354 -0.011963 -0.007324 0.008911
-0.497437 0.089478 0.912354 -0.014771 -0.004272 0.019653
