-0.330200 0.058838 0.996826 -0.020996 -0.002686 -0.012817
-0.341064 0.042114 0.998535 -0.028931 -0.002930 -0.026611
-0.346436 0.023071 0.997925 -0.021973 -0.004639 -0.015991
-0.333252 0.041016 0.996460 -0.013794 -0.005615 -0.004150
-0.335205 0.057617 0.999268 -0.014648 -0.000244 0.000366
-0.339233 0.038330 0.995850 -0.020264 0.000366 -0.003784
-0.352905 0.032471 1.000488 -0.017822 -0.001343 -0.005615
-0.343872 0.032104 0.997925 -0.009277 -0.009766 -0.006470
-0.342529 0.050293 1.000732 -0.005737 -0.010254 -0.004639
-0.333252 0.040649 1.001709 -0.008545 -0.009644 -0.007690
-0.339111 0.039673 0.995605 -0.004639 -0.005249 0.000366
-0.341064 0.036011 0.998779 0.004883 -0.003418 0.019897
-0.333252 0.056274 1.002197 0.005615 -0.001709 0.044800
-0.341797 0.074463 0.997803 -0.007080 -0.001343 0.022461
-0.354736 0.044556 0.992920 -0.015137 -0.007568 -0.007690
-0.346191 0.043579 0.999878 -0.011597 -0.013794 -0.019043
-0.296387 -0.001099 0.981812 0.043335 0.006104 0.004761
-0.315918 0.037231 0.998291 -0.030029 -0.025269 -0.059082
-0.293457 -0.044556 0.992554 -0.021240 -0.018921 -0.049072
-0.434692 0.145264 1.001831 -0.001221 -0.008545 -0.042236
-0.316040 -0.025024 0.992432 0.057983 0.004272 0.009521
-0.297852 -0.008301 0.996704 -0.030029 -0.016479 -0.067383
-0.317383 -0.093384 0.998657 0.028809 -0.022339 -0.035645
-0.324341 -0.004272 0.999512 -0.032227 -0.026733 -0.053345
-0.243896 -0.131714 0.987915 0.010620 -0.019897 -0.026123
-0.191284 -0.097412 0.997559 -0.028564 -0.027832 -0.037842
-0.334961 0.081665 0.996704 0.015503 -0.028687 -0.010132
-0.342163 0.045654 0.995972 -0.000366 -0.015503 0.056641
-0.216797 0.610840 1.001465 0.103516 -0.060059 0.095581
-0.308838 0.062134 0.984375 -0.023438 -0.001099 0.040405
-0.359741 0.040894 1.000732 -0.017822 0.000854 0.019043
-0.328369 0.042969 0.998901 -0.007813 -0.004517 0.000732
-0.320068 0.049683 1.002319 0.006714 -0.002686 0.019409
-0.354370 0.016846 1.021240 0.030884 -0.010620 0.054688
-0.633667 0.035400 1.048950 0.003906 -0.015625 0.055786
-0.366333 0.059326 0.987305 -0.018555 0.036621 0.087646
-0.338989 0.009766 0.993164 -0.001709 0.012573 0.044556
-0.327393 0.041016 0.999023 0.025757 0.023071 0.088867
-0.321045 0.094604 0.982910 0.014160 0.011108 0.061157
-0.510742 0.302734 1.005981 -0.037354 -0.001465 0.009277
-0.362549 0.080322 1.000122 -0.009644 0.023315 0.044922
-0.432861 0.174683 1.026855 -0.049438 -0.012451 -0.015625
-0.472778 0.342773 1.017212 -0.003906 0.021973 0.107422
-0.469604 0.258667 1.012207 0.010498 0.040894 0.185791
-0.458862 0.141235 0.985474 -0.081055 -0.003540 0.065430
-0.432861 0.317139 0.971924 -0.065918 -0.010864 0.043945
-0.305664 0.083496 0.995972 0.007813 0.016968 0.132324
-0.260010 0.042358 0.974487 -0.123535 0.002930 -0.003174
-0.231079 -0.981689 1.062500 -0.250366 -0.039551 -0.063232
-0.175781 -0.019531 0.973877 -0.072632 -0.019043 0.028442
-0.305542 0.084106 0.931030 -0.104858 0.005859 0.073975
-0.312622 0.183472 0.984985 0.037598 -0.005981 0.084473
-0.211304 0.157227 0.996094 -0.085083 -0.012939 -0.029541
-0.061523 -0.268188 1.011108 -0.054565 -0.013550 0.084473
-0.297363 0.277100 0.981445 -0.005981 0.025879 0.163208
-0.590942 -0.503296 1.047485 -0.171509 0.024048 0.046265
-0.371826 0.292358 0.980957 0.048462 0.011841 0.144653
-0.467773 -0.188477 1.045166 -0.077515 0.017700 0.085205
-0.306274 0.348267 0.945679 -0.090088 -0.017334 0.003418
-0.233765 0.184570 0.969482 -0.012939 0.010132 0.055298
-0.596924 -0.212769 1.095093 -0.159424 0.040527 -0.012329
-0.359741 0.068237 0.988037 -0.071899 -0.011230 -0.001465
-0.454712 0.396606 1.002930 -0.044678 0.013550 0.094238
-0.415771 0.595581 0.955566 -0.014771 0.034058 0.136719
-0.273926 -0.176147 1.002441 -0.077637 -0.027710 0.014160
-0.332886 0.152100 0.993042 0.007324 -0.005737 0.043945
-0.384033 0.105713 0.997559 -0.064331 -0.008911 0.003662
-0.362915 0.043091 0.995361 -0.025879 -0.002075 0.037109
-0.357544 0.063965 0.997192 -0.024292 -0.010620 -0.012085
-0.350830 0.041016 0.993286 -0.025269 -0.016235 -0.036987
-0.345459 0.044067 0.998413 -0.019775 -0.015015 -0.015991
-0.352661 0.042236 0.997070 -0.016968 -0.018311 -0.000122
-0.337402 0.057007 0.996582 -0.017334 -0.018188 0.008423
-0.332031 0.046875 0.995972 -0.020996 -0.012451 0.013672
-0.363281 0.056763 0.992310 -0.023682 -0.011841 -0.012695
-0.355591 0.046143 1.002563 -0.032104 -0.024414 -0.046997
-0.349487 0.028931 1.004883 -0.025269 -0.031982 -0.040405
-0.329102 0.056152 1.001465 -0.008789 -0.040771 -0.040894
-0.516113 -0.013184 1.109863 -0.018311 -0.032837 -0.033813
-0.398682 0.072632 0.983765 -0.048462 -0.008667 -0.071899
-0.028931 0.168091 0.925049 -0.019653 -0.129028 -0.152222
-0.316040 0.020264 0.985107 -0.026489 -0.026733 -0.061401
-0.347778 0.010986 0.993896 -0.019775 -0.018311 -0.034180
-0.333618 0.024414 0.998657 -0.011475 -0.021851 -0.007446
-0.334717 0.049072 1.010620 -0.014282 -0.023682 0.005127
-0.392822 0.020996 0.977417 0.041626 -0.133301 -0.064575
-0.357056 0.012207 1.014771 -0.065063 0.001099 -0.018555
-0.077271 0.173218 0.906616 0.000732 -0.088745 -0.077759
-0.373047 -0.069824 1.022217 -0.026733 -0.008911 0.000000
-0.362793 0.014648 1.010132 0.019409 -0.060669 -0.018677
-0.320190 0.085938 1.022827 0.003540 -0.033569 0.000610
-0.321899 0.046021 0.999878 -0.032349 -0.023560 -0.033447
-0.094604 0.311523 0.949097 0.042358 -0.101929 -0.062744
-0.344727 -0.008789 1.002686 -0.029053 0.005981 0.001587
-0.349121 -0.008667 1.005371 0.002930 -0.017578 -0.028076
-0.317017 0.044556 1.006958 0.015259 -0.027466 -0.004150
-0.356934 0.055908 1.034302 0.005981 -0.037720 -0.005981
-0.326050 -0.032471 1.016235 -0.025024 -0.044189 -0.096558
-0.373657 -0.057617 1.029785 -0.050049 -0.008301 -0.039917
-0.399170 -0.294434 1.023804 0.005615 -0.099365 -0.085571
-0.400146 -0.028809 1.025024 -0.033569 0.002319 0.013428
-0.243042 0.104492 0.993286 0.031494 -0.059937 0.007813
-0.387207 -0.021851 1.063232 0.000122 -0.046265 -0.011353
-0.395386 0.019165 1.029297 -0.020874 -0.008667 0.022095
-0.259644 -0.049927 1.000977 -0.026489 -0.048340 -0.037354
-0.516357 0.395996 0.982178 0.051392 -0.149902 -0.045898
-0.221313 0.223511 0.976074 0.021729 -0.047363 0.049683
-0.521729 -0.082153 1.069092 0.004028 -0.046753 0.023315
-0.283691 0.021606 1.004150 -0.014648 -0.028198 -0.019165
-0.277222 -0.004761 1.015137 -0.002319 -0.040649 -0.006836
-0.200073 0.091187 0.992310 -0.005493 -0.034790 0.031250
-0.319214 0.013916 1.026733 -0.025635 -0.020142 0.025757
0.351074 0.061523 0.927856 -0.021118 -0.128052 -0.074829
-0.289429 -0.032715 1.021606 -0.031982 -0.000244 0.022705
-0.313477 0.036377 1.021973 -0.001343 -0.014648 0.057129
-0.294800 0.085205 1.018311 -0.002075 -0.036865 0.014038
-0.212402 0.080933 0.991943 -0.011108 -0.064087 -0.040161
-0.278564 0.045532 1.010376 -0.032471 -0.011719 0.007935
-0.298096 -0.000977 1.022095 -0.020874 -0.009644 0.045044
-0.292358 0.030884 1.023071 -0.006226 -0.013062 0.041138
-0.280640 0.049194 1.014160 -0.008667 -0.015747 -0.010254
-0.282837 0.020996 1.018188 -0.010132 -0.017578 -0.022217
-0.374756 -0.028687 1.034546 0.006958 -0.037598 -0.012939
-0.300049 0.037842 1.015625 -0.021484 -0.005249 0.021851
-0.297852 0.029053 1.021606 -0.009277 -0.011597 0.018188
-0.273926 0.065308 1.011719 -0.009277 -0.022949 -0.041260
-0.332275 0.043579 1.025269 -0.004150 -0.034668 -0.019531
-0.280518 0.023804 1.021973 -0.013672 -0.004028 0.043945
-0.309692 0.023193 1.013062 -0.006348 -0.005249 0.054321
-0.285645 0.063354 1.019165 -0.007080 -0.018311 -0.000732
-0.278076 0.060181 1.024414 -0.016846 -0.016113 0.005371
-0.288330 0.031372 1.023560 -0.020996 -0.018066 0.021118
-0.277832 -0.000122 1.022217 -0.010376 -0.029907 0.011597
-0.271851 0.008179 1.020508 0.012573 -0.031006 -0.004639
-0.250244 0.126709 1.003540 0.051147 -0.049805 0.007080
-0.280273 0.061646 1.024292 0.023071 -0.027466 0.049927
-0.317627 0.025024 1.044189 0.017700 -0.023560 0.057617
-0.266113 0.080200 1.016724 -0.001587 -0.005615 0.047363
-0.284790 0.063843 1.018311 -0.019531 -0.003662 -0.002563
-0.270874 0.066650 1.024780 -0.028564 -0.003540 -0.055054
-0.246826 0.043091 1.025757 -0.038452 0.001221 -0.131714
-0.178467 0.001099 1.020508 -0.029785 0.036255 -0.062622
-0.104736 0.117310 1.001709 -0.031982 0.111206 0.015869
-0.288696 0.660767 1.366821 0.056641 0.380005 0.092163
0.040039 0.168213 1.261353 -0.308838 0.535767 -0.367676
-0.347290 0.167358 0.879150 -0.383545 0.642212 -0.443481
-0.565552 -0.086914 0.789917 -0.440796 0.469482 -0.398193
-0.551025 -0.213135 0.873291 -0.343750 0.320313 -0.331299
-0.611084 -0.240723 0.791138 -0.235107 0.183350 -0.230225
-0.604126 -0.198120 0.793457 -0.154053 -0.005249 -0.077026
