-0.436646 0.110474 0.919678 -0.047241 -0.088013 0.067017
-0.199951 0.025391 1.368774 -0.042725 -0.086304 0.064331
-0.422974 0.199707 0.938599 -0.012695 -0.025757 0.004639
-0.437134 0.145508 0.938721 -0.027588 0.003174 -0.013062
-0.489014 0.090088 0.940186 -0.021729 0.004761 -0.025391
-0.455811 0.084473 0.945190 -0.004761 -0.015747 -0.029785
-0.450439 0.081665 0.943115 0.027710 -0.023682 -0.014893
-0.408569 0.135376 0.945801 0.042725 -0.028320 -0.010132
-0.408569 0.175171 0.937012 0.023193 -0.009277 -0.016602
-0.452026 0.181274 0.945435 -0.009277 -0.000244 -0.062622
-0.466431 0.133301 0.945068 -0.033936 -0.011230 -0.113281
-0.443726 0.082886 0.948975 -0.034058 -0.029907 -0.142944
-0.428223 0.098145 0.949829 -0.009521 -0.027344 -0.111816
-0.406250 0.111816 0.943970 0.008423 -0.009277 -0.038452
-0.449463 0.125854 0.942261 0.003052 0.000122 -0.024780
-0.449463 0.155640 0.944702 -0.004517 -0.009033 -0.045654
-0.427856 0.110962 0.940063 -0.028198 -0.015869 -0.102295
-0.435303 0.095459 0.948242 -0.019897 -0.015381 -0.099487
-0.432861 0.112183 0.949097 0.008911 -0.017822 -0.075928
-0.375122 0.144531 0.967529 0.115601 -0.030151 0.013916
-0.440308 -0.016602 0.961304 -0.059326 -0.005615 -0.109253
-0.338135 -0.046997 0.894043 0.033081 -0.017334 -0.021729
-0.618042 0.042480 1.039063 0.082275 -0.010986 0.024780
-0.489502 -0.000732 0.963989 -0.024658 -0.017334 -0.040039
-0.452393 0.038086 0.942017 -0.019653 -0.007080 -0.012939
-0.436279 0.096558 0.947510 0.008423 -0.020264 -0.005859
-0.453247 0.069214 0.980713 0.023682 -0.025269 0.013916
-0.392822 0.186035 0.922119 0.009399 -0.009277 0.051147
-0.537842 0.065063 0.998169 -0.004028 -0.014038 0.048828
-0.410278 0.107422 0.930786 0.004150 -0.036865 -0.008911
-0.355225 0.100220 0.931274 -0.019287 -0.040161 -0.034546
-0.535767 -0.025879 0.945557 -0.062988 0.010864 -0.012329
-0.501831 0.047241 0.974731 -0.014404 -0.022949 0.020630
-0.353394 0.121704 0.928345 0.004639 -0.032471 0.085327
-0.427124 0.118652 0.953613 -0.003174 0.007324 0.145386
-0.653931 0.225586 0.962524 -0.005249 -0.067505 0.089966
-0.476196 0.111816 0.872437 -0.056274 -0.048462 0.035645
-0.656250 0.244995 1.009277 -0.018677 -0.036255 0.045288
-0.497437 0.167114 0.944580 0.006714 0.008057 0.082764
-0.439331 0.141968 0.946655 0.003906 -0.008667 0.064453
-0.412231 0.154419 0.948853 -0.005371 -0.016235 0.047852
-0.400757 0.116821 0.942383 -0.015015 -0.020630 0.049438
-0.429199 0.140991 0.956177 0.004883 -0.005127 0.108154
-0.444458 0.184448 0.959839 -0.009644 -0.014648 0.093994
-0.438354 0.087524 0.954956 -0.101440 -0.030151 -0.011719
-0.406250 0.158813 0.953125 -0.017456 -0.021240 0.078003
-0.424927 0.081177 0.941650 -0.073975 -0.036133 0.004272
-0.407837 0.242798 0.956055 0.011230 -0.017578 0.050415
-0.425415 -0.145020 0.946289 -0.081299 -0.012817 -0.031982
-0.410156 0.150635 0.952393 -0.008789 -0.011963 0.021362
-0.412354 0.143921 0.955811 -0.027588 -0.007324 0.033325
-0.366821 0.673218 0.930176 -0.065308 0.003662 0.033325
-0.413086 0.118530 0.962158 0.015625 -0.021851 0.102539
-0.382446 0.092896 0.954712 -0.011108 -0.019043 0.056641
-0.364380 0.435181 0.948120 -0.042236 0.004272 0.055664
-0.425781 -0.118896 0.975098 -0.028442 -0.025391 0.004639
-0.412354 0.106201 0.957764 -0.005371 -0.012573 0.012207
-0.291382 0.345703 0.870850 -0.054321 0.027100 0.004395
-0.557983 -0.291260 0.997559 -0.072144 -0.000977 -0.047852
-0.453247 0.150757 0.960938 -0.006592 -0.003174 0.011841
-0.518311 -0.082275 0.989380 0.008789 -0.019897 -0.054565
-0.367065 0.258057 0.954590 -0.070068 0.057739 -0.010742
-0.369751 0.183472 0.902100 -0.104248 0.058350 -0.035278
-0.145630 0.369873 0.834839 0.026367 -0.030151 0.053589
-0.338989 0.322754 0.876221 -0.054077 0.023804 0.065308
-0.489258 -0.045898 0.981567 0.003296 -0.027466 0.046631
-0.474487 -0.037231 0.917114 -0.120483 0.088745 -0.020142
-0.581787 -0.271606 1.010010 -0.112549 0.081299 0.014648
-0.333008 0.174683 0.922729 -0.021118 0.003662 -0.010986
-0.887817 -0.169556 1.099854 -0.147827 0.188477 -0.149658
0.071167 0.407837 0.806152 -0.003052 -0.004272 -0.036743
-0.532593 0.150513 0.970947 -0.037231 0.017944 -0.016724
-0.526001 0.109009 0.988037 -0.060913 0.074585 0.004150
-0.590698 0.055542 0.970581 0.012329 -0.024414 -0.014160
-0.483643 0.007446 1.041870 -0.110962 0.110474 0.010864
-0.222900 0.224609 0.920288 0.022949 -0.056030 0.010254
-0.693970 -0.082275 1.044922 -0.108154 0.105591 -0.049438
-0.351563 0.088379 0.938843 -0.048462 -0.015503 -0.089111
-0.413330 0.038696 0.946533 -0.036865 0.002808 -0.022217
-0.460083 0.094482 0.943970 -0.013550 0.000610 0.030396
-0.427612 0.119019 0.945923 -0.012573 -0.006226 0.020020
-0.409668 0.113037 0.941895 -0.021973 0.008667 0.041992
-0.423706 0.093872 0.939941 -0.023193 0.023926 0.115967
-0.477295 0.134277 0.946289 -0.016602 0.016357 0.170166
-0.460327 0.111450 0.949585 -0.015869 0.003174 0.114990
-0.454712 0.124390 0.958374 -0.023438 -0.007690 0.055786
-0.421509 0.118286 0.929077 -0.018799 -0.042603 0.021729
-0.371094 0.161743 0.928101 -0.012451 -0.037720 0.023438
-0.411987 0.096680 0.945679 -0.024292 -0.031738 0.010498
-0.356323 0.100098 0.960327 -0.034668 -0.049927 0.008667
-0.422974 0.101685 0.989746 -0.018921 -0.105347 -0.058350
-0.429077 0.043945 0.926270 -0.050537 0.003296 -0.011841
-0.454102 0.044434 0.948120 -0.020264 -0.029419 -0.019287
-0.421143 0.141113 0.960083 -0.006958 -0.039063 -0.016357
-0.221558 0.242920 0.891724 -0.021606 -0.081421 -0.110718
-0.705444 0.035034 1.048096 -0.029663 -0.025757 -0.041382
-0.506348 0.082886 0.962280 -0.024780 -0.005371 0.023071
0.250122 0.406494 0.775635 0.028931 -0.173096 -0.067871
-0.520874 0.105713 0.979980 -0.030151 -0.027954 0.014160
-0.565674 0.168701 1.002441 -0.018188 -0.057861 -0.027466
-0.476563 0.123657 0.953979 -0.023193 -0.005737 -0.003296
-0.360229 0.142700 0.935425 -0.022461 -0.056885 -0.077026
-0.321533 0.110718 0.925049 -0.037231 -0.031372 -0.072632
-0.472290 0.070801 0.976929 -0.025391 -0.018677 -0.025391
-0.175537 0.188965 0.921387 0.010498 -0.117310 -0.056274
-0.057861 0.195923 0.872192 -0.020386 -0.061768 -0.044312
-0.467651 0.000854 0.962402 -0.027832 -0.010376 -0.020630
-0.426880 0.127686 0.975464 0.002319 -0.045898 -0.004517
-0.443237 0.100586 0.961792 -0.023315 0.009399 0.019531
-0.440918 0.074463 0.954834 -0.013306 -0.003906 0.033569
-0.410278 0.111816 0.960205 -0.010010 -0.009644 0.023193
-0.430786 0.233521 0.887573 -0.015015 -0.089844 -0.057495
-0.410645 -0.023682 0.938843 -0.068848 -0.000366 -0.028198
-0.440674 0.020752 0.974976 -0.026855 -0.054199 -0.037231
-0.519409 0.015503 0.960083 -0.029053 0.013794 0.006226
-0.441162 0.077393 0.957886 -0.011230 -0.009521 -0.014404
-0.390259 0.099731 0.961548 -0.012695 -0.011719 0.004517
-0.581177 0.059204 1.044434 -0.013550 -0.047974 -0.032349
-0.205566 0.132080 0.909424 -0.045654 -0.017090 -0.045288
-0.503662 0.015625 0.976563 -0.030396 -0.009766 -0.023926
-0.371948 0.106079 0.963257 -0.011475 -0.041138 -0.031860
-0.301025 0.120728 0.938965 -0.025146 -0.028931 -0.037231
-0.497437 0.049683 0.987305 -0.027832 -0.036987 -0.043823
-0.402832 0.141113 0.970825 -0.007324 -0.026123 0.012207
0.258789 0.265503 0.812744 -0.002319 -0.122314 -0.055908
-0.850952 -0.113403 0.978394 -0.001587 -0.064575 -0.031250
-0.445435 0.088623 0.978394 -0.025513 0.002197 0.013550
-0.405518 0.109375 0.962769 -0.005249 -0.021362 0.016235
-0.403809 0.104004 0.983887 -0.011230 -0.023315 0.020874
-0.969971 -0.092773 1.112671 0.004272 -0.104126 -0.002197
-0.397827 0.080322 0.955566 -0.048218 0.000732 0.016235
-0.131592 0.194092 0.914551 0.010010 -0.155518 -0.014282
-0.349854 0.088135 0.954834 -0.019653 -0.006470 0.039063
-0.419800 0.069702 0.976929 -0.020508 -0.013428 0.003174
-0.379883 0.089966 0.981201 -0.014771 -0.020508 0.004028
-0.375488 0.108765 0.972412 -0.016113 -0.016357 -0.002075
-0.494385 0.061890 1.030396 -0.010742 -0.026489 0.018799
-1.271729 -0.134277 1.026489 -0.023071 -0.086670 -0.045288
-0.523804 0.068604 1.013306 -0.024780 -0.003418 0.010376
-0.408936 0.120972 0.954346 0.014038 -0.099121 -0.051880
-0.479980 0.038696 0.999268 -0.033569 0.010254 -0.000244
-0.107910 0.121948 0.931274 -0.003784 -0.054443 0.031616
-0.406616 0.040405 0.986572 -0.014282 -0.001099 0.052612
-0.380981 0.091431 0.985718 -0.001465 -0.014038 0.070679
-0.609009 0.087769 1.110474 -0.004272 -0.041748 0.037354
-0.107422 0.131348 0.876709 -0.045410 -0.061523 -0.025269
-0.452026 0.040527 0.981079 -0.018188 -0.006714 0.049927
-0.377197 0.100464 0.991577 -0.001709 -0.026978 0.071533
-0.403687 0.117920 1.000977 -0.015015 -0.028564 0.063354
-0.528687 0.146118 0.894409 -0.026367 -0.134521 -0.041626
