-0.400391 0.088623 0.976685 -0.018555 -0.012939 -0.017944
-0.396484 0.094727 0.972778 -0.015625 -0.017822 -0.027954
-0.381592 0.104614 0.968994 -0.019165 -0.021484 -0.034668
-0.377930 0.092041 0.973999 -0.022949 -0.015503 -0.035278
-0.393433 0.072388 0.974487 -0.018921 -0.008423 -0.017334
-0.392944 0.078857 0.976807 -0.007690 -0.014160 -0.006470
-0.389404 0.093506 0.974243 -0.007202 -0.015991 -0.002197
-0.392822 0.057251 0.975342 -0.002563 -0.016235 0.004761
-0.377075 0.112915 0.972046 0.008545 -0.017700 0.015991
-0.362671 0.120361 0.974609 -0.008301 -0.009155 -0.003784
-0.389038 0.088989 0.977173 -0.017822 0.001099 -0.000488
-0.398926 0.084595 0.974854 -0.020264 -0.005127 -0.024414
-0.397827 0.069336 0.978394 -0.010254 -0.015137 -0.026978
-0.380493 0.084961 0.974609 -0.002441 -0.020752 -0.030396
-0.379883 0.098389 0.969116 -0.004150 -0.017456 -0.021851
-0.386353 0.101929 0.974609 -0.007568 -0.015869 0.003174
-0.386963 0.108887 0.968262 -0.015381 -0.015137 -0.024292
-0.377197 0.087891 0.975952 -0.027954 -0.018433 -0.054321
-0.386353 0.082642 0.974854 -0.026611 -0.016357 -0.050537
-0.367188 0.077759 0.978394 -0.022461 -0.009399 -0.041138
-0.375488 0.067139 0.976685 -0.015869 -0.000366 -0.018311
-0.385498 0.064087 0.978882 -0.006836 -0.000610 0.000366
-0.378052 0.074829 0.979370 0.005127 0.001709 0.001465
-0.387695 0.085693 0.976929 0.004028 0.004150 -0.004395
-0.404297 0.081665 0.979248 0.008789 0.000000 0.004150
-0.406738 0.098633 0.976440 0.008911 -0.012939 -0.008423
-0.377075 0.098267 0.973145 0.000732 -0.020508 -0.027222
-0.380859 0.102173 0.975830 -0.004761 -0.015991 -0.015747
-0.382935 0.095703 0.972168 -0.014648 -0.017212 -0.025269
-0.378174 0.093994 0.976074 -0.020874 -0.018555 -0.037720
-0.362549 0.071777 0.974731 -0.020142 -0.013306 -0.049927
-0.378174 0.044800 0.981079 -0.002808 -0.003296 -0.036011
-0.598145 0.185913 1.053711 0.168213 0.048950 0.064575
-0.435303 0.060181 0.977661 -0.055542 -0.019287 -0.107788
-0.311157 -0.369385 0.991699 0.018555 -0.025391 -0.084229
-0.565186 0.298218 0.973633 -0.019775 -0.009644 -0.114380
-0.395996 -0.232422 0.983154 -0.026733 -0.028076 -0.098145
-0.472412 -0.009399 0.943359 0.170288 0.028809 0.049072
-0.365601 0.009399 0.972778 -0.107910 -0.043823 -0.273804
-0.369507 0.029785 0.987793 -0.022583 -0.048340 -0.180786
-0.467041 -0.414917 0.980225 0.001709 -0.048584 -0.185181
-0.606201 0.042603 0.987793 -0.024658 -0.001709 -0.076172
-0.394409 0.015869 0.989136 0.027222 -0.007446 0.057129
-0.188599 0.270020 0.930908 0.175537 -0.069092 0.151245
-0.347046 0.044067 0.961792 -0.022461 0.006104 0.045288
-0.356079 0.106934 0.963989 -0.012085 -0.011353 0.094727
-0.390747 0.113647 0.979126 -0.016235 0.002563 0.107056
-0.422729 0.129272 1.002197 -0.024170 -0.013306 0.073242
-0.376343 0.055420 0.984741 -0.035767 -0.006836 0.063232
-0.452148 0.130493 1.007935 -0.020142 -0.004272 0.058350
-0.510010 0.177246 0.936768 -0.099243 -0.087524 -0.064331
-0.197754 -0.022705 0.886963 -0.046753 -0.026123 0.006348
-0.401489 0.106445 0.992676 -0.006104 0.002686 0.085449
-0.257080 -0.046875 0.914307 -0.088867 -0.078125 -0.036987
-0.530640 0.433350 1.010376 -0.086670 -0.026245 0.014160
-0.359131 0.129150 0.971924 -0.110107 -0.034790 -0.014648
-0.228271 -0.396606 0.974609 0.031250 0.005859 0.136963
-0.528564 0.570068 0.990967 -0.178223 -0.026978 -0.049438
-0.278564 -0.051636 0.982788 -0.040649 -0.005737 0.127075
-0.321533 -0.048950 0.976318 0.089966 0.026489 0.249512
-0.561035 0.487549 0.971558 -0.202393 -0.032349 -0.003174
-0.433350 0.124268 0.972656 -0.012451 -0.016602 0.164917
-0.619995 0.895020 0.980103 -0.211182 -0.023682 -0.036133
-0.452759 0.715576 0.973145 -0.127197 -0.005249 0.011719
-0.221558 -0.001099 0.928833 -0.142334 0.002319 0.012573
-0.331055 -0.280762 0.966797 -0.009033 -0.005127 0.127197
-0.630737 0.679932 0.880737 -0.212036 0.029419 -0.010620
-0.483765 0.897705 0.863159 -0.122070 0.003662 0.060425
-0.312622 -0.420288 1.071777 0.221436 0.043091 0.347046
-0.491089 0.533936 0.921021 -0.172363 0.035278 0.025391
-0.237671 0.395996 0.963013 0.056274 0.032349 0.177612
-0.115601 -0.210815 1.019653 -0.165283 0.074341 0.120850
-0.318604 -0.165771 0.990723 -0.101807 0.043701 0.062866
-0.220703 0.247681 0.969604 0.081665 -0.002075 0.174683
-0.452148 0.089600 1.014160 -0.105103 0.072876 0.051514
-0.282715 0.158691 0.962402 -0.027466 0.038330 0.048950
-0.392334 0.107788 0.992676 0.000732 -0.004150 0.023193
-0.537231 -0.147583 1.025146 -0.026245 -0.004272 -0.003174
-0.394409 0.091187 0.977295 -0.028564 -0.008057 -0.033081
-0.380737 0.035889 0.975586 -0.014282 -0.015503 -0.038208
-0.375000 0.100220 0.974243 -0.005127 -0.014648 -0.013306
-0.376343 0.128784 0.978516 -0.024292 -0.011841 -0.015381
-0.381836 0.068604 0.977783 -0.023926 -0.015625 0.002319
-0.375732 0.083130 0.977905 -0.015747 -0.022949 -0.004395
-0.365845 0.150757 0.971191 -0.011230 -0.033081 -0.004150
-0.397217 0.083496 0.985718 -0.011353 -0.033325 -0.012451
-0.196045 0.282471 0.913940 0.020142 -0.060669 -0.018677
-0.455078 0.012451 1.019897 -0.030640 -0.053345 -0.107788
-0.456787 -0.009521 1.000366 -0.026733 -0.038208 -0.065308
-0.011353 0.475708 0.883667 -0.094849 -0.008057 -0.220093
-0.446289 -0.031372 1.017578 -0.041138 -0.031006 -0.097412
-0.311401 -0.048828 0.969727 -0.012451 -0.033325 -0.084473
-0.398926 0.041992 0.998047 -0.001099 -0.033081 -0.031250
-0.622803 0.039429 0.994141 0.065674 -0.138794 -0.028320
-0.396851 0.136230 0.984253 -0.031128 -0.002319 -0.005371
-0.343262 0.044800 0.976196 -0.020752 -0.022949 -0.054932
-0.389526 0.042847 1.005127 -0.001587 -0.026855 -0.028931
-0.523804 -0.056030 1.058105 0.077271 -0.100098 -0.022461
-0.283569 0.097900 0.985352 -0.017212 -0.022949 -0.026611
-0.532959 -0.020386 1.041260 0.000000 -0.060059 -0.101440
-0.250977 -0.168823 0.978149 -0.014526 -0.018433 -0.110107
-0.134277 0.371948 0.951050 0.059814 -0.050415 -0.042603
-0.534302 0.070435 1.026123 0.069458 -0.095825 -0.015991
0.220825 0.739868 0.850830 -0.002930 -0.017334 -0.039429
-0.409058 0.098877 0.994751 -0.042603 -0.003784 -0.045898
0.185913 0.377686 0.896362 -0.013184 -0.067261 -0.143433
-0.152222 0.268433 0.990112 -0.010864 -0.059937 -0.140503
-0.349487 0.118408 0.982788 -0.007080 -0.026367 -0.039673
-0.367188 0.177368 1.003296 0.012573 -0.038330 -0.044189
-0.136108 0.024048 0.955811 0.019653 -0.056030 -0.077759
-0.391357 0.033569 0.982300 -0.032593 0.003784 -0.023804
-0.339111 0.013306 1.001587 0.022949 -0.035522 -0.020264
-0.262817 0.155396 0.989990 0.050903 -0.065796 -0.040894
-0.313232 0.134277 0.975952 -0.003540 -0.029541 -0.065308
-0.236938 0.078003 0.951660 -0.020386 -0.001221 -0.150879
-0.396973 -0.027222 1.017578 0.016724 -0.026978 -0.050659
-0.317627 0.035034 0.999512 0.063477 -0.034790 -0.014404
-0.319946 0.099243 0.994751 0.071899 -0.026367 -0.014160
-0.340576 0.107666 1.005005 0.071899 -0.024048 0.006714
-1.271851 -0.519653 1.009644 0.242554 -0.257568 -0.061523
-0.462524 0.324463 0.987427 0.007813 0.019897 0.010498
-0.519409 0.057495 1.082031 0.032349 -0.071655 -0.022827
0.285156 1.006226 0.860229 0.033813 -0.128418 -0.110352
-0.246216 0.352417 0.963013 -0.080444 -0.020630 -0.087769
-0.402466 0.038452 1.015869 -0.066650 -0.038818 -0.094604
-0.178711 0.172852 1.000122 -0.001221 -0.119873 -0.104370
-0.377808 0.049927 1.011475 -0.032593 -0.018066 0.005615
-0.274780 -0.093018 0.986450 0.045654 -0.084229 -0.004272
-0.451172 0.046265 1.027344 0.028564 -0.073853 0.045166
-0.290894 0.086304 0.994385 0.005493 -0.016479 0.112061
-0.358032 0.102905 1.032593 0.058228 -0.098999 0.109131
-0.417603 -0.073242 1.017578 0.068481 -0.085571 0.147949
-0.341675 0.110596 1.010132 0.012207 -0.016357 0.126465
-0.221436 0.366089 1.000000 0.023560 -0.084351 0.081421
-0.373047 0.113770 1.024414 0.012939 -0.017822 0.138794
-0.296143 -0.000122 1.015869 0.008667 -0.027222 0.108765
-0.311646 0.104004 1.003418 -0.005981 -0.002563 0.064941
-0.297119 0.116943 1.005615 -0.000488 -0.009033 0.049316
-0.289429 0.135254 1.006104 -0.003662 -0.007324 0.059814
-0.297729 0.139404 1.007324 -0.008179 -0.005859 0.060791
-0.290894 0.141235 1.006470 -0.007935 -0.003906 0.052002
-0.301147 0.139648 1.004517 -0.009277 -0.002808 0.034180
-0.306274 0.141479 1.007813 -0.009644 -0.008301 0.017090
-0.301636 0.152466 1.007568 -0.022827 -0.012207 -0.003784
-0.276978 0.139038 1.007568 -0.029297 -0.008057 0.023315
-0.294189 0.135864 1.001221 -0.028442 -0.006470 0.029907
-0.301758 0.136841 1.005615 -0.027588 -0.012695 0.013550
-0.270386 0.129395 1.008911 -0.023071 -0.017090 0.017578
-0.277100 0.124512 0.998413 -0.006714 -0.021484 0.037109
-0.302612 0.163086 1.003052 -0.014038 -0.012207 0.029053
