-0.426758 0.173218 0.937744 -0.017212 -0.010498 -0.022461
-0.435669 0.160645 0.939575 -0.014282 -0.006592 -0.011475
-0.442749 0.169800 0.934814 -0.008545 -0.006104 -0.002686
-0.438354 0.183838 0.936157 -0.007568 -0.008911 -0.004761
-0.433960 0.183716 0.934570 -0.011597 -0.009277 0.000366
-0.434570 0.168945 0.932495 -0.015137 -0.008179 -0.008301
-0.434570 0.177368 0.934570 -0.015991 -0.005127 -0.007935
-0.433105 0.183472 0.941650 -0.017822 -0.009033 -0.032471
-0.432617 0.156494 0.942017 -0.016235 -0.010864 -0.031616
-0.425171 0.198608 0.936523 -0.014404 -0.006958 -0.028442
-0.436401 0.165649 0.941040 -0.020630 0.000000 -0.021973
-0.440918 0.165039 0.938110 -0.018433 -0.002197 -0.013062
-0.427979 0.178101 0.940063 -0.016968 -0.003052 -0.010010
-0.438843 0.178345 0.939209 -0.021484 -0.002197 -0.026489
-0.439087 0.166138 0.940063 -0.024902 -0.003540 -0.050171
-0.437500 0.161133 0.939331 -0.028442 -0.006958 -0.089600
-0.436523 0.177368 0.936646 -0.023193 -0.005737 -0.080566
-0.440308 0.153931 0.934448 -0.029907 -0.004517 -0.069336
-0.447632 0.172363 0.939209 -0.028198 -0.009521 -0.067627
-0.443604 0.170776 0.941895 -0.035156 -0.012817 -0.076538
-0.438721 0.148682 0.938232 -0.036621 -0.012939 -0.075073
-0.435181 0.143066 0.942383 -0.024536 -0.010010 -0.062744
-0.399170 0.033691 0.933228 0.016602 -0.001953 -0.017456
-0.458984 0.165527 0.937012 0.077271 0.011597 0.068115
-0.445435 0.224731 0.939941 0.011597 -0.005737 -0.020874
-0.454102 0.150146 0.941284 -0.033325 -0.006348 -0.072388
-0.439087 0.126831 0.942261 -0.016968 -0.009155 -0.018311
-0.436523 0.145386 0.936646 -0.002441 -0.006104 0.008423
-0.427124 0.184326 0.932129 0.000488 -0.004639 -0.013916
-0.665771 -0.126221 1.016846 0.022339 -0.024170 -0.035400
-0.288574 0.278198 0.905151 0.050781 -0.021484 -0.008423
-0.464478 0.011597 0.954712 0.050781 -0.032471 0.040039
-0.446899 0.085449 0.938599 -0.009155 -0.002563 0.013062
-0.420776 0.285645 0.913086 0.032715 -0.021484 0.076538
-0.477173 0.169189 0.942749 -0.005127 0.002441 0.135620
-0.418213 0.258301 0.917725 0.035156 -0.054565 0.119629
-0.401245 0.223633 0.928467 -0.016846 -0.029785 0.081299
-0.465576 0.140381 0.937500 -0.029419 -0.006104 0.083740
-0.496460 0.130615 0.954102 -0.000977 -0.048706 0.054321
-0.316528 0.222168 0.916992 -0.010132 -0.038086 0.070557
-0.403320 0.282593 0.919312 -0.003052 -0.074585 0.083740
-0.509644 0.187744 0.956421 -0.007202 -0.012207 0.120605
-0.556763 0.226807 0.965576 -0.001099 -0.036499 0.110840
-0.220581 0.182983 0.883789 -0.006470 -0.054077 0.079590
-0.353638 0.154663 0.927368 -0.010498 -0.036743 0.072388
-0.329590 0.158081 0.927490 -0.015869 -0.051025 0.035034
-0.434448 0.189575 0.941406 -0.004639 -0.011841 0.091309
-0.514771 0.344604 0.950195 -0.027588 -0.031128 0.050903
-0.422119 0.218506 0.937012 -0.001709 -0.010864 0.090698
-0.508789 0.472778 0.974487 -0.039429 -0.024902 0.027710
-0.416626 0.211304 0.927368 -0.049805 -0.016968 0.024902
-0.403809 0.231201 0.944946 0.003662 -0.016846 0.064331
-0.424805 0.470947 0.969238 -0.123413 0.024902 -0.032227
-0.346924 0.294556 0.946045 0.043091 -0.028931 0.080566
-0.356689 0.325195 0.930786 -0.008789 0.020508 0.053589
-0.367798 0.328613 0.941040 0.020020 -0.011353 0.065918
-0.386108 0.288452 0.936157 0.001099 -0.005981 0.006958
-0.464844 -0.032715 0.929199 -0.094604 0.007324 -0.083252
-0.467407 -0.307129 0.973267 -0.047363 -0.022339 -0.081421
-0.346436 0.474609 0.890503 -0.071899 0.039917 0.007080
-0.267090 0.331055 0.932007 0.032349 -0.029663 0.078735
-0.990723 -0.584595 1.055298 -0.203857 0.116699 -0.093872
-0.316650 0.250854 0.898193 0.005005 -0.013428 0.025635
-0.399658 0.200806 0.957642 0.008057 -0.036621 -0.024902
-0.530640 0.168335 0.959839 -0.065430 0.049561 0.007324
-0.868408 -0.243042 1.039307 -0.049438 0.033813 -0.043823
-0.176880 0.317383 0.827759 -0.020874 0.070313 0.024414
-0.266479 0.392090 0.918457 0.061523 -0.089966 -0.024170
-1.195923 -0.610107 1.186768 -0.217529 0.277954 -0.124756
-0.107544 0.278809 0.849976 0.045654 -0.052612 -0.040894
-0.947510 -0.120239 1.074219 -0.081055 0.184204 0.000610
-0.613281 -0.207275 0.997559 -0.035400 0.001221 -0.110474
-0.260986 0.286499 0.776001 -0.063354 0.061768 -0.046631
-0.327148 0.297241 0.922729 0.015747 -0.036255 0.027466
-0.294800 0.278809 0.902710 -0.063599 0.084595 0.005737
-0.309937 0.260742 0.928955 -0.000488 -0.051270 -0.006592
-0.405884 0.193726 0.934448 -0.026489 -0.017212 -0.021973
-0.438110 0.168823 0.928223 -0.023560 -0.001587 -0.023438
-0.350220 0.117065 0.920776 -0.076416 0.093506 -0.028931
-0.417969 0.170288 0.935181 0.035400 -0.042725 0.022339
-0.426514 0.259399 0.935181 -0.000732 -0.008057 0.017334
-0.447998 0.213013 0.926758 -0.038818 0.006958 -0.048096
-0.465698 0.144409 0.934570 -0.051758 0.001709 -0.064575
-0.424561 0.150635 0.930664 -0.038330 0.004272 0.024048
-0.436279 0.172119 0.930176 -0.031250 0.013062 0.073608
-0.440796 0.166748 0.935181 -0.031128 0.027588 0.147461
-0.411621 0.180664 0.922485 -0.029907 0.010864 0.143066
-0.513672 0.160522 0.958496 -0.015015 -0.016357 0.099365
-0.447754 0.219727 0.952637 -0.030029 -0.052979 0.013672
-0.568848 0.127930 0.977539 -0.043457 0.009888 0.001343
-0.148682 0.324341 0.954102 0.005493 -0.119507 -0.066895
0.181641 0.527832 0.791748 -0.001831 -0.183960 -0.111206
-0.598022 0.117920 0.977295 -0.049805 -0.002930 0.005615
-0.484131 0.304688 0.948730 -0.005127 -0.097290 -0.105591
-0.482544 0.111084 0.956665 -0.022339 -0.031616 -0.040527
-0.494507 0.088257 0.948975 -0.022949 -0.006104 -0.006714
-0.500366 0.043945 0.896240 -0.023926 -0.082397 -0.015625
-0.608521 0.078613 1.025879 -0.048462 0.001953 0.003540
-0.095703 0.182007 0.823242 -0.028931 -0.062866 -0.042358
-0.492188 0.118408 0.964111 -0.032349 -0.006836 -0.029297
0.027588 0.256592 0.866577 0.004883 -0.161865 -0.139282
-0.525879 0.166382 0.995117 -0.054688 -0.003296 -0.049194
-0.487915 0.100830 0.927124 -0.034790 -0.005127 -0.018066
-0.456543 0.142334 0.955444 -0.012207 -0.019287 0.005737
-0.388672 0.183716 0.945557 -0.014404 -0.033325 -0.011353
-0.293579 0.224854 0.926880 -0.027344 -0.074707 -0.074707
-0.389771 0.160034 0.928345 -0.030029 -0.027222 -0.052246
-0.396240 0.126953 0.917236 -0.010254 -0.095581 -0.083496
-0.487305 0.142212 0.970337 -0.026367 -0.011719 -0.010742
-0.431396 0.150024 0.943237 -0.017700 -0.028687 -0.014771
-0.437866 0.119873 0.950562 -0.017578 -0.014038 -0.005127
-0.552368 0.176147 0.996094 -0.003296 -0.045776 0.002197
-0.229248 0.216431 0.907471 -0.010986 -0.057007 -0.039307
-0.479736 0.111328 0.965454 -0.037720 -0.004883 -0.020142
-0.442749 0.086548 0.947021 -0.028076 -0.005981 -0.005615
-0.486816 0.147949 0.978394 -0.014404 -0.042236 -0.018555
-0.392700 0.198853 0.960938 -0.012573 -0.030396 0.006348
-0.343994 0.179565 0.939819 -0.029907 -0.020874 -0.036743
-0.299683 0.098022 0.924683 -0.047119 -0.051270 -0.063232
-0.344971 0.106201 0.933228 -0.030029 -0.023438 -0.030762
-0.421997 0.124512 0.960083 -0.006226 -0.014648 -0.002563
-0.397217 0.173340 0.963745 -0.007080 -0.015991 -0.013672
-0.708740 0.098389 1.008545 -0.011353 -0.090088 -0.055542
-0.464844 0.167236 0.973022 -0.039673 0.004028 0.010254
-0.361084 0.174683 0.934570 -0.014038 -0.041016 -0.003174
-0.369629 0.141846 0.952759 -0.024658 -0.042480 -0.032471
-0.421875 0.134888 0.966309 -0.017212 -0.051758 -0.036499
-0.072021 0.126343 0.898438 -0.022095 -0.060791 -0.049805
-0.455200 0.072754 0.965576 -0.012939 0.002563 0.029785
-0.406128 0.151123 0.964111 0.009033 -0.014893 0.049194
-0.396606 0.177612 0.962769 0.002686 -0.012817 0.018311
-0.420898 0.157104 0.979980 -0.002563 -0.027344 -0.007324
-0.462891 0.122314 0.994263 -0.014771 -0.025513 0.001587
-0.275635 0.157104 0.933472 -0.021118 -0.034546 0.002563
-0.594360 0.124146 1.038208 -0.015381 -0.039185 -0.010254
-0.454346 0.077881 0.944824 -0.024902 0.008667 -0.017334
-0.712646 0.119019 1.022217 -0.012573 -0.049683 0.021484
-0.381958 0.201294 0.965942 -0.025513 -0.042358 0.052979
-0.312256 0.180298 0.942261 -0.018677 -0.042847 0.013794
-0.402832 0.135254 0.962769 -0.025146 -0.001099 0.008911
-0.405029 0.141113 0.963135 -0.015259 -0.010620 0.009766
-0.429077 0.175049 0.987549 -0.014038 -0.023438 0.011597
-0.402466 0.171753 0.960571 -0.024780 -0.065063 -0.027710
-0.439819 0.114868 0.960815 -0.024170 -0.010864 -0.015259
-0.398071 0.155396 0.964111 0.003906 -0.047363 0.001343
-0.350586 0.166992 0.960571 -0.013916 -0.018433 0.018311
-0.390625 0.134766 0.966431 -0.009033 -0.010254 0.063843
-0.504761 0.152954 1.005859 0.005737 -0.044922 0.114990
-0.555298 0.135254 1.034424 -0.014526 -0.034912 0.093872
-0.430542 0.142822 0.960327 -0.020020 0.006226 0.068481
