-0.331665 0.302490 0.944824 -0.018555 -0.027222 -0.028809
-0.336548 0.300049 0.949463 -0.005371 -0.031616 -0.027710
-0.314331 0.300171 0.951660 0.010254 -0.031372 0.020264
-0.289429 0.351074 0.947632 0.001221 -0.015137 0.021606
-0.317139 0.340576 0.946655 -0.015503 -0.001831 0.004517
-0.345337 0.297974 0.955811 -0.017456 -0.011475 -0.012207
-0.355469 0.282959 0.964844 0.010864 -0.040039 -0.026733
-0.197632 0.468140 0.950195 0.188721 -0.040527 0.190063
-0.266357 0.546753 0.957520 0.021362 -0.009644 0.013306
-0.355591 0.265869 0.943726 -0.002075 -0.015991 -0.030396
-0.253906 0.354248 0.948853 0.095947 -0.033569 0.105835
-0.322388 0.454468 0.970825 0.003906 -0.032349 -0.003418
-0.325439 0.333984 0.955078 0.024658 -0.039551 -0.004272
-0.450562 0.260132 1.027100 0.134033 -0.149048 0.040039
-0.372681 0.129395 0.919434 0.015137 -0.072144 -0.079468
-0.538940 0.242554 0.952881 -0.027954 -0.051880 -0.098511
-0.185181 0.416504 0.921387 -0.055786 -0.019287 -0.065918
0.031860 0.375366 0.896240 -0.044922 -0.052856 -0.051636
-0.529663 0.257935 0.976807 0.039673 -0.153687 0.057251
-0.389282 0.270508 0.972290 -0.017822 -0.051880 0.104126
-0.215210 0.342041 0.939697 -0.046753 -0.034790 0.043701
-0.468750 0.285400 1.012329 -0.046997 -0.041260 0.017944
-0.506226 0.267090 0.947754 -0.027954 -0.069702 0.038818
-0.283081 0.272339 0.947632 -0.048828 -0.002441 0.058228
-0.259644 0.310059 0.948730 -0.036743 -0.030029 0.037964
-0.366577 0.378540 0.970215 -0.039063 -0.035522 0.042603
-0.358032 0.370850 0.983032 -0.021851 -0.011475 0.098877
-0.313965 0.306763 0.967285 -0.016357 -0.022461 0.111816
-0.313232 0.351074 0.969116 0.002319 -0.022827 0.155762
-0.134033 0.127075 0.917725 -0.045288 -0.042847 0.081421
-0.280762 0.490112 0.982178 -0.002808 -0.007568 0.121460
-0.459839 -0.192505 0.929810 -0.128540 0.013184 -0.009644
-0.184448 0.642944 0.965088 -0.009644 -0.017578 0.090210
-0.242798 0.325806 0.958740 0.023682 -0.024048 0.152588
-0.278687 0.450073 0.960327 -0.016968 -0.006226 0.106689
-0.219727 0.460938 0.965698 0.000366 -0.004883 0.118896
-0.269165 0.533691 0.996948 -0.026245 0.008301 0.107544
-0.304321 0.239136 0.950928 -0.103394 0.005737 0.029419
-0.239868 0.369629 0.951904 -0.060181 -0.014893 0.069458
-0.237183 0.359863 0.961060 -0.069580 -0.004028 0.023682
-0.133545 0.177124 0.934326 0.000610 0.003418 0.068726
0.028564 0.603760 0.935669 -0.021118 0.073730 0.115723
-0.326538 0.275757 0.933472 -0.180298 0.166138 0.009277
-0.098389 0.549683 0.973145 -0.035522 0.099121 0.169434
-0.578979 -0.193970 0.949097 -0.113159 0.137695 0.092773
-0.200317 0.366333 0.968506 -0.069214 0.082153 0.081177
-0.476563 0.331543 1.041382 -0.076416 0.105225 0.145630
-0.457153 0.626465 1.089844 -0.104980 0.189941 0.124756
-0.427246 0.174072 1.021240 -0.030396 0.087402 0.099609
-0.226440 0.284302 0.816284 -0.106567 0.180542 0.143677
0.533447 0.806885 0.794434 -0.013794 -0.008667 0.223389
-0.466797 0.405273 0.892334 -0.042114 0.143799 0.228027
-0.519775 0.318848 1.159546 -0.001221 0.122437 0.222656
-0.036987 0.318726 0.878906 -0.044434 0.130371 0.057861
-0.187866 0.399536 0.961426 0.005249 -0.037964 0.092285
-0.088501 0.417969 0.910767 -0.028076 0.047607 0.058960
-0.164917 0.392700 0.947632 -0.028809 -0.023193 0.003662
-0.274414 0.358521 0.948364 -0.040894 0.006470 -0.052734
-0.308350 0.345581 0.950317 -0.036621 0.008667 -0.069214
-0.326538 0.309082 0.953247 -0.024292 -0.002808 -0.016113
-0.286621 0.328003 0.948853 -0.007813 -0.005371 0.062744
-0.295166 0.351929 0.949341 -0.002441 -0.001221 0.122437
-0.302368 0.350708 0.954102 -0.008057 -0.000977 0.120117
-0.353882 0.377319 0.966431 -0.010010 -0.019043 0.077515
-0.272705 0.329468 0.945679 -0.011719 -0.029297 0.045776
-0.468628 0.359253 1.032227 -0.015747 -0.064575 0.000732
-0.318848 0.390991 0.930542 -0.023071 -0.051025 0.013428
-0.526001 0.445190 1.056396 -0.021973 -0.064819 -0.017822
-0.555054 0.272827 0.951782 -0.041748 0.063232 -0.038086
-0.055664 0.221802 0.896851 -0.066040 -0.072876 -0.128662
-0.295532 0.293945 0.977417 -0.043457 -0.077393 -0.094116
0.019531 0.210938 0.874268 -0.051147 -0.049316 -0.115967
-0.372681 0.297241 0.979248 -0.024048 -0.008545 -0.031372
0.158813 0.162109 0.920898 -0.066162 -0.135010 -0.153320
-0.330200 0.294800 0.993774 -0.025391 -0.018311 -0.030762
-0.648682 0.226929 0.987061 -0.058472 -0.053467 -0.065796
-0.316772 0.311646 0.972900 -0.026489 -0.026245 -0.043335
-0.280884 0.344971 0.893677 -0.016724 -0.112671 -0.002808
0.153442 0.384399 0.821777 -0.026611 -0.123047 -0.000732
-0.380981 0.392578 1.012207 -0.026123 -0.007324 0.003784
-0.318481 0.207886 0.968750 -0.035034 -0.034546 -0.022339
-0.312256 0.316772 0.997314 -0.042603 -0.049683 -0.035767
-0.367432 0.282104 0.962769 -0.014648 0.010132 0.028076
-0.320801 0.303711 0.972534 -0.008911 -0.008057 0.024170
-0.191040 0.349121 0.960571 -0.021606 -0.069580 -0.004883
-0.377197 0.268188 1.023804 -0.071045 -0.081909 -0.067139
-0.648682 0.398071 0.972778 -0.018677 -0.067627 0.001831
-0.288818 0.392822 0.968750 -0.020508 0.005249 0.018188
-0.490601 0.341064 1.076538 -0.017700 -0.056641 -0.009888
-0.878296 0.401123 1.041382 -0.030518 -0.066406 -0.024414
-0.332642 0.423706 0.988403 -0.028442 0.002808 -0.025391
-0.290039 0.282227 0.969482 -0.028564 -0.041138 -0.023682
-0.219849 0.298096 0.958496 -0.017090 -0.063110 0.005859
-0.317627 0.377197 1.019043 -0.016968 -0.031616 0.037354
-0.395264 0.378784 1.015503 -0.023071 -0.012451 0.035522
-0.215576 0.299072 0.998169 -0.043091 -0.076782 -0.014282
-0.732422 0.504028 1.098999 -0.044067 0.000000 -0.014160
-0.200317 0.332153 0.940796 -0.026123 -0.014771 -0.008423
-0.388672 0.310059 1.009888 -0.006470 -0.036255 0.003540
0.528564 0.119141 0.823486 -0.054565 -0.202881 -0.075806
-0.387817 0.346436 1.038086 -0.011475 -0.035278 0.035767
0.061401 0.273804 0.935303 -0.067871 -0.123779 -0.071777
-0.200806 0.210693 0.977783 -0.053345 -0.016479 -0.031372
-0.312866 0.297119 1.001709 -0.045166 -0.036133 -0.049438
-0.094849 0.239746 0.941895 -0.052734 -0.102417 -0.072876
0.404419 0.154053 0.923584 -0.075195 -0.239014 -0.142090
-0.194092 0.368042 0.965332 -0.036011 -0.035522 -0.048340
-0.509521 0.279907 1.034912 -0.028931 0.004150 -0.014771
-0.306030 0.318359 0.992310 -0.015869 -0.060913 -0.015991
-0.421021 0.406860 1.043335 -0.038208 -0.048462 -0.001465
-0.375732 0.411255 0.998047 -0.026855 -0.047485 0.046875
-0.281128 0.362183 1.004150 -0.021484 -0.014160 0.061035
-0.263672 0.328491 0.989746 -0.020142 -0.005493 0.029053
-0.224976 0.300293 0.995605 -0.025757 -0.011719 0.009888
-0.204346 0.320679 0.996948 -0.020386 -0.015991 0.007568
-0.239624 0.323608 0.999634 -0.018799 -0.013550 0.049683
-0.163818 0.271973 0.997681 -0.030640 -0.029541 0.044312
-0.162964 0.249512 0.989624 -0.018677 -0.017090 0.056030
-0.264404 0.303833 1.003418 -0.014648 -0.021973 0.039551
-0.230225 0.276489 1.007690 -0.020386 -0.040161 0.038086
0.018188 0.117188 0.965576 -0.036255 -0.060059 0.050049
-0.148926 0.302490 0.986572 -0.031006 -0.038574 0.104980
-0.195435 0.310303 1.002441 -0.029907 -0.027954 0.088745
-0.227539 0.298096 1.003296 -0.043945 -0.050659 0.030273
-0.210571 0.316406 1.003540 -0.034546 -0.022095 0.006104
-0.211060 0.290771 0.999512 -0.034180 -0.028564 0.020630
-0.185425 0.343750 0.993652 -0.025757 -0.029785 0.026978
-0.215454 0.307617 1.006104 -0.038452 -0.023193 -0.016357
-0.154663 0.174194 0.974243 -0.048096 -0.036499 -0.057007
-0.243286 0.281494 1.003662 -0.008057 -0.012695 0.019653
-0.183472 0.260986 1.000244 -0.005249 -0.030762 0.031738
-0.170898 0.304932 1.001465 -0.007935 -0.019409 0.007690
-0.172241 0.347534 1.000244 -0.007080 -0.006226 -0.045410
-0.188354 0.301025 1.003906 -0.023804 -0.005859 -0.135986
-0.205200 0.271362 1.001465 -0.023193 0.000977 -0.156982
-0.208496 0.279907 1.001953 -0.012329 -0.007324 -0.104370
-0.213379 0.288452 1.002441 -0.010742 -0.008423 -0.050293
-0.194702 0.313110 1.000977 -0.013794 -0.013916 -0.022461
-0.191528 0.309937 1.002930 -0.021484 -0.011353 -0.037598
-0.184692 0.273682 0.998657 -0.028687 -0.008057 -0.056641
-0.192749 0.259155 1.000732 -0.022339 -0.005127 -0.026001
-0.196655 0.280273 1.002808 -0.019897 0.000488 -0.011230
-0.201294 0.282959 1.005249 -0.016235 -0.003296 -0.016113
-0.217285 0.301514 0.999756 -0.013306 -0.011719 -0.012573
-0.194092 0.276978 0.998413 -0.014404 -0.018188 -0.013062
-0.185913 0.304077 0.998169 -0.012573 -0.014893 -0.005249
-0.189087 0.295044 1.004639 -0.016724 -0.004761 -0.015259
-0.229004 0.256348 1.001465 -0.017578 -0.004883 -0.022461
-0.205444 0.280518 0.996704 -0.011841 -0.018188 -0.000610
-0.182617 0.277466 1.003540 -0.014893 -0.014771 -0.005493
