-0.375122 0.068848 0.978882 -0.006104 -0.006592 0.001587
-0.381470 0.052856 0.982056 -0.020752 -0.006226 -0.003540
-0.382324 0.035645 0.979614 -0.019775 -0.008789 0.000854
-0.378906 0.045166 0.979614 -0.022705 -0.012817 -0.019165
-0.371338 0.026489 0.984131 -0.019897 -0.013184 -0.026855
-0.361694 0.033813 0.985718 -0.013794 -0.008911 -0.008911
-0.368042 0.042847 0.982300 -0.011230 -0.002686 0.004639
-0.378052 0.054688 0.977905 -0.014526 -0.000732 -0.003784
-0.389404 0.051636 0.981689 -0.029297 -0.010864 -0.038086
-0.382324 0.027466 0.989868 -0.037720 -0.018555 -0.053711
-0.374023 0.006104 0.981567 -0.028442 -0.020386 -0.058228
-0.361572 0.012695 0.985474 -0.014771 -0.014893 -0.039185
-0.373291 0.051025 0.983643 -0.007446 -0.007935 -0.025391
-0.386475 0.047119 0.983398 -0.020752 -0.006958 -0.039795
-0.401367 0.026733 0.986206 -0.017578 -0.016235 -0.044678
-0.373779 0.041626 0.981323 -0.018311 -0.028809 -0.067627
-0.378418 0.057007 0.983154 -0.029053 -0.033936 -0.066284
-0.379028 0.057007 0.984009 -0.046387 -0.032593 -0.062012
-0.358276 -0.009033 0.986328 -0.054077 -0.031738 -0.069824
-0.426270 0.744629 0.925659 0.277100 0.177002 0.227417
-0.162476 -0.279175 0.943237 -0.042603 -0.032227 -0.099609
-0.234253 -0.148071 0.974854 -0.018066 -0.026489 -0.093628
-0.484497 0.121216 0.993530 0.018066 0.008789 -0.072754
-0.405396 -0.001709 0.972168 0.032837 0.006836 -0.028320
-0.696411 0.539551 0.984619 0.023560 0.001709 -0.067749
-0.226074 -0.470459 0.955566 -0.029419 -0.020264 -0.129517
-0.350098 0.143921 0.984131 -0.027832 -0.004761 -0.131958
-0.353027 -0.051758 0.983032 -0.057129 -0.029175 -0.064819
-0.372803 -0.018188 0.982910 -0.015015 -0.020630 -0.052979
-0.363770 0.048584 0.980103 0.001099 -0.010132 -0.022949
-0.373657 0.039917 0.989502 -0.008179 -0.003662 -0.020508
-0.285156 -0.427368 0.952148 0.089600 -0.033569 0.075928
-0.259277 0.541504 0.920166 0.071655 -0.012451 0.115356
-0.448486 -0.148560 0.988281 -0.040283 -0.018188 0.016846
-0.365112 -0.055176 0.974609 -0.001465 -0.009644 0.041138
-0.374878 0.043579 0.983398 0.030151 0.004639 0.078369
-0.392456 0.106445 0.988159 0.014282 0.001099 0.084351
-0.398804 0.093262 0.994019 -0.024048 -0.014282 0.030151
-0.351318 0.028687 0.992310 -0.041504 -0.019043 0.014160
-0.439331 0.012695 0.994019 -0.040405 -0.005859 0.055786
-0.306763 0.024414 0.937988 -0.026733 -0.053345 0.009521
-0.400879 0.045410 0.994507 -0.003418 -0.000244 0.077881
-0.316406 0.089722 0.969360 -0.022583 -0.077148 -0.026123
-0.412964 0.051025 0.988037 -0.026611 0.014282 0.077271
-0.324097 -0.013672 0.976440 -0.020874 0.001709 0.076172
-0.380859 0.041260 0.991821 0.003296 0.018311 0.095703
-0.742310 0.603149 0.946655 -0.059204 -0.044067 -0.006714
-0.445435 0.142578 1.026001 0.021973 0.028320 0.115112
-0.273560 -0.100098 0.965332 -0.008789 0.014282 0.111206
0.029541 -0.479614 0.922119 -0.101318 -0.064941 -0.012451
-0.259277 -0.080322 0.969238 -0.067261 -0.028076 -0.000488
-0.208496 -0.333496 0.968018 -0.153076 -0.086914 -0.125366
-0.391846 0.156006 0.981323 -0.029419 0.003784 0.006348
-0.445923 0.083740 0.992310 -0.156494 -0.073242 -0.078247
-0.349121 0.199097 0.988770 0.021240 0.019043 0.080933
-0.153687 -0.830078 1.113281 -0.306885 -0.076782 -0.148315
-0.416138 0.253906 0.987915 0.071655 0.017700 0.139038
-0.411133 0.036011 0.988159 -0.004150 0.022095 0.104614
0.045410 -0.611816 0.944214 -0.292969 -0.108398 -0.200439
-0.292358 -0.277344 1.007690 -0.053711 -0.012451 0.045166
-0.390381 0.076294 1.001587 -0.037109 -0.002930 0.046509
-0.317139 -0.192871 1.002686 -0.135620 0.007080 0.012451
-0.681152 -0.088013 1.042847 -0.140015 0.008789 0.002563
-0.199463 -0.081421 0.954468 -0.026367 -0.020020 0.087891
-0.235107 -0.593506 1.026733 -0.077881 -0.010376 0.049561
-0.320068 0.189331 0.979492 0.017700 0.013916 0.083740
-0.149048 -0.327026 0.962646 -0.176758 -0.033447 -0.011353
-0.389282 0.139282 0.990967 -0.017944 0.000244 0.071411
-0.488525 -0.359985 1.016113 -0.151855 0.006348 0.037842
-0.097778 -0.634766 1.021851 -0.110352 -0.032471 0.050049
-0.156128 0.372803 0.866333 -0.049683 -0.009644 0.105103
-0.425293 -0.449585 1.041870 -0.051636 0.013184 0.067871
-0.351685 0.212158 0.980347 0.006226 0.012817 0.083862
-0.378296 -0.370972 1.018311 -0.187988 -0.009888 -0.054321
-0.434204 0.034180 0.981201 -0.054810 0.006958 0.069824
-0.452881 0.216064 0.975586 -0.039307 -0.007568 0.059814
-0.366577 -0.056152 0.984375 -0.077515 -0.018799 0.057007
-0.359131 0.050293 0.983643 -0.029419 -0.013672 0.037842
-0.354248 0.034424 0.974731 -0.039673 -0.010132 -0.014771
-0.432495 -0.005859 1.009521 -0.086060 0.007935 -0.014404
-0.296509 -0.227295 1.001465 -0.072876 -0.011841 -0.000732
-0.366333 0.055664 0.981689 -0.003662 -0.002075 0.032349
-0.368164 0.046143 0.985596 -0.027100 -0.009155 -0.011597
-0.373047 -0.003052 0.990967 -0.023804 -0.008301 0.009155
-0.369629 0.023071 0.986572 -0.008667 -0.005127 0.046997
-0.364014 0.046753 0.980103 -0.018677 -0.007202 0.012207
-0.390747 0.032227 0.988647 -0.031616 -0.010620 -0.023193
-0.394775 0.015625 0.983521 -0.025879 -0.021240 -0.043213
-0.359131 0.013184 0.988525 -0.018677 -0.030884 -0.047852
-0.383179 0.044922 0.990967 -0.018066 -0.025879 -0.004028
-0.386841 0.055664 0.979736 -0.020020 -0.058350 -0.030518
-0.186768 0.052979 0.928223 -0.036621 -0.087769 -0.065796
-0.437500 -0.059570 1.038574 -0.019897 -0.054565 -0.006714
-0.352905 0.024780 0.978271 -0.005981 -0.053711 0.000732
-0.173706 0.166504 0.929565 0.011963 -0.080322 -0.047241
-0.432007 -0.079468 1.030762 -0.044556 -0.027588 -0.009521
-0.454712 -0.031860 1.007324 0.019897 -0.067871 -0.036377
-0.702515 -0.166992 1.049316 -0.004028 -0.086548 -0.057129
-0.407104 -0.013306 0.997803 -0.024170 -0.047363 -0.072266
-0.068604 0.302246 0.919312 0.004150 -0.112305 -0.079346
-0.398438 -0.064819 1.010132 -0.032959 -0.035034 -0.031250
-0.306763 0.014771 0.994629 0.000732 -0.062622 -0.081787
-0.315796 -0.005005 0.987549 -0.009277 -0.029541 -0.044556
-0.448730 -0.043457 1.002686 0.025391 -0.064209 -0.034302
-0.318237 -0.020874 0.974121 -0.029541 -0.028931 -0.036621
-0.375244 -0.061890 1.000977 -0.027710 -0.011353 0.020752
-0.358398 -0.012573 1.016479 0.006348 -0.024536 0.048462
-0.253052 0.066284 0.970825 0.032959 -0.098633 -0.003540
-0.383423 -0.026123 1.014038 -0.028931 -0.000488 0.077148
-0.474121 -0.070435 1.046265 0.038574 -0.050903 0.063843
-0.338257 0.040894 0.985474 -0.010864 -0.014282 0.025024
-0.467773 -0.135498 1.081909 -0.010376 -0.026489 0.041138
-0.380493 0.055542 0.995361 -0.015625 0.010010 0.060669
-1.258423 -0.103516 1.154541 -0.000977 -0.075073 -0.028687
-0.413330 0.042114 1.015991 -0.002075 0.010498 0.060059
-0.134277 0.245483 0.940918 0.049072 -0.089233 0.000610
-0.370972 -0.011719 1.011230 -0.028076 -0.008179 0.010376
-0.346558 -0.009277 1.013428 -0.005981 -0.023682 0.011719
-0.239258 0.074585 0.981079 0.010132 -0.043457 -0.005005
-0.431030 0.036255 1.038940 -0.025024 -0.034058 0.010986
-0.393433 0.023926 1.017090 -0.029053 -0.020630 0.015503
-0.346313 0.007935 1.005249 -0.018311 -0.025879 0.010376
-0.552124 -0.131714 1.072144 -0.003662 -0.044434 -0.020142
-0.373413 0.021851 1.006958 -0.032471 0.001587 0.019531
0.096558 0.054321 0.930054 0.010010 -0.132935 -0.055542
-0.344360 0.001953 1.020020 -0.032837 -0.007813 0.019287
-0.288940 0.020020 0.997681 -0.018188 -0.034668 -0.007935
-0.428955 -0.009033 1.035400 -0.010132 -0.050781 -0.005371
-0.309570 0.044189 0.993774 -0.024780 -0.007324 0.037231
-0.327026 0.004028 1.002686 -0.024536 -0.012085 0.008911
-0.302979 -0.002441 1.011841 -0.013184 -0.015259 0.001343
-0.338867 0.060913 1.027466 0.005127 -0.045532 0.005981
-0.369629 0.028687 1.026978 -0.019287 -0.005371 0.037109
-0.179199 -0.022949 0.974854 -0.033569 -0.038940 -0.030273
-0.333130 -0.059814 1.014648 -0.020508 -0.002930 0.027100
-0.309570 0.034058 1.014404 0.008911 -0.011353 0.040527
-0.308350 0.063354 1.006836 -0.005249 -0.009766 0.008545
-0.310303 0.034180 1.010132 -0.020020 -0.009888 -0.001099
-0.306152 0.022827 1.006836 -0.027466 -0.013550 -0.012695
-0.304810 0.020142 1.004639 -0.025635 -0.011719 -0.020264
-0.304443 0.022217 1.010010 -0.022583 -0.006470 -0.012451
-0.311157 0.014526 1.009644 -0.020386 -0.005249 -0.021362
-0.323364 0.020020 1.009644 -0.011108 -0.009644 -0.017334
-0.319946 0.038818 1.009766 -0.008179 -0.014893 -0.010376
-0.299927 0.015503 1.008789 -0.015015 -0.013794 -0.017578
-0.323242 0.023438 1.006104 -0.007202 -0.011841 0.010498
-0.311279 0.029419 1.008911 -0.006592 -0.017334 -0.004272
-0.318604 0.044067 1.012329 -0.012817 -0.019775 -0.037842
-0.317261 0.005249 1.013428 -0.015137 -0.027710 -0.069336
-0.286987 -0.024780 1.011597 0.004150 -0.031982 -0.070068
