-0.383789 -0.082886 0.977417 -0.024658 -0.010254 -0.057007
-0.359741 -0.125977 0.971191 -0.012817 0.001099 -0.051758
-0.283447 -0.335205 1.011230 0.111938 0.074951 0.031128
-0.684082 0.774902 0.963989 0.119141 0.033569 -0.028442
-0.374268 -0.145874 0.975220 -0.017090 -0.017090 -0.043701
-0.383301 -0.081299 0.972290 0.005981 -0.000488 -0.024658
-0.386597 -0.068115 0.970581 0.003418 0.009277 0.004883
-0.420776 -0.075928 0.974854 -0.000366 0.012329 0.021606
-0.423340 0.025879 0.974731 0.058105 0.012329 0.043091
-0.682983 0.826294 0.958008 0.163574 0.031982 0.086670
-0.402710 -0.211060 0.983032 -0.018311 -0.026855 -0.018555
-0.431641 0.146851 1.001831 0.117676 0.027466 0.052734
-0.383911 -0.092285 0.975830 -0.007324 -0.006836 -0.025269
-0.391968 -0.143066 0.981689 0.017578 0.000488 -0.023560
-0.398438 -0.086182 0.968018 0.002075 -0.020996 -0.079590
-0.394653 -0.009033 0.974609 0.016479 -0.031982 -0.078003
-0.433350 0.358276 0.956543 0.073608 -0.008667 -0.018311
-0.407715 -0.317993 1.007568 0.011230 -0.024170 -0.030396
-0.405273 -0.102905 0.963989 -0.026367 -0.027832 -0.009644
-0.381714 -0.195313 0.983154 0.015747 -0.023438 -0.016846
-0.347900 -0.052124 0.949585 0.016113 0.002808 0.041504
-0.394653 -0.078369 0.977417 0.016113 0.029419 0.084351
-0.381836 -0.058472 0.974609 0.021851 0.031860 0.086182
-0.403076 -0.046753 0.981201 0.023071 0.034180 0.090820
-0.493652 -0.083252 1.032593 0.022461 0.005737 0.063232
-0.585571 -0.068604 0.981323 0.012817 0.003906 0.062866
0.004272 0.167114 0.787964 0.013306 -0.084839 -0.049683
-0.416382 -0.051880 0.968750 -0.001099 0.020630 0.050415
-0.384766 -0.047241 0.971558 -0.000732 0.002441 0.015137
-0.395264 -0.061279 0.942261 -0.041016 -0.032104 -0.011963
-0.693604 0.141968 1.035522 -0.028687 -0.010010 0.051392
-0.343628 -0.147461 0.968750 0.001343 0.008179 0.163818
-0.289429 -0.059692 0.963623 0.018311 0.008911 0.117065
-0.164917 -0.450439 0.897949 -0.094727 -0.061523 -0.011475
-0.465210 0.032471 0.985107 0.026245 0.034790 0.099243
-0.038452 -0.479980 0.933716 -0.123413 -0.080200 -0.052246
-0.659790 0.290894 0.958130 -0.058716 -0.003906 0.000244
-0.442261 0.042480 0.986328 -0.006470 0.024414 0.109253
-0.442871 -0.002197 0.937378 -0.102539 -0.047363 0.053711
-0.246704 -0.307495 0.969116 -0.143188 -0.080933 -0.013916
-0.340942 -0.014160 0.968506 0.006104 0.022949 0.089111
-0.693359 0.189575 0.976074 -0.182129 -0.022583 0.016357
-0.033936 -0.705078 0.984741 -0.130859 -0.045898 0.011841
-0.295654 -0.139160 0.944092 -0.230103 -0.068359 -0.004883
-0.484985 -0.014038 1.038086 -0.036011 0.024170 0.117188
-0.383789 0.183105 0.966431 0.069702 0.017822 0.113525
-0.362305 -0.327637 1.014404 -0.182373 -0.029785 -0.021362
-0.403442 -0.017944 0.955200 -0.103882 -0.025269 -0.052124
-0.438965 0.028076 0.951782 -0.130249 -0.016968 -0.034058
-0.383667 -0.059082 0.987061 -0.032104 -0.009277 0.052368
-0.397705 -0.037231 0.971680 -0.015137 -0.009033 -0.007690
-0.391113 -0.076782 0.970337 -0.031372 -0.016968 -0.033569
-0.395142 -0.080566 0.969849 -0.032471 -0.014160 -0.027710
-0.406860 -0.098389 0.979248 -0.028076 -0.014404 -0.034912
-0.385986 -0.100952 0.975098 -0.015747 -0.016113 -0.030640
-0.369873 -0.123657 0.973267 0.002441 -0.014160 -0.021484
-0.391357 -0.078491 0.971680 0.026367 -0.009888 -0.001099
-0.399292 -0.026489 0.964600 0.016113 -0.010742 0.006226
-0.408569 -0.043335 0.973389 -0.011597 -0.024902 -0.006836
-0.394653 -0.086670 0.980469 -0.021851 -0.038818 -0.044067
-0.396729 -0.054565 0.963501 -0.003052 -0.048218 -0.054565
-0.458862 -0.122314 0.999268 0.008545 -0.062744 -0.082397
-0.422119 -0.110352 0.979126 -0.002197 -0.035522 -0.064087
-0.317383 -0.098999 0.961792 0.000488 -0.037842 -0.057861
-0.517944 -0.201660 1.059204 0.020020 -0.037476 -0.053833
-0.337646 0.434082 0.927490 0.097412 -0.063843 -0.078491
-0.401855 -0.145874 0.981323 -0.041992 -0.018799 -0.048340
-0.443481 -0.213867 1.028076 0.002441 -0.035034 -0.064087
-0.353516 -0.074585 0.963135 0.045898 -0.040649 -0.086304
-0.488281 -0.153442 1.021851 -0.019531 -0.013550 -0.050293
-0.513794 -0.207275 1.063232 0.007813 -0.038452 -0.066162
-0.425903 -0.007080 0.966064 0.017456 -0.017944 -0.045532
-0.407593 -0.110596 0.993042 -0.007690 -0.014404 -0.017456
-0.337280 -0.067017 0.963745 0.010254 -0.020020 -0.013794
-0.409668 -0.113159 1.020874 0.009277 -0.025513 -0.015625
-0.371094 -0.115845 0.986206 -0.010620 -0.021240 -0.040405
-0.307495 0.061523 0.948486 0.072510 -0.073975 -0.069946
-0.273682 -0.133057 0.973511 -0.013062 -0.027466 -0.022461
-0.343506 -0.144531 0.997314 0.023315 -0.037598 -0.036987
-0.277222 0.087769 0.962036 0.053467 -0.041260 -0.029907
-0.292969 0.023315 0.964722 0.007690 -0.037842 -0.024902
-0.336914 -0.128662 0.991089 -0.020020 -0.014526 0.007446
-0.360229 -0.071655 0.997559 0.001953 -0.026611 -0.013306
-0.340576 -0.063110 0.988037 -0.005127 -0.035156 -0.047485
-0.311035 -0.027832 0.958008 0.042480 -0.083862 -0.106567
-0.341919 -0.096069 0.991821 -0.013184 -0.018799 -0.029785
-0.264404 -0.049072 0.977173 0.012939 -0.038818 -0.031494
-0.331543 -0.029541 0.974365 0.051880 -0.064575 -0.045898
-0.382813 -0.128052 1.012085 -0.010376 -0.026367 0.004639
-0.314087 -0.079102 0.980957 -0.007202 -0.024536 -0.008423
-0.344727 -0.087158 0.995972 -0.014526 -0.011963 0.013184
-0.346191 -0.043457 0.985107 -0.005615 -0.015137 0.021973
-0.343384 -0.089233 1.002197 -0.015991 -0.011719 0.026733
-0.335938 -0.035767 0.974487 0.027832 -0.036621 0.011353
-0.298462 -0.062134 0.985474 -0.008789 -0.018066 0.018433
-0.346313 -0.105835 0.985229 -0.009399 -0.014160 -0.000366
-0.320313 -0.094849 0.994995 -0.001953 -0.008545 -0.002563
-0.353394 -0.046387 0.995728 0.001343 -0.004395 -0.001221
-0.387817 -0.036377 0.995605 -0.004272 0.004761 -0.005249
-0.340210 -0.070557 0.991821 -0.013550 -0.008911 -0.023560
-0.362915 -0.065918 0.995728 -0.021118 -0.021484 -0.054810
-0.331177 -0.075073 0.996216 -0.021362 -0.022949 -0.063965
-0.297852 -0.048950 0.996948 -0.024902 -0.012329 -0.057495
-0.291626 -0.068726 0.990479 -0.044189 0.012939 -0.047607
-0.246338 -0.045532 0.984253 -0.039185 0.071045 0.027100
-0.325439 -0.039551 1.201050 -0.119263 0.127319 0.053589
-0.402588 0.061157 0.994019 -0.167358 0.148071 -0.125366
-0.423218 -0.064087 0.923828 -0.206665 0.095093 -0.133545
-0.409180 -0.135376 0.950562 -0.198242 0.053101 -0.122803
-0.378784 -0.199707 0.931030 -0.154907 0.017822 -0.082764
-0.376709 -0.207520 0.949341 -0.112549 -0.013428 -0.029297
-0.311890 -0.170166 1.006470 -0.074585 -0.015625 -0.000488
-0.354370 -0.098145 1.000732 -0.063232 0.020874 0.014160
-0.363647 -0.127441 0.970947 -0.074951 0.010132 0.018311
-0.377075 -0.122437 0.981079 -0.076172 0.015991 0.016724
-0.386841 -0.136841 0.955322 -0.069580 0.007202 0.011597
-0.361572 -0.152832 0.977539 -0.059204 -0.003906 0.022461
-0.348145 -0.147705 0.987549 -0.045532 0.006592 0.030518
-0.361450 -0.127197 0.979126 -0.044678 0.027344 0.032715
-0.377808 -0.136230 0.971436 -0.053833 0.029297 0.033569
-0.379761 -0.144409 0.963623 -0.046631 0.023193 0.053833
-0.381104 -0.167358 0.951782 -0.035278 0.001221 0.047729
-0.390503 -0.145996 0.952393 -0.000122 -0.008179 0.040527
-0.377441 -0.124390 0.973145 0.009155 -0.022583 0.041016
-0.358521 -0.101440 0.995728 0.005249 -0.013062 0.039551
-0.370850 -0.096802 0.993530 -0.016357 0.000000 0.025024
-0.361938 -0.117065 0.995728 -0.030884 0.013062 0.012695
-0.389648 -0.136108 0.954102 -0.039917 0.015015 0.011353
-0.388184 -0.152100 0.953369 -0.033813 -0.010620 0.020020
-0.384033 -0.151489 0.967529 -0.020264 -0.020874 0.026733
-0.365234 -0.119751 0.975708 -0.012817 -0.019287 0.031860
-0.383667 -0.108643 0.983521 -0.017212 -0.010254 0.025146
-0.351563 -0.127319 0.995605 -0.023804 -0.003052 0.012817
-0.391724 -0.117188 0.973267 -0.028198 0.007568 0.011108
-0.384888 -0.144775 0.963501 -0.029419 -0.004883 0.005493
-0.375977 -0.140259 0.970215 -0.019409 -0.005737 0.001099
-0.375610 -0.135742 0.977173 -0.010376 -0.006470 0.003418
-0.373291 -0.121216 0.975830 -0.013306 -0.005615 0.005005
-0.361938 -0.106079 0.985962 -0.018555 0.006470 -0.003540
-0.377075 -0.129150 0.967163 -0.031128 0.005859 -0.006104
-0.374146 -0.134888 0.970703 -0.031982 0.007080 0.000244
-0.383789 -0.161987 0.956909 -0.029053 0.000366 0.009888
-0.384033 -0.142334 0.964233 -0.010986 -0.006470 0.024536
-0.368530 -0.131226 0.972168 -0.007568 -0.005737 0.023438
-0.366211 -0.130005 0.983887 -0.011475 -0.003418 0.007324
-0.376465 -0.117065 0.979370 -0.016602 0.005859 0.007813
-0.371704 -0.133179 0.974609 -0.023315 0.007324 0.008545
-0.366089 -0.140259 0.972412 -0.021973 0.010254 0.010498
-0.376587 -0.140137 0.967773 -0.014893 0.020508 0.004395
-0.394165 -0.151123 0.958862 -0.011719 0.023560 0.002075
