-0.364502 0.228760 0.960693 -0.012817 -0.006592 -0.008545
-0.360962 0.229614 0.962646 -0.015503 -0.007080 -0.018921
-0.361572 0.208496 0.964111 -0.010254 -0.002930 -0.009521
-0.361206 0.224121 0.963257 -0.005249 -0.005493 -0.010376
-0.361572 0.233887 0.957275 -0.003174 -0.001221 0.001465
-0.370972 0.230835 0.958740 -0.006714 -0.000732 -0.003174
-0.381592 0.208008 0.962280 -0.006714 -0.006470 -0.009399
-0.367188 0.234009 0.961670 -0.002075 -0.014282 -0.009644
-0.351929 0.236572 0.963135 -0.007690 -0.011719 -0.019531
-0.353149 0.257324 0.957886 -0.020508 -0.006104 -0.034790
-0.338989 0.273804 0.956055 -0.050659 0.004272 -0.084351
-0.380981 0.246460 0.955811 -0.078613 0.010376 -0.138916
-0.383667 0.214844 0.960571 -0.080444 -0.002197 -0.171875
-0.351440 0.207397 0.962524 -0.069336 -0.013794 -0.190186
-0.385986 0.182251 0.963501 -0.043945 -0.015747 -0.160156
-0.383789 0.181274 0.963013 -0.017944 -0.021118 -0.132446
-0.368652 0.186279 0.964355 -0.014526 -0.026001 -0.147461
-0.278931 0.352539 0.942261 0.035767 -0.062256 -0.129150
-0.303711 0.217163 0.944580 -0.022217 -0.020996 -0.175415
-0.406250 0.132935 0.959717 0.061890 0.011841 -0.010010
-0.425903 0.117798 0.980469 -0.002930 -0.020752 -0.055176
-0.461060 0.136475 1.022339 0.011475 -0.058594 0.006348
-0.379639 0.296387 0.966064 0.044067 -0.048340 0.059937
-0.561646 -0.127441 0.957642 0.026001 -0.065918 0.003662
0.027832 0.552002 0.944702 0.077026 -0.103882 -0.013672
-0.391357 0.149536 0.954102 -0.049072 -0.014160 -0.035400
-0.450317 0.042603 1.019897 -0.011108 -0.030762 0.017334
-0.511108 0.305054 0.986938 0.056152 -0.084473 0.081665
-0.284058 0.260498 0.981567 0.013062 -0.061157 0.073486
-0.450806 0.142456 0.976318 -0.026123 -0.005981 0.119385
-0.402954 0.192017 0.980103 -0.000366 -0.025757 0.118774
0.125122 0.290771 0.855957 0.003174 -0.109375 0.066162
-0.443604 0.283081 1.010498 0.000977 -0.005615 0.160278
-0.338867 0.078735 0.960815 -0.007202 0.002930 0.138794
-0.453979 0.255737 1.021973 0.018433 -0.011475 0.127563
-0.348022 0.203003 0.968018 0.014282 -0.011719 0.111816
-0.143921 0.066040 0.917725 -0.113892 -0.087280 -0.065552
-0.377563 0.306274 0.983276 0.048584 0.015869 0.177612
-0.224731 -0.109497 0.969116 -0.157715 -0.046875 -0.084961
-0.401245 0.373901 0.989868 -0.007202 0.001709 0.102783
-0.345581 0.505859 0.970093 -0.029053 0.013428 0.078491
-0.336060 0.386841 0.968750 -0.002319 0.012695 0.100098
-0.265259 -0.267700 0.970825 -0.094727 -0.010132 -0.040894
-0.333374 0.258057 0.967529 -0.124756 -0.005371 -0.052734
-0.334839 0.131714 0.908813 -0.147827 0.092896 0.015625
-0.706787 -0.036987 1.082153 -0.038940 0.065430 0.104004
-0.443726 0.264771 0.973145 -0.089722 0.075562 -0.030762
-0.553467 0.130371 0.986938 -0.061646 0.075317 0.019043
-0.193604 0.502686 0.858154 -0.087646 0.091064 -0.057373
-0.167358 0.168457 0.784790 -0.072998 0.085083 -0.022827
-0.561157 0.129150 1.161987 -0.043213 0.130493 0.036255
-0.411499 0.279541 1.083740 -0.077759 0.138062 0.094971
-0.507446 0.008423 1.004395 -0.045532 0.091309 0.185059
-0.325684 0.219849 0.912964 -0.004517 0.032959 0.052612
-0.485962 0.084595 1.037598 -0.019165 0.029053 0.071777
-0.273926 0.329102 0.955811 -0.014648 -0.011108 0.045654
-0.382202 0.218384 0.957275 -0.063965 0.010864 -0.029419
-0.465820 0.126221 0.978516 -0.066040 0.019653 -0.016357
-0.370239 0.183838 0.967773 -0.026367 -0.025024 -0.014160
-0.338867 0.193481 0.962524 -0.023071 -0.018188 -0.062256
-0.369751 0.203979 0.957642 -0.022339 -0.002197 -0.054443
-0.382813 0.174316 0.964111 -0.015747 0.003906 -0.012207
-0.366821 0.184570 0.958374 -0.006226 0.012207 0.083618
-0.393433 0.202026 0.961792 -0.003540 0.011108 0.137573
-0.376221 0.202637 0.965942 -0.005859 -0.000977 0.117065
-0.376709 0.200928 0.963501 -0.009277 -0.006470 0.113403
-0.373535 0.233765 0.962524 -0.014526 -0.007446 0.027466
-0.382935 0.210938 0.965088 -0.022461 -0.008179 -0.017334
-0.403687 0.220459 0.954590 -0.027832 -0.055298 -0.045166
-0.316040 0.199463 0.931763 -0.026978 -0.025635 -0.004028
-0.321167 0.192139 0.943604 -0.036621 -0.030151 -0.015259
-0.436768 0.219116 0.871338 -0.049805 -0.089722 -0.081787
-0.395508 0.219849 0.961060 -0.019653 -0.003174 0.014038
-0.507080 0.257813 1.020264 -0.023071 -0.034180 -0.013794
-0.181885 0.346436 0.910889 -0.077148 -0.155273 -0.161499
-0.440063 0.306641 0.943726 -0.025635 -0.031250 -0.003418
-0.375366 0.164185 0.968506 -0.036255 -0.018311 0.008789
-0.156616 0.176514 0.881714 -0.039185 -0.091064 -0.060425
-0.385010 0.227417 0.972290 -0.025513 -0.027710 -0.017456
-0.329102 0.165283 0.953613 -0.032104 -0.028564 -0.029297
-0.526489 0.227661 1.062744 -0.023804 -0.035645 -0.036377
-0.440918 0.247559 1.016846 -0.023315 -0.024048 -0.034668
-0.408569 0.138306 0.968140 -0.031006 0.006836 -0.009766
-0.502075 0.213501 1.056885 -0.024902 -0.035156 -0.011597
-0.409058 0.145752 0.969604 -0.026245 -0.000366 -0.024414
-0.453369 0.208618 0.984985 -0.028687 -0.051514 -0.027954
-0.387817 0.114136 0.973022 -0.022217 -0.009033 0.013062
-0.380249 0.238770 0.982056 -0.022217 -0.043091 -0.015869
-0.377808 0.196655 0.993652 -0.012695 -0.010010 0.010132
-0.266724 0.184692 0.953491 -0.026123 -0.057129 -0.047485
-0.423340 0.181274 0.980591 -0.024902 0.014648 0.004150
-0.270874 0.166626 0.941406 -0.029419 -0.034668 -0.033325
-0.377075 0.192261 0.992676 -0.025024 -0.018188 -0.008423
-0.222778 0.067139 0.948364 -0.048584 -0.034302 -0.037231
-0.480957 0.189575 1.055420 -0.025146 -0.017944 0.013794
-0.380493 0.182373 0.992676 -0.015259 -0.001099 0.063721
0.177490 -0.036987 0.872437 -0.109863 -0.162354 -0.161865
-0.498901 0.173218 1.034302 -0.028320 -0.014160 0.046265
-0.365601 0.051636 0.995239 -0.038330 -0.055542 0.014648
-0.555298 0.202759 1.038940 -0.011719 -0.048706 0.016479
-0.429810 0.181763 0.964844 0.005981 -0.089355 0.017944
-0.408447 0.247681 1.016479 -0.026733 -0.063721 -0.001465
-0.672974 0.256226 1.110229 -0.022217 -0.035889 0.018555
-0.440063 0.186646 1.016602 0.016602 -0.017334 0.043701
-0.385376 0.066284 0.985352 0.010620 -0.048584 0.003418
-0.636597 0.241211 1.058350 -0.004028 -0.127319 -0.052856
-0.404785 0.169312 1.024536 -0.039551 -0.075317 -0.069458
-0.464600 0.193237 0.988647 -0.018066 -0.074707 -0.099731
-0.106812 0.056274 0.946167 -0.015137 -0.085571 -0.107544
-0.218628 0.126221 1.009033 -0.014771 -0.090454 -0.093750
-0.310791 0.176270 1.024292 -0.014526 -0.073120 -0.054321
-0.142090 0.040039 0.986328 -0.024658 -0.067139 -0.019409
-0.208252 0.255005 0.968628 -0.088013 -0.222534 -0.130493
-0.529541 0.294067 1.070435 -0.019531 -0.035034 0.004272
-0.126709 0.023560 0.951782 -0.080078 -0.132690 -0.134766
-0.315063 0.145264 0.999390 -0.020630 -0.023560 -0.018799
-0.438721 0.194702 1.034912 -0.019165 -0.068237 -0.035522
-0.407104 0.236694 1.007935 -0.028198 -0.076660 -0.016479
-0.152100 0.171021 0.984131 -0.002441 -0.049927 0.042236
-0.180542 0.169189 0.995361 -0.030640 -0.066528 0.062866
-0.498535 0.174072 1.034424 -0.018188 -0.072754 0.088135
-0.109741 0.087891 0.962158 -0.043457 -0.058594 0.084229
-0.357300 0.146973 1.037476 -0.010986 -0.015625 0.124268
-0.409302 0.115723 1.026123 -0.012451 -0.070679 0.041870
-0.363647 0.203613 1.018188 0.028687 -0.039429 0.030518
-0.248169 0.168945 1.004761 0.019531 -0.061157 0.015381
-0.209961 0.187500 1.003540 0.021606 -0.066528 0.032715
-0.236450 0.126587 1.004395 -0.004272 -0.039917 0.022339
-0.247314 0.129761 1.016113 -0.002197 -0.015747 0.049072
-0.286743 0.174683 1.016479 0.010010 -0.024658 0.094604
-0.258301 0.172852 1.015503 -0.003906 -0.046265 0.060425
-0.291626 0.175415 1.013794 -0.007690 -0.029175 0.042236
-0.297119 0.050903 1.028198 0.007935 -0.045776 -0.016968
-0.068359 0.139526 0.985596 0.005005 -0.034912 0.002930
-0.262207 0.143799 1.027344 0.005859 -0.036987 -0.019775
-0.057251 0.304565 0.988403 -0.025879 -0.056396 -0.049194
-0.317627 0.178833 1.027100 -0.017578 -0.022461 0.031372
-0.261475 0.130981 1.014160 -0.005127 -0.041260 0.009399
-0.272095 0.150024 1.016113 0.013184 -0.088745 -0.020630
-0.184937 0.187256 0.998291 0.026123 -0.076782 -0.087769
-0.204224 0.166870 1.009155 0.030029 -0.067993 -0.100708
-0.265991 0.036743 1.015625 0.059937 -0.061279 -0.094116
-0.260254 0.139648 1.013916 0.072998 -0.075439 -0.023438
-0.218872 0.249023 1.016602 0.077881 -0.061768 -0.003540
-0.184082 0.248901 1.011841 0.034058 -0.035156 -0.004395
-0.202515 0.254028 1.010986 -0.014771 -0.004639 -0.047852
-0.248169 0.185791 1.012939 -0.027588 0.000610 -0.053833
-0.238525 0.162964 1.019531 -0.023682 0.003662 -0.032959
-0.227539 0.176270 1.014160 -0.021362 0.005859 -0.018555
-0.231934 0.202637 1.019287 -0.027100 0.019165 -0.020508
