-0.451904 -0.084229 0.950562 -0.017578 -0.013550 -0.003418
-0.442627 -0.074585 0.950073 -0.018066 -0.018555 -0.011230
-0.437256 -0.087524 0.945679 -0.022217 -0.019531 -0.019897
-0.419434 -0.091431 0.949219 -0.014160 -0.015503 -0.005859
-0.442749 -0.073853 0.949463 -0.010254 -0.008911 -0.002930
-0.441528 -0.064819 0.946655 -0.018066 -0.009888 -0.001343
-0.448242 -0.091797 0.939331 -0.021851 -0.005615 0.012085
-0.444458 -0.096313 0.950806 -0.018188 -0.005737 0.005005
-0.453491 -0.084961 0.951538 -0.011719 -0.011108 0.000244
-0.439331 -0.085815 0.946289 -0.008057 -0.015747 -0.010376
-0.434570 -0.074219 0.943481 -0.009521 -0.017822 -0.036499
-0.411255 -0.096924 0.947510 -0.008301 -0.011353 -0.026733
-0.418945 -0.114258 0.941895 -0.000366 -0.004395 -0.031860
-0.401489 -0.140747 0.940186 0.043335 0.033081 0.018066
-0.552368 0.015381 0.950195 0.046631 0.021973 -0.030640
-0.267456 -0.260620 0.920410 0.004883 -0.011353 -0.047363
-0.307617 0.088501 0.930786 0.099609 0.037964 -0.009399
-0.320435 -0.149048 0.946289 -0.048584 -0.046875 -0.071167
-0.403564 -0.114624 0.950684 0.011719 0.000977 -0.024414
-0.609497 0.444580 0.955688 0.196777 0.097656 0.087280
-0.494751 -0.026733 0.954712 -0.000122 0.006714 -0.033691
-0.507813 0.056885 0.920898 0.133911 0.039795 0.067017
-0.442261 -0.004639 0.950928 -0.004028 -0.010986 0.015137
-0.435059 -0.152954 0.943115 0.013672 -0.020630 0.044800
-0.460083 -0.097046 0.949707 -0.023804 -0.012207 0.051758
-0.442383 -0.077148 0.943237 -0.022217 -0.007446 0.028076
-0.444824 -0.074829 0.958496 -0.011475 -0.007813 0.020386
-0.489502 0.252930 0.906494 0.140259 -0.118896 -0.058594
-0.545898 -0.125854 0.959595 -0.057739 0.018799 0.097900
-0.405884 -0.051270 0.911743 0.013428 -0.081787 0.008667
-0.427734 -0.120605 0.947510 -0.033569 -0.011719 0.054443
-0.436157 -0.036377 0.934692 -0.006836 -0.031006 0.030518
-0.455200 -0.046997 0.947754 -0.021973 0.001465 0.042603
-0.437744 -0.077148 0.959229 -0.018433 -0.001709 0.056274
-0.486694 -0.045166 0.940063 -0.008545 -0.026367 0.062744
-0.476685 0.076782 0.878296 -0.012817 -0.060181 0.037109
-0.361816 -0.095703 0.946777 -0.021851 -0.008545 0.098267
-0.157104 -0.189697 0.924194 -0.080566 -0.113403 -0.033081
-0.572754 0.052490 0.975952 -0.021362 -0.021362 0.082764
-0.351318 -0.117310 0.917480 -0.023804 -0.039307 0.026001
-0.519409 0.026733 0.964966 -0.005737 -0.001221 0.049683
-0.401611 -0.057373 0.961792 -0.012573 -0.005859 0.062012
-0.474976 -0.003174 0.915039 -0.159302 -0.116089 -0.067017
-0.271606 -0.341797 0.953247 -0.059814 -0.030884 0.072510
-0.171143 -0.296631 0.922607 -0.142334 -0.099854 -0.014038
-0.490723 0.251099 0.934937 -0.089355 -0.065796 0.004761
-0.513916 0.066406 0.969971 0.000610 0.001099 0.072388
-0.289917 -0.318237 0.939331 -0.106812 -0.066040 -0.030396
-0.351196 -0.203125 0.958130 -0.037231 -0.011719 0.038330
-0.512207 0.171997 0.970825 -0.048706 -0.008911 0.036255
-0.388672 -0.174316 0.952271 -0.056396 0.000000 0.071411
-0.658936 0.295532 0.913086 -0.060181 -0.003540 0.092773
-0.484619 0.159668 0.891357 -0.087769 -0.020752 0.044189
-0.163818 -0.906616 1.000610 -0.110718 -0.026001 0.040161
-0.349243 0.076904 0.839233 -0.072998 0.013062 0.038696
-0.334961 0.520996 0.821045 0.034668 0.016113 0.106934
-0.454956 0.286011 0.905273 -0.070313 0.021118 0.097900
-0.439941 0.157471 0.949585 0.023926 0.021729 0.138916
-0.436523 0.001587 0.947510 -0.026611 0.001099 0.107178
-0.493164 -0.102905 0.989014 -0.029907 0.033447 0.123901
-0.417847 0.038696 0.947266 0.020630 0.001709 0.035767
-0.651367 -0.393921 1.018311 -0.250488 0.037354 -0.009399
-0.206543 -0.104736 0.880859 -0.085571 -0.005005 0.027954
-0.363892 0.248535 0.860107 -0.022217 0.037598 0.120728
-0.453247 -0.142578 0.996460 -0.007935 0.039307 0.150879
-0.404541 0.201294 0.895996 -0.059326 0.020630 0.032837
-0.314819 -0.385986 0.968018 -0.075317 -0.019653 0.017700
-0.389771 0.144897 0.906738 0.012085 0.010986 0.046875
-0.631958 -0.656494 1.080566 -0.154175 0.032104 -0.011108
-0.442261 -0.009521 0.987061 -0.049805 0.018921 0.015259
-0.349243 0.069092 0.937012 0.011841 -0.011719 0.000000
-0.435791 0.007813 0.948730 -0.033691 -0.001465 -0.000732
-0.456421 -0.050781 0.948975 -0.058105 -0.012329 -0.045288
-0.428589 -0.099243 0.946777 -0.049927 -0.021484 -0.052979
-0.415405 -0.095459 0.947998 -0.035278 -0.014038 0.001099
-0.456055 -0.058960 0.958740 -0.022827 -0.016235 0.034180
-0.438110 -0.035889 0.947266 -0.031250 -0.022705 0.029419
-0.674316 -0.279053 0.978638 0.000122 -0.070923 0.005005
-0.443115 -0.264893 0.957764 -0.091797 -0.011475 0.010376
-0.496826 -0.151245 0.961548 0.071167 -0.133057 -0.068604
-0.429565 0.006470 0.921387 -0.005737 -0.065918 0.002686
-0.415161 -0.032227 0.947632 -0.008179 -0.067871 -0.056030
-0.431641 -0.142090 0.991699 0.000366 -0.055542 -0.101074
-0.597046 -0.611450 1.026733 -0.025391 -0.058716 -0.144897
-0.575928 -0.102051 0.968628 -0.058228 -0.007080 -0.015259
-0.421753 -0.133057 0.948486 -0.015503 -0.029419 -0.005493
-0.425293 -0.054688 0.987305 0.027222 -0.037842 0.026123
-0.531006 -0.292358 1.018921 -0.001709 -0.054932 -0.054810
-0.376221 -0.169922 0.947876 -0.060913 -0.021851 -0.064331
-0.422241 -0.152100 0.963501 -0.022827 -0.017578 -0.002686
-0.513916 -0.159790 1.043457 0.015381 -0.029419 -0.016357
-0.457397 -0.073120 0.976807 -0.019165 -0.011597 -0.051880
-0.419067 -0.071533 1.037598 0.013794 -0.064087 -0.075195
-0.518066 -0.175171 0.990234 -0.044189 -0.013794 -0.018311
-0.398682 -0.207031 0.952148 -0.020630 -0.010986 -0.006592
-0.789673 -0.352417 1.080322 0.034790 -0.046753 0.000488
-0.383179 0.108643 0.932495 0.010376 -0.015503 0.050415
-0.488403 -0.118042 1.001099 -0.004150 -0.031616 0.009644
-0.141235 0.210083 0.878906 0.027222 -0.097290 -0.066284
-0.364380 -0.054077 0.968384 0.007935 -0.103882 -0.087524
-0.450684 -0.101563 0.982910 -0.028931 -0.035278 -0.034058
-0.376465 -0.088623 0.957397 -0.000488 -0.054932 -0.047729
-0.452026 -0.147339 0.991211 0.008911 -0.045532 -0.019531
-0.404907 -0.049316 0.968994 -0.011353 -0.026123 0.017456
-0.399902 -0.113647 0.986694 0.023438 -0.047852 0.006348
-0.502319 -0.114136 1.008789 -0.034668 -0.018555 0.010010
-0.195679 -0.095703 0.912354 0.046631 -0.098022 -0.097656
-0.558838 -0.258301 1.062012 0.017456 -0.027222 0.012451
-0.452759 -0.048706 0.971191 -0.002197 -0.000854 0.043701
-0.436157 -0.110596 0.993896 0.012939 -0.021606 0.026367
-0.359131 -0.062988 0.970581 -0.013916 -0.027588 0.015503
-0.257568 0.033691 0.934570 -0.006836 -0.057861 -0.004761
-0.418579 -0.109009 1.011230 -0.015747 -0.036255 0.017822
-0.456665 -0.128418 1.013428 0.003418 -0.042847 0.000732
-0.141113 0.118896 0.901367 -0.016113 -0.076416 -0.071289
-0.483643 -0.217651 1.063354 -0.038940 -0.042969 -0.069824
-0.219238 0.006104 0.930420 -0.008789 -0.049683 -0.130615
-0.416870 -0.288208 1.010742 0.031128 -0.051025 -0.068359
-0.390625 -0.096680 0.980713 -0.011353 -0.008911 -0.002441
-0.296631 0.089233 0.949829 0.027832 -0.036011 -0.018433
-0.381470 -0.064453 0.985474 -0.012451 -0.013184 0.026123
-0.370728 -0.065796 0.982666 -0.019409 -0.022339 0.004761
-0.378052 -0.066406 0.987793 -0.019409 -0.027344 -0.010742
-0.352905 -0.076538 0.984985 -0.018311 -0.027588 -0.020020
-0.336304 -0.078491 0.987427 -0.012695 -0.020386 -0.023315
-0.350220 -0.080200 0.984131 -0.015137 -0.014648 -0.029419
-0.360352 -0.080444 0.982300 -0.007202 -0.004883 -0.012329
-0.388794 -0.050781 0.988892 -0.002441 -0.001587 0.020142
-0.375610 -0.065674 0.985840 -0.006348 -0.010254 0.009888
-0.355713 -0.075195 0.986328 -0.003906 -0.011353 -0.004639
-0.355103 -0.074463 0.981079 -0.002197 -0.010254 0.001709
-0.311890 -0.104370 0.984985 -0.000366 -0.000244 0.000854
-0.358398 -0.061157 0.989136 0.006714 0.012695 0.025024
-0.424805 -0.008057 0.986694 0.003540 0.008789 0.004028
-0.405518 -0.040771 0.982300 -0.017700 -0.013916 -0.027832
-0.347290 -0.114014 0.988281 -0.014160 -0.026611 -0.045410
-0.347168 -0.101929 0.986694 0.010376 -0.024780 -0.020874
-0.348022 -0.064453 0.982056 0.026855 -0.011475 -0.003784
-0.365967 -0.013794 0.982910 0.017944 0.001587 0.000000
-0.358154 -0.056641 0.981934 -0.003662 0.006348 -0.008911
-0.397217 -0.066895 0.987183 -0.000732 0.009033 -0.016357
-0.367310 -0.053589 0.991699 0.007690 0.000977 -0.013184
-0.337646 0.021606 0.983765 -0.018799 0.013062 -0.002319
-0.340454 0.020996 0.984619 -0.074585 0.034058 -0.011108
-0.271118 0.077759 0.948608 -0.131592 0.063354 -0.026367
-0.347412 -0.176636 1.083130 -0.148682 0.049683 -0.006104
-0.457886 -0.076904 0.927490 -0.107666 0.055542 -0.050659
-0.370361 -0.079590 0.985352 -0.078979 0.026855 -0.016113
-0.392456 -0.033081 0.974243 -0.083984 0.041260 -0.031616
-0.381348 -0.025391 0.993652 -0.133545 0.028809 -0.059570
