-0.366577 0.020508 0.986572 -0.017944 -0.008789 -0.010742
-0.365356 0.013184 0.988159 -0.011475 -0.009644 -0.018677
-0.351685 0.063110 0.988159 -0.003418 -0.012085 -0.021606
-0.367554 0.046631 0.982056 -0.014648 -0.009521 -0.014648
-0.374268 0.019653 0.988403 -0.020142 -0.011353 -0.025879
-0.369385 0.022583 0.990967 -0.011719 -0.011963 -0.021362
-0.366577 0.022217 0.989136 -0.010376 -0.011230 -0.009033
-0.367065 0.017578 0.986328 -0.009521 -0.011475 -0.000244
-0.364624 0.034424 0.986572 -0.008423 -0.009521 0.008423
-0.360107 0.038696 0.989014 -0.009766 -0.003296 0.026123
-0.378174 0.062622 0.989990 -0.021973 0.000977 0.027100
-0.303955 -0.207153 0.979614 -0.017212 -0.008301 0.000977
-0.361084 0.007080 0.987061 -0.051514 -0.022217 -0.058838
-0.165649 -0.465332 0.964355 0.021118 -0.006958 -0.030396
-0.355591 -0.188354 0.971436 0.080078 0.004883 -0.007202
-0.462280 0.022949 0.989258 -0.044922 -0.020752 -0.098022
-0.298706 -0.107178 0.994019 -0.001465 -0.018188 -0.030762
-0.331421 0.104126 0.981934 0.046021 -0.012329 -0.025391
-0.350830 -0.093018 0.988037 0.055420 0.009521 0.016602
-0.341309 -0.075928 0.990479 -0.061646 -0.010498 -0.027710
-0.351807 -0.021606 0.984497 0.010986 -0.019897 -0.004883
-0.414063 0.421631 0.982666 0.107056 -0.020386 0.063354
-0.437622 -0.057251 0.997803 -0.002563 -0.017578 0.057617
-0.430908 -0.054810 0.985107 -0.028687 -0.014893 0.062866
-0.495361 -0.066528 1.065430 -0.011230 -0.034424 0.063599
-0.272217 0.028320 0.965088 0.014038 -0.052124 0.018066
-0.338013 0.063599 0.975220 -0.007324 -0.023804 0.005493
-0.365112 0.057129 0.986816 -0.001465 -0.028320 0.029053
-0.377075 0.039551 0.991577 -0.008423 -0.007568 0.067261
-0.413696 0.090942 1.010132 -0.010864 -0.045044 0.031372
-0.349976 0.037964 0.979614 -0.030518 -0.018188 0.038574
-0.365723 0.069824 0.969727 -0.027222 -0.050537 0.008545
-0.380859 0.040161 0.994019 -0.016357 -0.001221 0.075806
-0.245361 0.029419 0.973389 -0.033569 -0.042236 0.022217
-0.463379 0.183716 1.008301 -0.049683 -0.023926 0.008911
-0.482544 0.157104 1.023926 -0.033203 -0.021851 0.023438
-0.121460 -0.385132 0.972290 -0.098267 -0.047729 -0.007080
-0.365723 0.000244 0.999023 -0.049438 -0.024780 0.021851
-0.419800 0.282715 1.036499 -0.027100 0.003174 0.056641
-0.155762 -0.266479 0.967163 -0.140259 -0.066650 -0.037354
-0.384277 0.149170 0.997314 0.016357 -0.000610 0.076050
-0.068115 -0.584595 0.989380 -0.170532 -0.096436 -0.127319
-0.345215 0.233887 0.985352 -0.017944 -0.014526 0.037231
-0.236694 -0.734131 1.087036 -0.174805 -0.038330 -0.055908
-0.336792 0.366211 0.966064 -0.010254 0.021606 0.073486
-0.338623 -0.547119 1.038452 -0.107300 -0.012939 0.037720
-0.235474 -0.104980 0.971802 -0.146362 -0.034180 -0.023682
-0.184082 -0.127808 0.992432 -0.023193 -0.010010 0.067139
-0.278564 -0.227417 0.967773 -0.196289 0.015503 -0.013672
-0.183594 -0.268433 1.010010 -0.054077 -0.022339 0.081909
-0.183350 -0.293823 0.916260 -0.145630 -0.018555 0.015991
-0.327759 0.124390 0.992676 0.033081 0.022949 0.123047
-0.309814 -0.101074 1.017334 -0.156738 -0.004028 -0.008423
-0.327393 -0.197510 1.025146 -0.051758 0.024902 0.046143
-0.424683 -0.012695 0.984375 -0.122070 0.057861 0.141479
-0.573608 -0.346680 1.061279 -0.080078 0.018677 0.122925
-0.472656 -0.091187 1.039429 -0.067261 0.022339 0.087646
-0.348145 -0.013306 1.007446 -0.005981 0.011475 0.083862
-0.362671 0.129639 0.987183 -0.017822 0.002197 0.041992
-0.375488 -0.002197 0.990356 -0.056885 -0.005371 -0.021973
-0.366577 -0.026978 0.992432 -0.029663 -0.015259 -0.023071
-0.358765 0.012573 0.993286 -0.011963 -0.018921 -0.026123
-0.368164 0.040527 0.989624 -0.013062 -0.020630 -0.036377
-0.351807 0.012817 0.992798 -0.019043 -0.023315 -0.044434
-0.358398 0.009155 0.990723 -0.015625 -0.025757 -0.042358
-0.356934 0.006958 0.995361 -0.004761 -0.028809 -0.027344
-0.350830 0.036255 0.992676 -0.005127 -0.030029 -0.034912
-0.335938 0.021851 1.000610 -0.011108 -0.022949 0.001709
-0.339111 0.064941 0.984863 -0.002686 -0.043579 -0.025879
-0.371582 -0.006592 0.993042 -0.036743 -0.026978 -0.047607
-0.356079 -0.005371 1.005493 -0.015259 -0.034668 -0.046875
-0.356567 0.007202 1.001953 -0.005249 -0.031982 -0.018188
-0.383057 -0.046387 1.015015 0.007080 -0.045654 -0.030762
-0.300171 0.083862 0.950439 0.003784 -0.042358 -0.030762
-0.393066 -0.056641 1.028320 -0.026611 -0.021973 -0.005493
-0.211548 -0.044800 0.960205 -0.008667 -0.065430 -0.053345
-0.461548 -0.071289 1.074951 0.002808 -0.041138 -0.015869
-0.311768 0.037598 0.976563 -0.014526 -0.012207 -0.007202
-0.349731 -0.006592 0.993774 -0.015991 -0.016113 0.020386
-0.346680 0.005371 1.000244 -0.000977 -0.023193 0.035645
-0.348633 0.034424 1.007568 -0.000122 -0.029663 0.013550
-0.444458 0.020752 1.065063 -0.005737 -0.059692 -0.037231
-0.222656 0.123657 0.955566 -0.001953 -0.077026 -0.052246
-0.363770 -0.006226 0.977661 -0.054199 -0.004395 -0.061279
-0.360596 -0.040649 1.014648 -0.006470 -0.036133 -0.026978
-0.349976 0.005737 1.017212 0.008179 -0.028320 0.009033
-0.097168 0.290527 0.942383 0.050415 -0.128662 -0.039673
-0.166260 0.077271 0.961426 -0.013794 -0.057007 -0.016113
-0.214844 0.314453 0.941162 0.062622 -0.120239 0.008789
0.020508 0.436157 0.947144 0.110718 -0.090332 0.121826
-0.350220 -0.004028 1.011475 0.034546 -0.010742 0.108398
-0.530396 0.014771 1.072021 0.065063 -0.058105 0.079102
-0.280518 0.026245 0.987793 0.028564 -0.017578 0.040649
-0.395630 -0.017212 1.053101 0.028809 -0.024170 0.043579
-0.212036 -0.002075 0.992920 -0.006226 -0.045288 -0.045410
-0.191406 0.104370 0.999878 0.080688 -0.092773 0.001099
-0.308472 -0.003418 1.012817 0.030151 -0.038818 0.035400
-0.656128 -0.113037 1.102417 0.006348 -0.041992 0.005615
-0.400879 -0.000977 1.008667 0.005737 0.021118 0.086670
-0.315308 0.027588 1.008057 0.021362 -0.011597 0.075562
-0.309448 0.054077 1.023682 0.020752 -0.020630 0.043701
-0.019775 0.484497 0.947021 0.080688 -0.165649 -0.012207
-0.332520 0.033936 1.009888 -0.002319 -0.005249 0.006958
-0.330688 -0.006592 1.012695 -0.001465 -0.012451 0.012817
-0.302612 0.029297 1.020508 0.019409 -0.019287 0.031006
-0.360596 0.116333 1.027832 0.038086 -0.064209 0.036133
-0.479614 0.083374 1.071899 0.010132 -0.042969 0.058594
-0.256592 0.108765 1.002686 0.011963 -0.045044 0.064453
-0.280640 0.062134 1.010742 0.010620 -0.043579 0.037598
-0.305664 0.004272 1.018921 0.018311 -0.042725 0.013428
-0.272461 0.091919 1.002441 0.078247 -0.051270 0.069214
-0.311401 0.174072 1.001221 0.041748 -0.061401 0.072388
-0.371582 0.112671 1.035645 0.008423 -0.035522 0.078003
-0.267090 0.100952 1.015137 -0.009033 -0.029907 0.053345
-0.267700 0.044189 1.007690 -0.005005 -0.044189 0.033081
-0.301147 0.071045 1.020996 0.006226 -0.011963 0.054443
-0.288574 0.103638 1.010986 0.009644 -0.021606 0.020874
-0.282104 0.110107 1.014282 -0.009277 -0.017456 -0.027222
-0.277832 0.085693 1.018433 -0.026001 -0.015869 -0.055176
-0.283447 0.065796 1.020386 -0.025024 -0.014771 -0.029785
-0.274780 0.086304 1.020630 -0.021362 -0.013672 -0.025269
-0.268799 0.063721 1.021484 -0.024902 -0.010986 -0.044922
-0.270752 0.088257 1.017456 -0.017700 0.001221 -0.025146
-0.151733 0.153442 1.011841 -0.039673 0.024658 -0.002197
-0.105713 0.230469 1.035645 -0.145264 0.135376 -0.018188
-0.102417 0.205933 1.210327 -0.232666 0.285889 -0.183594
-0.358154 0.172241 0.952881 -0.286377 0.357422 -0.222900
-0.354858 -0.105713 0.969849 -0.278198 0.309570 -0.180420
-0.431641 -0.118774 0.939819 -0.200317 0.274536 -0.155273
-0.486816 -0.139526 0.901367 -0.129517 0.182251 -0.120117
-0.428467 -0.129761 0.934692 -0.048096 0.067749 -0.026245
-0.382080 -0.046143 0.988403 0.010498 0.015747 0.038696
-0.340454 0.065796 1.002075 0.019897 0.006470 0.030151
-0.336426 0.078247 1.001343 -0.024414 0.007446 -0.002075
-0.350342 0.043823 1.002319 -0.046753 0.015381 0.006592
-0.365601 -0.004639 0.985718 -0.057251 0.011963 0.008301
-0.369873 -0.033081 0.985962 -0.034058 0.001099 0.000366
-0.371338 -0.021240 0.980225 -0.006470 -0.004761 -0.010498
-0.358521 -0.003174 0.991333 -0.000122 -0.011963 -0.014282
-0.362427 0.045044 0.988403 -0.005005 -0.038086 0.044678
-0.348389 0.023193 0.999756 -0.020142 -0.037109 0.047607
-0.319702 -0.012085 1.019043 -0.012329 -0.025391 0.043457
-0.372925 0.036499 0.980347 -0.006958 -0.009644 0.031250
-0.368652 0.018555 0.983276 -0.006836 -0.024902 0.015625
-0.346680 0.016602 0.998901 -0.005859 -0.033447 0.012939
-0.325684 0.023682 1.009644 -0.012329 -0.027222 0.005371
-0.346069 0.038574 0.994751 -0.019897 -0.011597 -0.008423
-0.370239 0.005493 0.979614 -0.028931 -0.024414 0.010010
-0.373047 -0.006714 0.975952 -0.028442 -0.043945 0.031494
-0.331055 -0.003540 1.004272 -0.011353 -0.053223 0.043091
