-0.396362 0.250366 0.942749 -0.018677 -0.007080 0.001465
-0.397461 0.253296 0.930542 -0.016357 -0.009644 -0.009277
-0.394531 0.250488 0.941895 -0.020508 -0.013184 -0.026978
-0.386475 0.232666 0.936768 -0.021729 -0.008423 -0.020386
-0.396729 0.228882 0.938477 -0.013184 -0.005493 -0.005371
-0.394653 0.235962 0.938232 -0.005249 -0.005737 0.006104
-0.397095 0.250366 0.937378 -0.003906 -0.004395 0.019165
-0.398315 0.268677 0.940186 -0.010620 -0.006592 0.002075
-0.399780 0.253296 0.945068 -0.018677 -0.010742 -0.020630
-0.381226 0.228149 0.940430 -0.017456 -0.008301 -0.018677
-0.395996 0.246826 0.935669 -0.009155 -0.001953 0.006836
-0.403320 0.243408 0.942505 -0.011353 -0.006104 0.000854
-0.400757 0.247437 0.942505 -0.011841 -0.011230 -0.011475
-0.391602 0.240601 0.939697 -0.008301 -0.012451 -0.000488
-0.383057 0.249146 0.939209 -0.006592 -0.007324 0.003906
-0.379028 0.258911 0.938599 -0.012207 -0.000244 0.006592
-0.392700 0.252808 0.938599 -0.018677 0.006714 -0.003174
-0.423584 0.238281 0.942017 -0.022339 -0.000732 -0.031006
-0.417847 0.219116 0.942993 -0.014526 -0.019775 -0.037354
-0.386963 0.267212 0.937988 -0.004883 -0.022827 -0.013916
-0.380127 0.281860 0.941040 -0.025269 -0.015747 -0.026123
-0.387573 0.247681 0.941040 -0.043701 -0.012085 -0.052612
-0.388428 0.217529 0.940552 -0.036133 -0.006714 -0.034424
-0.400024 0.208984 0.944824 -0.019043 -0.001709 -0.013428
-0.407471 0.229370 0.939087 -0.001221 -0.004883 -0.010010
-0.406738 0.252930 0.937988 0.009521 -0.007446 -0.004883
-0.402100 0.259399 0.939697 0.008057 -0.012451 -0.013550
-0.394531 0.255005 0.944092 0.000000 -0.015869 -0.046021
-0.397461 0.234863 0.937256 -0.006470 -0.014526 -0.059692
-0.396973 0.174438 0.935303 0.017700 -0.020264 -0.031982
-0.430298 -0.008789 0.932007 0.008301 -0.029053 -0.070068
0.004761 0.964844 0.928589 0.107422 -0.076050 -0.033203
-0.493286 0.006104 0.960938 -0.003052 -0.024902 -0.040649
-0.282227 0.657471 0.949585 0.137817 -0.059814 0.017944
-0.387085 0.211792 0.942261 -0.022827 -0.013672 -0.023071
-0.405396 0.244873 0.947021 0.000366 -0.007080 0.048828
-0.407471 0.277222 0.943726 0.005493 -0.012573 0.064819
-0.322876 0.252563 0.945190 0.061523 -0.061768 0.037109
-0.426636 0.185913 0.956299 -0.005981 -0.026611 0.042603
-0.208374 0.479370 0.903198 0.006714 -0.063232 0.053955
-0.471802 0.194214 0.963623 -0.033203 -0.015869 0.028198
-0.397217 0.217285 0.955322 -0.003418 -0.050903 0.019653
-0.321411 0.344360 0.942627 -0.001953 -0.038574 0.114380
-0.034302 0.377930 0.827026 -0.023682 -0.099731 0.036011
-0.359375 0.161865 0.965088 -0.035156 -0.034058 0.051514
-0.233765 0.238525 0.888062 -0.028320 -0.054199 0.045776
-0.476440 0.349365 1.013062 -0.015869 -0.004639 0.131348
-0.352417 0.267334 0.923218 -0.011841 -0.013672 0.092285
-0.398438 0.263428 0.957764 -0.027832 -0.017090 0.052856
-0.315063 0.164795 0.932495 -0.078857 -0.047729 -0.004272
-0.326416 0.139404 0.940063 -0.061768 -0.013428 0.051636
-0.441406 0.724976 1.011597 -0.060181 0.002808 0.131958
-0.228149 0.246216 0.950928 -0.130859 -0.011108 0.112427
-0.457275 0.276733 0.963257 -0.065308 0.012451 0.147339
-0.501709 0.517090 0.965698 -0.113159 0.021729 0.057251
-0.245728 1.106812 0.911133 -0.052124 0.036743 0.107056
-0.118408 1.090820 0.870361 -0.025024 0.063354 0.245728
-0.326294 -0.008545 0.955322 -0.082275 0.104980 0.229614
-0.546021 0.156494 0.904297 -0.054199 0.042725 0.196533
0.037598 0.432373 0.806885 0.089844 0.033691 0.237549
-0.390137 0.145142 0.812500 -0.041016 0.113770 0.174805
-0.454590 0.122070 1.049316 -0.020142 0.151733 0.187988
0.160156 0.693359 0.791992 0.070923 -0.012207 0.165771
-0.835327 0.192261 1.001831 0.049072 0.020264 0.173706
-0.968872 -0.068604 1.075928 -0.056641 0.149170 0.067749
-0.338257 0.349487 0.957153 -0.041016 0.004272 -0.074463
-0.342773 0.306763 0.942383 -0.074707 0.015503 -0.081177
-0.381104 0.252075 0.938110 -0.070435 0.015747 -0.070923
-0.395386 0.192505 0.942871 -0.053345 0.004272 -0.065430
-0.397461 0.245605 0.940918 -0.024292 0.004150 0.011597
-0.389160 0.260132 0.936523 -0.017212 0.005127 0.038208
-0.398804 0.272827 0.957275 -0.012451 0.006714 0.107300
-0.520386 0.303101 1.010498 -0.024780 -0.016602 0.104126
-0.630737 0.276855 1.053833 -0.075562 -0.007446 -0.009277
-0.083862 0.331299 0.856567 -0.075439 -0.058350 -0.049561
-0.811157 0.298340 0.944824 -0.094360 -0.123901 -0.064819
-0.179810 0.143921 0.870117 -0.091309 -0.057617 -0.075195
-0.961548 0.469482 1.132080 -0.058838 -0.044189 -0.011963
-0.354614 0.217163 0.984497 -0.054077 -0.074341 -0.033081
-0.308716 0.208252 0.919922 -0.040161 -0.014771 0.006470
-0.291260 0.145996 0.849365 -0.067139 -0.111572 -0.132690
-0.370483 0.287720 0.974121 -0.084961 -0.066528 -0.124634
-0.293335 0.153931 1.018555 -0.103882 -0.078491 -0.154785
-0.500244 0.213135 0.951538 -0.036499 0.030273 0.020020
-1.019165 0.423706 1.004517 -0.020020 -0.070801 0.012695
-0.185181 0.274536 0.867920 -0.043579 -0.139404 -0.065674
-0.429688 0.210083 0.996948 -0.047974 -0.024536 0.027222
-0.188110 0.415649 0.840332 -0.063721 -0.199951 -0.140869
-0.521729 0.235352 1.021118 -0.031616 -0.015869 0.035156
-0.098633 0.396606 0.952393 -0.017334 -0.139526 -0.102539
-0.647339 0.215088 1.071167 -0.041626 -0.020020 -0.044067
-0.512695 0.234497 0.983154 -0.024292 0.005005 -0.006348
-0.218750 0.102173 0.939087 -0.022705 -0.094360 -0.034180
0.596558 0.141357 0.781616 -0.037354 -0.210693 -0.102905
-0.605591 0.233765 1.132813 -0.041016 -0.061890 0.009521
-0.535400 0.188721 0.983521 -0.027588 0.005615 -0.028320
0.373901 0.143799 0.857788 -0.045776 -0.133545 -0.119385
-0.183838 0.137329 0.945068 -0.033936 -0.099487 -0.004028
-0.362549 0.115356 0.916138 -0.046997 -0.107666 0.019165
-0.490356 0.243042 1.039063 -0.027832 0.002441 0.109497
0.307983 0.120483 0.823975 -0.066406 -0.150146 -0.052368
-0.632813 0.156738 1.005615 -0.058105 -0.111328 0.022339
-0.396606 0.181396 0.978760 -0.008545 -0.005005 0.092041
-0.337158 0.171387 0.981689 -0.000122 -0.001953 0.088379
-0.375244 0.296509 0.984009 0.015747 -0.015259 0.119019
-0.179688 0.224243 0.954102 -0.023804 -0.042969 0.027222
-0.315186 0.238037 0.980591 -0.034668 -0.001831 -0.027588
-0.330078 0.173828 0.979980 -0.027344 -0.009155 -0.015625
-0.309204 0.152710 0.984009 -0.010132 -0.014526 0.020630
-0.332397 0.215332 0.981445 -0.003418 -0.014526 0.041870
-0.307251 0.157104 0.980469 -0.006714 -0.017578 0.014771
-0.323853 0.229858 0.980225 -0.014282 -0.021606 -0.043213
-0.310425 0.212769 0.983032 -0.022339 -0.020508 -0.128296
-0.354248 0.175171 0.986816 -0.014282 -0.016113 -0.089478
-0.307861 0.211670 0.979248 0.003418 -0.027466 -0.038086
-0.290161 0.203857 0.983276 0.000977 -0.019409 0.000732
-0.307129 0.238037 0.984497 -0.013184 -0.007324 -0.002319
-0.316650 0.185425 0.986816 -0.022705 -0.006470 -0.022705
-0.346924 0.150757 0.980957 -0.003662 -0.015869 -0.004150
-0.322754 0.200439 0.982056 0.014038 -0.029663 0.020264
-0.297729 0.235718 0.981812 0.009644 -0.026245 0.011475
-0.310181 0.249634 0.978394 -0.009033 -0.013672 -0.020386
-0.303711 0.209229 0.983398 -0.021606 -0.004028 -0.033691
-0.310425 0.211426 0.979858 -0.027466 -0.006592 -0.039429
-0.323364 0.210815 0.982422 -0.027222 -0.006592 -0.029175
-0.310425 0.212036 0.984131 -0.025146 -0.004639 -0.029175
-0.248535 0.224854 0.982544 -0.028931 0.008911 -0.030518
-0.258667 0.294312 0.977783 -0.036255 0.058960 -0.001465
-0.268555 0.314453 0.967041 -0.096069 0.103516 -0.095581
-0.288208 -0.393433 1.068115 0.006714 0.278320 -0.109741
-0.236694 0.369751 1.190796 0.047729 0.283081 -0.124390
-0.345825 0.409302 0.935303 -0.094116 0.339722 -0.136963
-0.343994 0.308716 0.931274 -0.183716 0.299194 -0.150269
-0.379150 0.227051 0.956421 -0.247803 0.297119 -0.178955
-0.489624 0.087402 0.890869 -0.209961 0.288940 -0.213013
-0.558350 0.075439 0.836548 -0.151001 0.187500 -0.188843
-0.560547 0.060669 0.868652 -0.138672 0.070557 -0.122803
-0.530884 0.050171 0.895752 -0.106567 -0.018188 -0.028076
-0.479980 0.077148 0.920288 -0.056519 -0.085083 0.044189
-0.398071 0.107910 0.972778 -0.026611 -0.098999 0.067993
-0.364380 0.159302 0.979492 -0.019897 -0.081421 0.061401
-0.376587 0.153809 0.965698 -0.021362 -0.060303 0.048218
-0.422852 0.147705 0.961304 -0.018799 -0.049561 0.044434
-0.437500 0.110596 0.934937 -0.016968 -0.066650 0.056763
-0.417969 0.118042 0.954346 0.000610 -0.084961 0.072144
-0.394653 0.140503 0.959473 0.021240 -0.096436 0.078857
-0.356567 0.178345 0.978516 0.022217 -0.085449 0.076172
-0.351196 0.177246 0.994995 0.009399 -0.063477 0.063354
-0.357544 0.174438 0.976074 -0.002686 -0.041870 0.048706
-0.386963 0.162476 0.969849 0.000854 -0.026978 0.031738
