-0.379761 -0.066162 0.984375 -0.015991 -0.017700 -0.020020
-0.365845 -0.047852 0.976074 -0.014893 -0.019287 -0.023682
-0.348267 -0.044556 0.984863 -0.027344 -0.009033 -0.011353
-0.363892 -0.078125 0.980957 -0.026245 0.004761 0.020874
-0.370605 -0.089966 0.980835 -0.010498 0.010376 0.020752
-0.368042 -0.072266 0.981567 0.005737 0.013306 0.028076
-0.381592 -0.022583 0.980835 0.003784 0.014526 0.030640
-0.404541 -0.014038 0.974976 -0.026855 0.004272 -0.001343
-0.414429 -0.037476 0.979614 -0.048950 -0.014526 -0.033325
-0.392578 -0.044189 0.980225 -0.067017 -0.034668 -0.075928
-0.373657 -0.058105 0.978149 -0.073608 -0.041748 -0.067383
-0.361206 -0.088013 0.976807 -0.071045 -0.032104 -0.041870
-0.358765 -0.117188 0.982300 -0.050781 -0.020874 -0.042847
-0.363525 -0.111816 0.985474 -0.024658 -0.015747 -0.052612
-0.362183 -0.067871 0.982178 -0.006958 -0.010010 -0.045410
-0.369873 0.072510 0.967529 0.028076 0.004150 -0.023193
-0.190186 -0.336792 0.940552 -0.019531 0.000122 -0.045654
-0.365112 -0.118042 0.973877 -0.025757 -0.014771 -0.077637
-0.069824 -0.634766 0.892944 0.060669 0.029663 -0.010742
-0.282471 -0.057129 0.961914 0.016479 -0.022827 -0.120117
-0.572144 0.068115 0.994263 -0.015625 -0.035400 -0.143433
-0.299561 -0.151123 0.992065 -0.023926 -0.048340 -0.084961
-0.169067 -0.159180 0.974731 0.147339 0.035767 0.029541
-0.312256 -0.607910 1.002930 -0.077271 -0.021606 -0.129150
-0.267456 -0.217896 0.990234 0.026978 -0.017456 0.009033
-0.296143 0.819092 0.983643 0.287231 -0.002319 0.068604
-0.422607 -0.190796 1.002930 -0.027100 -0.015869 -0.006348
-0.239624 -0.401733 0.987549 -0.091309 -0.037109 -0.069824
-0.290894 -0.180420 0.999878 -0.003418 -0.019653 0.018921
-0.431885 0.299927 0.956177 0.140869 -0.021973 0.054443
-0.403076 -0.058350 0.995605 -0.004517 -0.005981 0.047607
-0.397583 -0.053223 0.988037 0.004761 -0.007690 0.059814
-0.381714 -0.030396 0.983521 0.026611 -0.026611 0.060547
-0.377441 -0.029541 0.986816 -0.003418 -0.016479 0.055908
-0.231812 0.045654 0.958496 0.011719 -0.073853 -0.012085
-0.237793 -0.013184 0.956299 -0.021484 -0.050659 0.011719
-0.343018 -0.087891 0.988403 -0.015137 -0.007202 0.064209
-0.380615 -0.079712 1.017212 0.007202 -0.016235 0.043579
-0.394531 -0.036377 0.986450 0.000244 0.001831 0.078857
-0.230713 -0.031738 0.951294 -0.009888 -0.025513 0.060913
-0.463257 0.040894 1.003296 -0.011841 0.005981 0.088745
-0.405151 -0.057373 1.027344 -0.019897 0.002075 0.125122
-0.262329 -0.198486 0.925903 -0.134155 -0.149414 -0.034302
-0.417480 0.028687 0.995361 0.020264 0.017700 0.131958
-0.173950 -0.310791 0.953369 -0.103394 -0.061035 -0.015381
-0.352905 0.060181 1.005371 -0.008545 0.016235 0.066895
-0.503052 0.245483 1.025879 -0.087524 -0.039795 0.054321
-0.454712 0.033569 0.994019 0.006592 0.021729 0.132446
-0.279053 -0.416626 0.970825 -0.177612 -0.068359 -0.010254
-0.308594 0.293579 0.968994 0.016113 0.009521 0.116333
-0.493652 0.166260 0.982544 -0.076294 0.005493 0.070190
-0.483887 0.350830 0.976196 -0.024048 0.011353 0.053711
-0.368042 0.252930 0.980835 0.019897 0.005737 0.067505
-0.406738 0.848145 0.803589 -0.143433 0.014648 -0.037109
-0.333496 -0.162476 1.005371 -0.036133 0.003418 0.003418
-0.367065 -0.506104 0.981323 -0.279297 0.002319 -0.046021
-0.312134 0.497437 0.843750 -0.018066 0.020874 0.050659
-0.315186 0.337769 0.977539 0.085327 0.021240 0.105469
-0.465332 -0.571899 1.049683 -0.171509 0.043945 0.101563
-0.278320 -0.661743 0.999756 -0.119629 -0.015137 0.020264
-0.424805 0.375366 0.827637 -0.159058 0.046265 0.018066
-0.275635 0.002686 0.968994 -0.159058 0.019043 -0.018066
-0.329224 0.215576 0.907471 -0.009033 0.014404 0.005127
-0.449829 0.045288 0.930908 -0.060059 0.022339 -0.012451
-0.405029 -0.039063 0.957642 -0.043335 0.048706 0.029297
-0.333252 0.165283 0.944702 0.024048 -0.005737 0.016479
-0.667480 -0.301758 1.083008 -0.162354 0.095215 0.042358
-0.378906 -0.010498 0.978760 -0.007935 -0.015503 -0.031738
-0.374023 -0.087036 0.975342 -0.041382 -0.022583 -0.074097
-0.381958 -0.098633 0.979858 -0.041626 -0.021729 -0.066528
-0.367065 -0.100830 0.977295 -0.033569 -0.016724 0.000000
-0.376343 -0.092041 0.977295 -0.021484 -0.015503 0.010986
-0.394043 -0.088501 0.981689 -0.012207 -0.019409 0.064331
-0.385254 -0.081299 0.979736 -0.016479 -0.027954 0.047119
-0.401001 -0.118164 0.986694 -0.003418 -0.036987 0.007935
-0.380981 -0.112061 1.000000 0.006836 -0.040527 -0.003662
-0.120728 0.118530 0.929321 0.035645 -0.101929 -0.021118
-0.353271 -0.116455 0.981079 -0.041748 -0.033203 0.003174
-0.365723 -0.118530 0.990967 -0.019653 -0.032471 -0.008179
-0.171509 0.098022 0.871704 0.071045 -0.134033 -0.095703
-0.321899 -0.084229 0.990723 -0.032104 -0.036499 -0.022461
-0.385986 -0.106201 1.004517 0.049194 -0.045532 -0.030884
-0.394897 -0.038086 0.921021 -0.005737 -0.057495 -0.049438
-0.504272 -0.292969 1.105957 -0.015869 -0.031250 0.015381
-0.505005 -0.243896 0.985840 -0.053955 0.009644 -0.007080
-0.397217 -0.122070 0.983643 -0.013062 -0.029785 -0.021484
-0.389648 -0.119507 1.011230 0.011108 -0.041138 -0.035767
-0.447632 -0.099609 1.012329 -0.005859 -0.046265 -0.039551
-0.209473 0.097046 0.947021 0.000732 -0.063843 -0.061890
-0.349121 -0.185303 1.001587 -0.031128 -0.024048 -0.017212
-0.306030 -0.061279 0.974731 0.009521 -0.022095 -0.004517
-0.367554 -0.100220 0.999756 0.003662 -0.012939 0.002319
-0.415405 -0.070923 0.960205 0.040161 -0.061523 -0.025391
-0.415894 -0.116211 1.038208 -0.004761 -0.028931 0.005859
-0.303223 0.089233 0.943970 0.010620 -0.029541 -0.025024
-0.406128 -0.215088 1.026489 -0.014404 -0.021484 -0.011719
0.020386 0.265503 0.912842 0.077026 -0.083496 -0.057983
-0.333862 -0.143921 1.011475 -0.039429 -0.020996 -0.030029
-0.324951 -0.094971 0.990845 -0.007813 -0.021362 -0.009644
-0.339111 -0.085938 1.000366 0.000854 -0.014648 -0.002563
-0.432373 -0.177734 1.040771 0.026855 -0.029175 0.001709
-0.438599 -0.116211 1.017334 -0.024048 -0.018066 0.017456
-0.320313 -0.003906 0.969360 0.009766 -0.025879 0.014404
-0.407593 -0.170288 1.034058 -0.000977 -0.022949 0.033691
-0.444214 -0.221924 1.022949 0.013672 -0.036377 0.005371
-0.389771 -0.089355 0.996094 -0.024414 -0.002563 0.020508
-0.342773 -0.087036 1.001709 -0.004028 -0.012329 0.021240
-0.321533 -0.025879 0.985474 0.017090 -0.045044 -0.009033
-0.370972 -0.083862 1.019043 -0.009277 -0.013306 0.018188
-0.337769 -0.190308 1.008911 -0.013428 0.007446 0.028809
-0.174316 -0.030396 1.000977 0.055054 -0.079956 -0.034912
-0.408081 -0.116333 1.015747 -0.022705 -0.023560 -0.011230
-0.349243 -0.124634 0.994995 -0.009277 -0.011597 0.010132
-0.608032 -0.332764 1.106079 0.037720 -0.044678 -0.009766
-0.482178 -0.048584 1.009888 -0.026855 0.000122 0.030396
-0.204834 0.034668 0.975952 0.013672 -0.042236 0.010620
-0.223145 -0.090942 0.980713 -0.022095 -0.024292 0.015503
-0.325562 -0.091919 1.009277 -0.011841 -0.013428 0.042969
-0.347656 -0.047729 1.020752 -0.002563 -0.025024 0.050293
-0.035889 0.215332 0.957397 0.038452 -0.088257 0.001953
-0.346680 -0.159912 1.041992 -0.021973 -0.029785 0.027588
-0.223511 0.007080 0.964600 0.019287 -0.027832 0.051025
-0.386353 -0.171021 1.026367 0.013550 -0.023071 0.026611
-0.248535 0.125610 0.981445 0.054321 -0.039063 0.016724
-0.336426 -0.060547 1.014526 -0.013916 -0.016479 0.028320
-0.392944 0.148926 0.980957 0.029053 -0.112915 -0.042236
-0.300171 -0.044678 1.010132 -0.027466 -0.009277 0.016113
-0.301514 -0.056763 1.007080 -0.015015 -0.011108 -0.020874
-0.281616 -0.049194 1.004639 -0.014526 -0.009766 -0.026855
-0.323730 -0.048706 1.006714 -0.017456 -0.006592 0.009033
-0.333740 -0.044312 1.005005 -0.018311 -0.012573 0.016724
-0.311768 -0.048096 1.011475 -0.019531 -0.020874 -0.012695
-0.314453 -0.039429 1.002441 -0.020630 -0.017334 -0.030029
-0.296265 -0.073608 1.011841 -0.019043 -0.012451 -0.041504
-0.291016 -0.066650 1.003052 -0.008667 -0.004883 -0.048218
-0.301514 -0.049194 1.006104 -0.003784 0.010986 -0.042236
-0.299072 -0.032837 1.005859 -0.007080 0.015991 -0.089600
-0.259521 -0.048462 0.996948 -0.002075 0.030884 -0.064209
-0.363647 0.002319 0.987427 -0.020142 0.081299 -0.026733
-0.293457 -0.038086 1.008789 -0.008789 0.033447 0.002441
-0.255127 -0.107666 1.014526 0.016602 0.067383 0.037476
-0.293091 -0.008911 1.047974 0.023438 0.091187 0.018555
-0.367310 -0.002686 0.986938 -0.010498 0.089478 -0.013916
-0.361450 -0.017822 0.992065 -0.040894 0.043457 0.003052
-0.329468 -0.039917 1.005615 -0.055298 0.047363 -0.015381
-0.341309 -0.051025 0.989380 -0.055298 0.063843 -0.040649
-0.344849 -0.029663 0.991089 -0.062744 0.078125 -0.052612
-0.345093 -0.061157 0.988159 -0.066650 0.073120 -0.039185
-0.356689 -0.039673 0.984619 -0.062622 0.079468 -0.019043
-0.335205 -0.055542 0.994019 -0.071411 0.080933 -0.013794
