-0.392456 0.054443 0.974976 -0.031128 -0.012817 -0.009766
-0.385620 0.015137 0.983887 -0.035522 -0.020020 -0.068848
-0.377319 0.006348 0.979248 -0.010864 -0.016724 -0.038818
-0.387695 0.054688 0.976440 0.002563 -0.013550 -0.002197
-0.385742 0.120850 0.978271 -0.016846 -0.014648 -0.066772
-0.382568 0.065918 0.972168 -0.060303 -0.013672 -0.153809
-0.406128 0.046143 0.976807 -0.070190 -0.016846 -0.219482
-0.384399 -0.072876 0.984131 -0.042480 -0.026001 -0.253296
-0.423950 0.126831 0.983521 0.035767 -0.020264 -0.138062
-0.381226 0.037354 0.979248 -0.003540 -0.025879 -0.103882
-0.351074 -0.384521 0.992065 0.029053 -0.017944 -0.055298
-0.704590 0.629761 1.048828 0.237427 0.011108 0.125000
-0.427246 0.128906 0.980591 0.043091 -0.000732 -0.033936
-0.373169 -0.347290 1.016602 -0.029907 -0.016235 -0.040771
-0.729736 -0.540894 0.976196 0.093994 -0.055542 0.039429
-0.467285 -0.135254 1.001465 -0.064453 -0.007202 0.024902
-0.415527 -0.092896 1.020386 0.034058 -0.032593 0.083618
-0.650269 0.395264 0.973267 0.087036 -0.016968 0.153076
-0.369019 -0.024780 0.996094 -0.019287 -0.031250 0.043457
-0.489014 0.220093 0.971680 0.028931 -0.021118 0.138306
-0.403687 0.045288 0.987915 -0.006226 -0.014282 0.106201
-0.392944 0.016602 0.995117 0.010620 -0.007446 0.131714
-0.410645 0.078735 1.009766 0.019531 -0.016724 0.136597
-0.322998 0.051392 0.964233 0.017334 -0.015137 0.166504
-0.367188 0.076538 0.976929 0.020142 0.022705 0.258667
-0.372559 0.091431 0.978760 0.014771 0.020264 0.205566
-0.366455 0.057617 0.979858 0.004883 0.011597 0.110352
-0.368896 0.062378 0.983521 0.022827 0.016602 0.129272
-0.390503 0.086426 0.991211 0.036133 0.012939 0.157959
-0.302490 0.050049 0.975586 0.013794 -0.025024 0.095703
-0.403564 0.140381 1.001343 0.004028 -0.009155 0.075195
-0.422607 0.138550 0.979736 0.018555 0.019531 0.089111
-0.400513 0.131104 0.972534 -0.001953 0.003540 0.010376
-0.378662 0.113770 0.974243 -0.009766 -0.007935 -0.010498
-0.362183 0.098022 0.983276 -0.016602 -0.005737 -0.006104
-0.355469 0.089355 0.990967 -0.021240 -0.001343 -0.002808
0.040283 -0.587402 0.905151 -0.173584 -0.086060 -0.160889
-0.387939 0.062744 0.995117 -0.011353 0.005981 0.021484
-0.271851 -0.151367 0.958618 -0.097656 -0.043457 -0.052124
-0.416504 0.130371 0.990845 0.007568 -0.006348 0.027588
-0.343628 0.081177 0.973755 -0.021729 -0.026001 -0.010620
-0.351318 0.110352 0.983765 -0.018066 -0.013428 0.002930
-0.303101 -0.015137 0.969604 -0.027954 -0.011353 0.042725
-0.437866 0.263672 1.000854 -0.027588 -0.003662 0.042480
-0.333008 -0.304077 0.975830 -0.129883 -0.023315 -0.027588
-0.378052 0.088623 0.979248 0.004761 -0.000366 0.014771
-0.342407 0.086914 0.985474 -0.007690 0.001221 0.016968
-0.506348 0.252441 0.991089 -0.095215 0.003174 0.010620
-0.338989 0.063843 0.989136 0.009521 0.010498 0.143066
-0.506348 0.563721 0.898071 -0.162720 -0.028320 -0.028076
-0.400513 0.019409 0.993896 -0.083374 0.005859 0.142700
-0.448853 0.649048 0.940186 0.035156 -0.008545 0.164917
-0.362549 0.401733 0.947510 -0.057495 0.003296 0.092041
-0.375854 0.221436 0.971924 0.013062 0.019897 0.191895
-0.234741 -0.196167 0.901611 -0.278198 -0.019531 -0.024292
-0.144653 -0.647095 1.014282 -0.086670 0.014526 0.106445
-0.301392 0.255737 0.899414 -0.159790 0.013062 0.087036
-0.245117 -0.564331 1.069702 -0.094971 -0.000610 0.056396
-0.029541 1.424561 0.514648 0.030396 0.104248 0.160522
-0.300415 0.453491 0.769165 -0.139771 0.104126 0.022339
-0.691895 -0.818604 1.182861 -0.182861 0.083984 -0.017456
-0.619385 -0.024902 1.054810 -0.048340 0.040039 0.082642
-0.355469 0.191650 0.981689 0.000488 0.008301 0.038086
-0.392334 0.096680 0.983521 -0.044067 0.000488 -0.052124
-0.391724 0.029297 0.986328 -0.037109 -0.007324 -0.029663
-0.381836 0.051636 0.979736 -0.020142 -0.018188 -0.010498
-0.390381 0.070679 0.981445 -0.012939 -0.026855 -0.027588
-0.376465 0.066650 0.989502 -0.011963 -0.030884 -0.038208
-0.399292 0.044434 0.986084 0.004639 -0.046021 -0.042725
-0.385254 0.048218 0.979126 -0.022095 -0.024048 -0.044434
-0.388794 0.036865 0.989014 -0.005127 -0.029419 -0.035645
-0.238403 0.189819 0.915894 0.032349 -0.080811 -0.050049
-0.392456 0.049805 0.988892 -0.033936 -0.012939 -0.051392
-0.427124 0.017944 1.028442 -0.007324 -0.040405 -0.051636
-0.186279 0.176880 0.884888 -0.002075 -0.088135 -0.125732
-0.356201 0.076538 0.971924 -0.032471 -0.023560 -0.069092
-0.357422 0.004517 0.976563 -0.008423 -0.041382 -0.051270
-0.572998 -0.007446 1.115845 0.038330 -0.064819 -0.039795
-0.123657 0.242920 0.893433 -0.016968 -0.072998 -0.093384
-0.410034 -0.037109 0.991211 -0.055664 -0.008301 -0.062500
-0.405396 -0.017090 1.018799 -0.002808 -0.036133 -0.027710
-0.373901 -0.034424 1.000000 -0.024902 -0.006958 -0.068237
-0.505371 -0.036621 1.054688 -0.032959 -0.018066 -0.075806
-0.339478 0.039917 0.962158 -0.025635 -0.021118 -0.088867
-0.381226 -0.006348 0.989136 -0.002930 -0.016113 -0.034180
-0.360352 0.047974 0.994385 0.024536 -0.020142 0.007690
-0.346436 0.101929 0.992676 0.016235 -0.019897 -0.002808
-0.582153 0.107300 1.115601 0.001099 -0.057495 -0.044678
-0.397217 0.104736 0.973755 -0.052612 0.012939 -0.011108
-0.415894 -0.000732 1.009277 -0.037598 -0.022339 -0.057983
-0.488770 -0.103271 1.005615 0.000488 -0.032715 -0.063232
-0.256836 -0.090820 0.983765 -0.044067 -0.007202 -0.116455
-0.401367 -0.037354 1.012451 -0.003418 -0.007568 -0.008911
-0.148071 0.093140 0.942139 0.047485 -0.071655 -0.010864
-0.351563 0.057739 0.993042 0.013794 0.004883 0.052368
-0.351563 0.054321 0.997803 0.017944 0.001709 0.054077
-0.359009 0.052734 0.995850 0.022583 -0.004028 0.024170
-0.354980 0.090698 0.996216 0.034912 -0.031372 -0.007568
-0.244019 -0.134766 1.037109 0.064697 -0.106079 -0.041992
-0.327026 -0.084839 0.976196 -0.025879 0.002563 -0.093018
-0.625732 -0.251099 1.183228 0.001587 -0.000366 -0.015137
-0.222412 0.002686 0.954834 0.053955 -0.009033 -0.015869
-0.457275 -0.004883 1.030884 0.068115 -0.009521 0.050415
-0.313843 0.068726 0.964600 0.119507 -0.078247 -0.013062
-0.334717 0.135498 0.994629 0.096069 -0.025757 0.027222
-0.475342 0.032349 1.078857 0.079346 -0.050415 -0.008911
-0.058350 0.095947 0.940918 0.086304 -0.102295 -0.109863
-0.352295 0.048462 1.002930 0.002686 -0.004639 -0.030396
-0.387207 -0.026978 0.998657 0.035522 -0.033691 -0.027954
-0.436646 -0.032349 1.058594 0.107910 -0.068237 -0.009521
-0.421265 -0.082153 1.093994 0.136475 -0.124023 -0.110474
-0.210449 0.374390 0.991089 0.061768 -0.081299 -0.117188
-0.449219 0.154175 1.048462 -0.004883 -0.106201 -0.127075
-0.395020 0.157593 0.987305 -0.081299 0.010620 -0.063599
-0.397217 -0.038086 1.006348 -0.043945 -0.023071 -0.042114
-0.533081 -0.001221 1.025269 0.042236 -0.082153 -0.005981
-0.317505 0.162598 1.005127 0.011963 -0.028076 0.032837
-0.289795 0.141357 1.001587 -0.015259 -0.021118 -0.018188
-0.302246 0.134888 1.017822 -0.037842 -0.009521 -0.026367
-0.198364 -0.011841 0.987915 -0.085205 0.008057 -0.075073
-0.369019 -0.045654 1.023926 -0.082397 0.009399 0.010620
-0.210083 0.067627 0.978027 0.039673 -0.137573 0.055908
-0.270630 0.108887 0.993286 -0.029785 -0.064697 0.031250
-0.350708 -0.046753 0.987061 -0.096313 0.006470 0.024780
-0.356445 0.017700 1.008667 -0.041992 -0.013306 -0.019531
-0.274170 0.097656 1.002930 -0.018066 -0.024414 -0.019897
-0.278809 0.122925 1.005493 -0.028076 -0.013550 0.028320
0.651245 0.528320 0.937256 0.073853 -0.206787 0.028687
-0.215698 0.087891 0.989014 -0.071289 -0.024658 0.014648
-0.282593 0.002197 0.985107 -0.067261 -0.019897 -0.040649
-0.341431 -0.006470 1.028320 -0.028076 -0.019775 0.015381
-0.164307 0.332275 0.984497 0.040405 -0.060669 0.098633
-0.248169 0.194214 1.008545 -0.035400 -0.027710 0.073364
-0.341064 0.127930 1.017334 -0.090210 -0.016968 -0.002686
-0.247559 0.153564 0.983521 -0.098755 -0.035278 -0.125366
-0.288696 0.000610 1.017212 -0.114868 -0.013306 -0.153931
-0.283447 -0.007446 1.017090 -0.062622 -0.020020 -0.084839
-0.278564 0.028320 1.017456 -0.016113 -0.013184 -0.032593
-0.276733 0.124268 1.016357 -0.000610 -0.005859 -0.004150
-0.317749 0.062988 1.022583 -0.011230 -0.019653 0.002441
-0.353027 0.031982 1.027954 0.049683 -0.069214 0.035156
-0.351074 0.065552 1.015015 -0.048584 0.005005 0.011841
-0.289307 0.096802 1.010620 -0.024292 -0.014404 0.006470
-0.278320 0.090698 1.010132 -0.019653 -0.003296 0.025269
-0.305298 0.118164 1.020142 -0.029541 -0.012207 0.013184
-0.427979 0.031616 1.069214 -0.054199 -0.037476 -0.084351
-0.217163 0.152954 0.982788 -0.089111 -0.003906 -0.085571
-0.313599 -0.011108 1.012695 -0.077515 -0.006104 -0.043335
-0.352417 -0.042725 1.044312 -0.009399 -0.036621 0.023315
-0.288452 0.124390 1.008179 0.021484 -0.058594 0.044434
