-0.419434 0.058960 0.964722 -0.011719 -0.010376 0.000732
-0.412231 0.070068 0.956421 -0.010254 -0.008545 -0.013672
-0.418091 0.074463 0.961548 -0.012085 -0.009399 -0.038696
-0.419312 0.054810 0.959351 -0.011475 -0.015625 -0.042969
-0.418823 0.098267 0.959717 -0.010376 -0.017090 -0.033447
-0.410400 0.069702 0.959961 -0.019531 -0.013550 -0.056641
-0.399170 0.072632 0.957642 -0.027222 -0.008057 -0.074463
-0.421387 0.065552 0.963257 -0.024170 -0.003906 -0.057861
-0.423828 0.050171 0.959351 -0.021729 -0.010376 -0.055908
-0.425049 0.072144 0.955078 -0.019287 -0.016357 -0.069580
-0.409546 0.077148 0.957397 -0.026855 -0.015991 -0.054932
-0.405640 0.045776 0.964844 -0.031616 -0.012329 -0.043091
-0.407593 0.074341 0.963135 -0.042114 -0.005493 -0.075684
-0.417847 0.052490 0.967896 -0.044189 -0.005859 -0.088989
-0.407593 0.047974 0.965576 -0.039551 -0.003296 -0.083008
-0.453735 -0.108643 0.966553 0.044800 -0.028809 0.005737
-0.524292 -0.560425 1.069458 0.243652 -0.122192 0.125732
-0.491821 -0.094727 0.972290 -0.056763 -0.004028 -0.085449
-0.376709 -0.295654 0.986694 0.133545 -0.080688 0.008301
-0.508545 -0.287842 0.993408 0.009399 -0.009521 -0.069702
-0.452026 -0.041870 0.954834 -0.054565 -0.002808 -0.084106
-0.448364 -0.067749 0.963501 0.066284 -0.050049 0.058105
-0.438232 0.042603 0.991089 -0.016846 -0.006348 0.034424
-0.477539 -0.101929 1.010010 0.046387 -0.039673 0.062866
-0.436279 0.305054 0.950317 0.022827 -0.037842 0.113403
-0.481323 -0.022583 0.973877 -0.030884 -0.006592 0.061646
-0.404785 0.059692 0.967529 0.009521 -0.025757 0.093750
-0.125122 0.172363 0.917847 0.035767 -0.066650 0.096436
-0.333496 0.126831 0.958496 -0.008667 -0.031372 0.053589
-0.032959 0.207764 0.845947 -0.045532 -0.057983 0.025391
-0.340820 0.009521 0.951904 -0.007080 0.002319 0.055908
-0.391968 0.045776 0.966064 0.009644 -0.003662 0.065430
-0.398682 0.081909 0.970703 0.005981 -0.000366 0.059082
-0.401245 0.075928 0.967651 0.002075 -0.002930 0.057983
-0.403198 0.107910 0.986450 -0.014160 -0.008301 0.021851
-0.209229 0.070190 0.865234 -0.085327 -0.059204 -0.058228
-0.547119 0.240723 1.035522 -0.062134 -0.055664 0.017456
-0.394287 -0.011841 0.966187 0.033691 -0.001831 0.184570
-0.435181 0.111084 0.974365 -0.120239 -0.060425 -0.078003
-0.369507 0.026855 0.960449 -0.027588 -0.035522 -0.023438
-0.392090 0.218262 0.962158 -0.022339 -0.005249 -0.067017
-0.420654 0.060425 0.978760 0.000366 -0.030518 -0.048828
-0.686523 -0.240112 1.075439 -0.078247 0.001831 -0.058838
-0.466553 0.083252 0.967896 -0.034058 -0.009399 0.028931
-0.660889 0.074951 1.094727 -0.068481 0.032349 0.004028
-0.352051 0.163818 0.975342 0.038208 -0.014771 0.095825
-0.659668 -0.370361 1.039307 -0.006104 -0.002686 0.054321
-0.398560 0.092407 0.963257 -0.089355 0.021729 0.032837
-0.252808 0.180420 0.920532 -0.030640 -0.000122 0.037109
-0.519897 -0.273560 1.015015 0.035645 -0.035522 0.049927
-0.428345 0.274170 0.947754 -0.113281 0.037598 -0.003906
-0.562012 -0.193604 1.015747 0.020264 -0.021851 0.026245
-0.174561 0.542603 0.833008 -0.153809 0.088745 -0.008545
-0.587402 -0.055054 1.114868 -0.038330 0.032227 0.010742
-0.596313 -0.317383 1.184448 -0.015991 0.008667 0.017090
-0.173584 -0.118042 0.819214 -0.160522 0.167236 -0.103882
-0.411377 0.039063 0.985718 -0.080322 0.034912 -0.062988
-0.593262 0.055908 1.014771 0.035034 -0.030273 0.105835
-0.166382 0.114136 0.808594 -0.097778 0.130249 0.154541
-0.631958 -0.110840 0.985962 -0.020142 -0.012451 0.109619
-0.539307 0.110107 0.994263 -0.070313 -0.000854 0.062134
-0.243652 0.351563 0.991577 -0.095215 0.077026 0.139526
-0.403442 -0.050171 0.973877 -0.016846 -0.009888 0.041260
-0.481079 -0.179565 0.954224 -0.002686 -0.005371 0.014526
-0.458008 -0.005981 0.972534 -0.021973 0.003174 0.023071
-0.352051 0.130859 0.961792 -0.010742 0.003540 0.019165
-0.442139 0.080811 0.960205 -0.050415 0.021729 -0.086426
-0.448486 0.039551 0.960449 -0.059937 0.001465 -0.133423
-0.393311 -0.009766 0.961426 -0.039795 -0.003296 -0.029907
-0.414307 0.036987 0.959473 -0.035522 0.009888 -0.000122
-0.437500 0.053467 0.958252 -0.024902 0.015625 0.045288
-0.409180 0.013916 0.964233 -0.017944 0.013672 0.079590
-0.450806 0.017212 0.962646 -0.014282 0.013916 0.141724
-0.456909 0.074829 0.963867 -0.015869 0.001099 0.118530
-0.410278 0.062134 0.956177 -0.031982 -0.006348 0.013062
-0.530151 0.032349 1.033936 -0.027222 -0.015625 -0.018433
-0.268066 0.023193 0.909424 -0.034790 -0.053223 -0.014648
-0.415527 0.027954 0.964355 -0.020508 -0.013306 0.027588
-0.239624 0.106445 0.891602 -0.012207 -0.084961 -0.024292
-0.522461 0.034058 1.018555 -0.022217 -0.046631 -0.005981
-0.464966 0.018799 0.967041 -0.034546 -0.017212 -0.025879
-0.457153 -0.035522 0.974243 -0.025391 -0.023560 -0.039063
-0.364380 0.035034 0.953003 -0.008179 -0.078857 -0.037598
-0.465210 0.006836 0.978760 -0.031372 -0.003540 -0.019775
-0.557007 0.070190 0.953735 -0.009155 -0.072388 -0.046509
-0.020752 0.270142 0.870117 -0.006592 -0.109253 -0.105103
-0.490723 -0.003784 0.975098 -0.025269 0.018677 0.010376
-0.473511 0.036987 0.985107 -0.004883 -0.028320 -0.013550
-0.314331 0.014404 1.049927 -0.017334 -0.029297 -0.048950
-0.099121 0.115234 0.935547 -0.020630 -0.090210 -0.102905
0.050537 0.137573 0.881958 -0.006348 -0.136963 -0.101563
-0.424438 -0.012939 0.978760 -0.031494 -0.028320 -0.020264
-0.393066 0.032715 0.955078 -0.006348 -0.011230 0.004761
-0.397095 0.041748 0.976318 -0.009033 -0.004761 -0.008789
-0.399536 0.019287 0.982056 -0.015381 -0.003784 -0.029907
-0.251221 0.085815 0.933350 0.000000 -0.053101 -0.048828
-0.265503 0.079712 0.946655 -0.008545 -0.106812 -0.112305
-0.437866 0.017212 0.970459 -0.035034 -0.037720 -0.051636
-0.496948 0.029663 0.988525 -0.016602 -0.016357 -0.014648
-0.414917 0.033691 0.968262 -0.023560 -0.021973 -0.027222
-0.387817 0.012939 0.976807 -0.027466 -0.010620 -0.048706
-0.405518 0.005005 1.055908 -0.022095 -0.013184 -0.043579
-0.416870 0.051147 0.981812 -0.015259 -0.038086 -0.057861
-0.144531 0.162964 0.880005 0.008057 -0.089233 -0.059937
-0.587524 0.062622 1.064209 -0.023560 -0.062500 -0.037231
-0.399170 -0.043335 0.916748 -0.023682 -0.080566 -0.085571
-0.413818 -0.008789 0.988037 0.000610 -0.042480 -0.034180
-0.385864 -0.013184 0.970215 -0.032349 -0.005615 -0.024536
-0.408447 -0.028076 0.985840 -0.018799 -0.004517 0.015747
-0.470581 0.001587 1.033447 -0.007568 -0.020996 0.036621
0.531006 0.360229 0.738770 0.012329 -0.179565 -0.083252
-0.747437 -0.000854 1.093994 -0.037720 -0.044189 -0.026245
-0.537842 0.077881 0.948608 0.021484 -0.132935 -0.041138
-0.484863 0.001953 0.989502 -0.039429 0.023926 -0.005005
-0.426514 -0.000122 0.985596 -0.016235 -0.023071 -0.013916
-0.381836 0.027344 1.006104 -0.017578 -0.030884 -0.013062
-0.286499 0.009521 0.997437 -0.027466 -0.041626 0.027954
-0.525269 -0.078491 1.027100 -0.002686 -0.058350 0.020630
-0.164185 0.050537 0.975342 -0.008789 -0.063232 -0.021973
-0.525269 0.043213 0.937134 0.011841 -0.071899 -0.023804
0.254883 0.150269 0.836426 0.018188 -0.139160 -0.038696
-0.358276 -0.040894 0.996460 -0.013550 -0.010620 0.021118
-0.365356 0.027222 0.988159 -0.002686 -0.021606 0.036987
-0.325317 0.028076 0.987305 -0.016602 -0.011963 -0.008057
-0.365967 -0.009521 0.991943 -0.021851 -0.003540 -0.015015
-0.439575 -0.026611 1.043945 -0.008179 -0.023438 0.000000
-0.313965 0.034912 0.971924 0.000366 -0.061768 -0.008789
-0.663940 -0.126221 1.074829 -0.007568 -0.064575 -0.031128
-0.455566 -0.016479 1.012695 -0.024048 -0.011230 -0.037964
-0.386719 0.028687 0.985474 -0.002319 -0.008911 -0.000244
-0.352051 0.020752 0.997070 -0.006470 -0.020874 0.011230
-0.569580 -0.037109 1.069702 -0.011719 -0.045654 -0.001709
-0.247681 -0.015991 0.973022 0.031616 -0.098877 -0.002930
-0.466064 -0.009155 1.000366 -0.029907 0.016113 -0.017944
-0.401367 -0.022095 1.001099 -0.008057 -0.017334 -0.050903
-0.283569 -0.021362 0.940674 0.033936 -0.089600 -0.069946
-0.373535 0.027588 1.003906 -0.012085 -0.002075 -0.046265
-0.354858 0.015869 1.009766 0.011230 -0.045410 -0.019287
-0.394531 0.035034 0.985352 0.010254 -0.071655 -0.001343
-0.415161 -0.007690 1.000488 -0.029297 0.011841 0.020264
-0.383423 0.004395 1.010620 -0.003418 -0.032837 -0.000122
-0.298584 0.029663 0.981567 -0.010010 -0.018677 0.013184
-0.353394 -0.005371 1.001221 -0.007324 -0.008423 0.046265
-0.338623 0.014893 0.995483 -0.005005 -0.011597 0.042236
-0.343384 0.037354 0.998535 -0.010132 -0.007935 0.003296
-0.353516 0.011597 0.996826 -0.015381 -0.010254 -0.042358
-0.360352 -0.010620 0.997070 -0.006104 -0.016357 -0.019043
-0.327515 0.049316 0.995605 -0.004883 -0.016846 0.004517
-0.343994 0.038086 0.996460 -0.020874 -0.009033 -0.019897
-0.340942 0.002319 0.997070 -0.028931 -0.012573 -0.049316
