-0.457275 0.317871 0.895508 0.009033 -0.005249 0.020020
-0.428101 0.312988 0.896118 0.001709 -0.007690 0.027710
-0.441040 0.289307 0.895630 -0.000488 0.001343 0.016602
-0.455811 0.286133 0.898438 0.002686 -0.002197 -0.039551
-0.442871 0.307129 0.897949 -0.002808 -0.007813 -0.057861
-0.444458 0.310303 0.886108 -0.009155 -0.007202 -0.051147
-0.460693 0.277222 0.895386 -0.010986 -0.007935 -0.042236
-0.457397 0.292969 0.900391 -0.003540 -0.016357 -0.038940
-0.426392 0.292358 0.896362 -0.007202 -0.017334 -0.074219
-0.441406 0.305420 0.895752 -0.005981 -0.007202 -0.061157
-0.446655 0.295532 0.899292 -0.013184 -0.003052 -0.072266
-0.456665 0.290894 0.895508 -0.017456 -0.005737 -0.112305
-0.457031 0.306641 0.895752 -0.020386 -0.014648 -0.125244
-0.458008 0.259033 0.899536 -0.028320 -0.020142 -0.143921
-0.444458 0.235840 0.897095 -0.007813 -0.017944 -0.093506
-0.438599 0.289917 0.899658 0.008179 -0.010376 -0.044312
-0.452759 0.321899 0.903076 -0.009033 -0.005371 -0.053589
-0.443359 0.281738 0.899536 -0.025024 -0.007202 -0.099365
-0.465576 0.265625 0.896729 -0.030762 -0.007080 -0.113037
-0.442505 0.182129 0.883179 0.021729 -0.010986 -0.013794
-0.496460 0.337891 0.894531 0.045654 -0.008179 0.038574
-0.440918 0.194336 0.893433 -0.030029 -0.016113 -0.132324
-0.462280 0.236084 0.889160 0.053223 -0.010986 0.002808
-0.457275 0.384766 0.911621 0.030518 -0.012207 0.006958
-0.463745 0.246460 0.895386 -0.039795 -0.017822 -0.085693
-0.451172 0.222412 0.885376 0.008423 -0.018555 -0.018677
-0.448608 0.401978 0.906128 0.032471 -0.008911 0.052734
-0.459229 0.230469 0.886108 0.010864 -0.006470 -0.013062
-0.461548 0.289917 0.914185 -0.019409 -0.000244 -0.050659
-0.461914 0.220703 0.901733 -0.002686 -0.020386 -0.022461
-0.463013 0.200806 0.890869 0.027344 -0.014648 0.021973
-0.482910 0.308594 0.914185 0.022583 -0.023071 -0.007080
-0.317383 0.329956 0.896729 0.108154 -0.111328 0.023071
-0.435669 0.204590 0.897217 -0.072266 0.017212 -0.139282
-0.487061 0.151855 0.909302 -0.044922 -0.028076 -0.112549
-0.372437 0.072388 0.869019 0.034668 -0.038818 -0.025757
-0.538574 0.336670 0.929199 -0.005005 -0.060303 -0.045898
-0.527466 0.160278 0.913696 -0.068481 0.030151 -0.051514
-0.483643 0.226196 0.896362 -0.015869 -0.024048 0.047119
-0.451294 0.296143 0.898926 0.013916 -0.008179 0.116577
-0.441162 0.304443 0.891113 0.003540 -0.010864 0.101929
-0.480225 0.329346 0.904541 -0.012817 -0.012939 0.090332
-0.350952 0.300171 0.905151 -0.045044 -0.052734 0.005371
-0.333740 0.185547 0.913452 -0.051025 -0.044067 -0.001221
-0.651855 0.311035 0.863403 -0.040039 -0.046021 0.002319
-0.399902 0.229004 0.837402 -0.044189 -0.051880 0.011841
-0.491455 0.348022 0.896118 -0.028442 -0.032471 0.065796
-0.442017 0.240967 0.911743 -0.025146 -0.031494 0.043823
-0.471191 0.270874 0.944214 -0.002075 -0.006470 0.107056
-0.493774 0.417603 0.954712 -0.025879 -0.010864 0.065796
-0.411499 0.143677 0.883423 -0.057861 -0.015625 0.036011
-0.322388 0.001831 0.824585 -0.108643 -0.054443 -0.114746
-0.497070 0.699097 0.932373 -0.059204 -0.025513 0.042480
-0.446045 0.326538 0.906006 0.015381 -0.008423 0.182251
-0.444946 0.134033 0.904663 -0.062378 0.003174 0.017822
-0.391113 0.384521 0.902466 0.032349 -0.021729 0.112427
-0.398804 0.318604 0.905884 -0.087524 0.026855 -0.055298
-0.437744 0.180664 0.925903 -0.067505 0.001221 -0.014404
-0.504272 0.083740 0.920044 0.001953 -0.018433 0.002808
-0.422485 0.388184 0.884888 -0.073364 0.047241 -0.051270
-0.455078 0.474365 0.894775 -0.052246 0.027100 -0.004883
-0.501587 0.296753 0.918701 0.004761 -0.002686 0.065430
-0.335327 0.404297 0.883423 0.015137 -0.019165 0.004028
-0.549561 0.205566 0.940063 -0.018311 0.012207 -0.076782
-0.389893 0.263306 0.834595 -0.012329 -0.002197 -0.085815
-0.885376 -0.140015 0.785645 -0.056885 0.079956 -0.237427
-0.659546 -0.067871 0.895142 -0.027710 0.050781 -0.139404
-0.895508 -0.047363 1.028564 -0.007568 0.056396 -0.130493
-0.442383 0.330322 0.851929 -0.048950 0.172729 0.014160
-0.402222 0.360474 0.869751 -0.016113 -0.015503 -0.126831
-0.805786 0.269775 1.046509 -0.019165 0.061157 -0.147583
-1.101074 -0.334961 1.407593 -0.110229 0.218994 -0.122314
0.066650 0.316406 0.676880 0.001343 -0.039429 -0.037109
-0.589966 0.421265 0.880737 0.021240 -0.000977 0.025269
-0.348022 0.305176 0.665894 0.008789 0.020264 -0.014038
-0.473389 0.253662 0.915771 -0.043823 0.103271 -0.035889
-0.461182 -0.035645 0.836548 -0.029053 0.110107 -0.046875
-0.520630 0.395142 0.911377 0.034546 -0.050415 -0.056519
-0.422485 0.283813 0.886841 0.005981 -0.018921 0.009399
-0.360962 0.272705 0.824463 -0.029541 0.016479 -0.042480
-0.771606 0.138428 0.952637 -0.066162 0.145630 0.021729
-0.274536 0.251831 0.874390 -0.021362 -0.052368 -0.062744
-0.463989 0.349243 0.886230 -0.005005 0.009521 0.041138
-0.445801 0.281616 0.887085 -0.028687 0.034424 0.040405
-0.504395 0.213379 0.885864 -0.028687 0.048706 0.098022
-0.510620 0.241455 0.881348 -0.001587 0.036865 0.201416
-0.500000 0.295776 0.890503 0.005249 0.032227 0.318481
-0.508423 0.294067 0.880737 -0.005615 0.020264 0.344482
-0.488525 0.293457 0.888550 -0.014648 0.002319 0.274536
-0.536865 0.359497 0.948242 -0.024658 -0.013306 0.254272
-0.549927 0.405029 0.865356 -0.060913 -0.038696 0.130127
-0.553833 0.411133 0.967773 -0.071899 -0.047607 -0.003906
-0.494141 0.254150 0.904297 -0.052734 -0.015259 0.038330
-0.518555 0.346924 0.948608 -0.045776 -0.014893 0.074219
-0.452026 0.225464 0.991211 -0.104004 -0.077637 -0.145264
-0.409424 0.153320 0.867432 -0.086304 -0.020264 -0.044800
-0.525024 0.348633 0.805542 -0.091553 -0.088989 -0.123901
-0.524902 0.232910 0.869141 -0.043457 -0.002197 0.091309
-0.790527 0.411377 0.872803 -0.085083 -0.100586 -0.123047
-0.381348 0.240845 0.869141 -0.028687 -0.019653 0.083008
-0.373169 0.251465 0.855469 -0.041260 -0.049194 0.038452
-0.468140 0.311890 0.902222 -0.013672 -0.019775 0.076538
-0.504883 0.339722 0.950195 -0.034790 -0.028931 -0.012939
-0.473389 0.337524 0.954102 -0.058594 -0.050049 -0.102417
-0.539307 0.271729 0.933472 -0.026489 0.006348 0.011963
-0.340576 0.201416 0.824585 -0.044922 -0.065308 -0.113647
-0.588989 0.234619 0.981934 -0.042725 -0.033325 -0.054199
-0.301880 0.231812 0.843140 -0.034058 -0.042603 -0.047852
-0.485840 0.265015 0.922974 -0.019653 -0.012085 0.020386
-0.488037 0.227539 0.900757 -0.009399 -0.002808 0.062744
-0.472290 0.272827 0.916016 -0.009644 -0.007568 0.058350
-0.238525 0.233765 0.846924 -0.046387 -0.056274 -0.046021
-0.283081 0.247559 0.848633 -0.059448 -0.062134 -0.108276
-0.461792 0.260498 0.879517 -0.063965 -0.075684 -0.124756
-0.542847 0.182129 0.901245 -0.028564 0.016724 0.042480
-0.330933 0.185547 0.868408 -0.032471 -0.041260 -0.038330
-0.466187 0.273804 0.921631 -0.013062 -0.013916 0.039917
-0.431152 0.234741 0.904785 -0.012939 -0.012451 0.052368
-0.449097 0.272217 0.915771 -0.012085 -0.006226 0.068848
-0.523804 0.378784 0.976563 -0.035156 -0.032471 -0.004883
-0.516602 0.357300 0.966431 -0.051880 -0.031250 -0.025024
-0.503906 0.265381 0.909912 -0.037598 -0.001831 -0.000244
-0.524170 0.319458 0.873047 -0.057251 -0.045532 -0.073853
-0.466187 0.281616 0.914063 -0.028442 -0.021362 0.025024
-0.442505 0.247070 0.907349 -0.016479 -0.013550 0.055908
-0.464600 0.279419 0.945313 -0.019287 -0.010254 0.051270
-0.298706 0.139038 0.899292 -0.057617 -0.034180 -0.045288
-0.355957 0.153076 0.902954 -0.077637 -0.055664 -0.121826
-0.270996 0.104980 0.885620 -0.099243 -0.073975 -0.125854
-0.508423 0.266968 0.952637 -0.012207 -0.014160 0.097900
-0.550659 0.341187 0.995361 -0.030396 -0.044556 0.043091
-0.484619 0.256104 0.918945 -0.015625 0.003540 0.093506
-0.420532 0.222412 0.909546 -0.015869 -0.011230 0.055542
-0.457275 0.273315 0.938110 -0.006470 -0.009644 0.117676
-0.249756 0.162720 0.854126 -0.058960 -0.062134 -0.015625
-0.427734 0.185425 0.963379 -0.043091 0.000854 0.058105
-0.216919 0.051758 0.800171 -0.074341 -0.054565 -0.026001
-0.427490 0.254395 0.879150 -0.045532 -0.040405 -0.018921
-0.382446 0.204834 0.893799 -0.035889 -0.022461 -0.014893
-0.420776 0.231079 0.922241 -0.020386 -0.016602 0.021606
-0.389526 0.235596 0.921021 -0.026611 -0.021606 0.019409
-0.503906 0.317383 0.955811 -0.070435 -0.038696 -0.003540
-0.623413 0.428467 0.982178 -0.052490 -0.021118 0.025024
-0.424805 0.235352 0.902100 -0.035522 -0.019287 -0.009033
-0.412354 0.209351 0.921753 -0.026733 -0.014526 -0.055176
-0.414917 0.217896 0.930298 -0.013184 -0.009521 0.013916
-0.434448 0.275757 0.948364 -0.016724 -0.016724 0.082031
-0.572876 0.360107 0.983887 -0.040283 -0.027222 0.118896
-0.378296 0.234985 0.853760 -0.079590 -0.030884 0.010010
-0.468628 0.255615 0.924561 -0.022461 -0.014160 0.008911
