-0.353027 0.186401 0.963623 0.014893 -0.020142 0.040649
-0.359741 0.197388 0.965576 0.002075 -0.006714 0.019409
-0.375122 0.184814 0.968872 -0.008179 -0.005249 -0.013550
-0.386597 0.173584 0.965820 -0.011597 -0.013916 -0.029663
-0.380005 0.163086 0.968628 -0.009155 -0.019531 -0.035889
-0.365479 0.154297 0.965576 -0.002319 -0.017944 -0.019775
-0.357300 0.169434 0.968994 0.000732 -0.009766 -0.011353
-0.376831 0.182983 0.963623 0.000122 -0.003784 -0.004639
-0.380615 0.185059 0.968750 -0.004639 -0.007935 -0.009033
-0.377075 0.208252 0.969604 -0.023315 -0.013428 -0.078857
-0.373535 0.178711 0.965576 -0.036743 -0.013794 -0.130249
-0.366089 0.161743 0.968140 -0.033081 -0.010742 -0.122437
-0.388428 0.137207 0.974487 -0.027954 -0.010986 -0.093384
-0.384033 0.149292 0.970093 -0.016479 -0.018311 -0.066528
-0.375854 0.163940 0.978027 0.003906 -0.021118 -0.018066
-0.318970 0.273804 0.972046 0.083130 -0.035156 0.092285
-0.385132 0.070190 0.981567 -0.011841 0.001709 0.052856
-0.223511 0.213135 0.958984 0.057617 -0.050537 0.082642
-0.148315 0.316040 0.922363 -0.014404 -0.024902 -0.045166
-0.411865 0.182129 0.959839 -0.007813 -0.002808 -0.019409
-0.139404 0.273315 0.925171 0.059082 -0.068359 0.062500
-0.446777 0.136963 0.958862 0.011230 -0.032227 0.030151
-0.440918 0.131348 1.013916 0.005615 -0.049561 0.057007
-0.346924 0.056396 0.955322 0.001221 0.004517 0.127808
-0.352905 0.212158 0.937500 0.020020 -0.031860 0.143311
-0.378052 0.199463 0.975586 0.003540 -0.025879 0.107544
-0.312500 0.181274 0.940063 0.001099 -0.023926 0.037231
-0.413574 0.214355 0.991577 0.000000 -0.022217 0.095459
-0.137451 -0.003540 0.909790 -0.075317 -0.046997 -0.063965
-0.415894 0.144043 0.983154 -0.005859 -0.009521 0.081177
-0.378662 -0.044189 0.952148 -0.041138 -0.027588 -0.025024
-0.372925 0.187256 0.970825 0.034180 -0.011475 0.074097
-0.348999 0.182373 0.977051 -0.026245 -0.003418 0.004028
-0.284424 0.237671 0.952026 -0.075195 0.003906 -0.010254
-0.476196 0.274658 0.976929 -0.069458 0.023071 -0.022461
-0.193970 0.246826 0.874634 -0.100098 0.025146 -0.041382
-0.390015 0.072144 0.983032 -0.071533 0.003540 -0.072266
-0.318481 0.341797 0.976807 0.012329 -0.024048 -0.008423
-0.259766 0.343628 0.966553 -0.043945 0.014038 -0.008789
-0.576050 -0.327148 1.038086 -0.168335 0.061157 -0.010864
-0.152222 0.387695 0.920288 -0.010498 0.010254 0.097412
-0.328857 0.010742 0.962524 -0.064209 0.044067 0.029785
-0.510132 -0.054810 1.002197 -0.065796 0.055298 -0.012085
-0.195679 0.235352 0.826172 -0.053101 0.067383 -0.092773
-0.564331 0.118896 1.018555 -0.073364 0.112427 -0.051880
-0.281128 0.166626 0.973267 0.025269 0.030029 -0.168701
-0.576172 0.039429 0.939087 -0.090332 0.148071 -0.148926
-0.216309 0.280762 0.791016 -0.034668 0.028564 -0.022949
-0.286621 0.254761 0.897827 -0.062988 0.033569 0.038696
-0.479492 0.225098 0.988159 0.047485 -0.008301 0.068359
-0.562500 0.030640 1.058472 -0.054077 0.122070 -0.053955
-0.614868 -0.113770 1.020752 -0.062988 0.029297 -0.196655
-0.347412 0.179443 0.962402 0.020874 -0.033203 -0.129272
-0.381470 0.195190 0.961304 0.001587 -0.014526 -0.169678
-0.383789 0.118896 0.966553 -0.016113 -0.009277 -0.180664
-0.393433 0.140625 0.956421 -0.006104 0.000244 -0.124023
-0.369141 0.125610 0.959106 0.002197 0.003052 -0.073730
-0.387329 0.134033 0.961792 0.014526 0.028198 0.062378
-0.404175 0.144775 0.958008 0.023071 0.042969 0.240601
-0.412720 0.146362 0.976318 0.013672 0.024536 0.299561
-0.423950 0.192871 0.968994 -0.003662 0.001709 0.211426
-0.422485 0.177002 0.956421 -0.022705 0.006836 0.065430
-0.450317 0.141968 1.008545 -0.020630 -0.007690 0.030518
-0.422974 0.068848 1.031128 -0.009888 -0.102783 -0.012451
-0.406372 0.072510 1.003418 -0.036743 -0.014038 0.121582
-0.583984 0.052368 0.992310 -0.051880 -0.002930 0.145752
-0.431641 0.009399 0.978149 -0.075684 -0.039795 -0.023193
-0.469116 0.172485 0.987305 -0.017700 -0.037842 0.022949
-0.123779 0.019653 0.896484 -0.051636 -0.068848 -0.125488
-0.462036 0.286987 0.998047 -0.016357 -0.059692 -0.031982
-0.424805 0.181519 0.992798 -0.019653 -0.006958 0.016113
-0.404297 0.114990 0.988403 -0.065063 -0.055908 -0.119507
-0.436401 0.136108 0.980347 -0.032471 0.000854 0.005981
-0.442017 0.121582 0.995728 -0.016113 -0.018555 0.005127
-0.394409 0.159058 0.996338 -0.008911 -0.050903 -0.026123
-0.133301 0.333496 0.920898 0.011353 -0.120728 -0.066040
-0.458130 0.155151 0.981323 -0.032104 0.025269 0.059692
-0.177124 0.138672 0.928345 -0.012329 -0.143188 -0.064697
-0.442261 0.050903 0.984009 -0.028931 0.013550 0.045654
-0.348389 0.082397 0.958374 0.002563 -0.130615 -0.055664
-0.465698 0.207153 1.015381 -0.020386 -0.007202 -0.013794
-0.081543 0.152710 0.895386 -0.005127 -0.090210 -0.075195
-0.038574 0.156128 0.901123 -0.072144 -0.098755 -0.162231
-0.436890 0.080200 0.991089 -0.043213 -0.001465 -0.045044
-0.394775 0.108521 0.984375 -0.015625 -0.038696 -0.017578
-0.444214 0.169434 1.043213 -0.010864 -0.047363 0.002197
-0.351563 0.188232 0.973877 -0.018066 -0.047852 -0.024292
-0.862793 0.061646 1.073730 -0.034180 -0.052979 -0.031860
-0.342529 0.033447 0.963501 -0.053589 0.000244 -0.061646
-0.393066 0.130615 1.001587 -0.010376 -0.068726 -0.051270
-0.374023 0.141968 0.985596 -0.014526 -0.024658 -0.005005
-0.471680 0.133789 1.021118 0.008789 -0.063599 0.011963
-0.349731 0.106445 0.964966 -0.033447 -0.010254 0.026001
-0.410278 0.116821 0.963989 -0.041748 -0.047119 0.032349
-0.385986 0.114380 0.982544 -0.000854 -0.006958 0.058838
-0.352295 0.135010 0.984009 0.008789 -0.013794 0.026978
-0.354736 0.136719 0.980225 0.005127 -0.010498 0.019287
-0.326904 0.151978 0.988892 -0.008301 -0.009766 0.012939
-0.342529 0.117310 0.984375 -0.008179 -0.007935 0.033447
-0.371948 0.141235 0.978027 -0.001709 -0.007813 0.063843
-0.356079 0.160767 0.980713 -0.006958 -0.017456 0.030640
-0.348999 0.137085 0.982056 -0.015381 -0.015137 0.006592
-0.342285 0.114258 0.997070 -0.007935 -0.012451 0.047607
-0.333740 0.140747 0.976929 -0.006958 -0.050049 0.072266
-0.355469 0.154663 0.991211 -0.009644 -0.005737 0.091797
-0.008057 0.179443 0.895630 -0.008911 -0.080322 -0.020752
-0.381836 0.138916 0.991211 -0.031250 0.005493 -0.016846
-0.351563 0.133423 0.983032 -0.015625 -0.011353 0.016113
-0.356201 0.127075 0.994629 0.004639 -0.006592 0.113159
-0.321899 0.175537 0.970825 0.015991 -0.041138 0.128174
-0.349731 0.173462 0.986572 -0.008423 -0.010986 0.094360
-0.335693 0.145630 0.986084 -0.015991 -0.009399 0.037109
-0.351563 0.137695 0.984131 -0.017090 -0.003906 -0.015747
-0.356934 0.166016 0.984375 -0.009277 -0.010132 -0.014648
-0.346924 0.138306 0.986084 -0.009888 -0.012329 -0.000977
-0.323608 0.147705 0.984375 -0.008301 -0.014404 0.054199
-0.349487 0.169922 0.998657 -0.009521 -0.019165 0.090698
-0.299805 0.157715 0.973022 -0.020874 -0.015625 0.059937
-0.369751 0.129150 0.983398 -0.018433 -0.002563 0.029419
-0.350586 0.129028 0.990723 0.007690 -0.012939 0.091431
-0.386230 0.185425 1.030884 0.025757 -0.025146 0.180664
-0.080933 0.250000 0.916748 -0.021118 -0.104126 0.052979
-0.450195 0.192749 1.042725 -0.023804 -0.026489 0.099609
-0.349121 0.240112 0.970947 -0.023560 0.016113 0.020874
-0.371094 0.137085 0.992310 -0.045776 -0.009521 -0.123047
-0.323730 0.119995 0.993042 -0.029663 -0.021729 -0.075684
-0.318970 0.148560 0.991699 -0.017944 -0.016113 -0.024292
-0.321655 0.156128 0.986938 -0.016724 -0.010986 -0.019531
-0.331299 0.168457 0.989014 -0.015869 -0.005737 -0.026611
-0.324463 0.142456 0.994507 -0.025879 -0.006348 -0.078979
-0.322632 0.117065 0.993042 -0.015991 -0.004028 -0.072144
-0.324951 0.131226 0.989990 -0.000732 -0.006104 -0.024414
-0.321289 0.173584 0.989258 -0.007202 -0.003784 -0.007080
-0.323975 0.166504 0.985229 -0.017090 0.000366 -0.005737
-0.323730 0.147583 0.985840 -0.020630 0.006592 -0.015503
-0.275635 0.172241 0.982544 -0.013428 0.021729 -0.023560
-0.259033 0.131226 0.980225 -0.025635 0.097656 -0.019775
-0.327271 0.146240 1.083008 -0.004517 0.098999 0.020508
-0.337769 0.195313 0.982910 -0.004517 0.124023 0.001465
-0.314697 0.172363 0.999756 -0.016479 0.126953 -0.028320
-0.305664 0.203003 0.990234 -0.016846 0.169067 -0.086182
-0.371704 0.192139 0.956787 -0.040649 0.185059 -0.143311
-0.446899 0.155884 0.927490 -0.068237 0.142700 -0.101685
-0.449951 0.062012 0.930542 -0.065674 0.083618 -0.071655
-0.454224 0.081421 0.938965 -0.036621 0.028687 -0.028442
-0.413940 0.098633 0.956177 -0.007568 -0.009644 0.010132
-0.384766 0.144775 0.974976 -0.010376 -0.024780 0.018677
-0.358643 0.165894 0.982056 -0.017334 -0.018188 0.022095
-0.377319 0.166504 0.964111 -0.028809 -0.002686 0.002197
-0.395874 0.104858 0.976685 -0.035522 -0.005859 -0.009277
