-0.454590 0.014893 0.949463 -0.007202 -0.009766 0.022217
-0.437988 0.005371 0.948120 -0.008179 -0.011719 0.013794
-0.435791 0.006104 0.952515 -0.002686 -0.007813 0.013062
-0.445435 0.011841 0.949463 -0.006592 -0.010132 -0.005371
-0.446411 0.016235 0.952637 -0.012329 -0.014526 -0.030640
-0.439331 0.004028 0.956421 -0.016357 -0.016479 -0.047852
-0.439819 0.018677 0.947632 -0.016846 -0.017212 -0.055176
-0.435669 0.004883 0.952393 -0.018433 -0.011963 -0.067383
-0.437622 0.007080 0.952637 -0.020752 -0.009033 -0.064209
-0.441895 -0.004150 0.953491 -0.020630 -0.009766 -0.077515
-0.442627 -0.008789 0.952271 -0.020264 -0.013794 -0.110840
-0.444092 0.010376 0.948242 -0.017700 -0.019165 -0.152100
-0.447510 0.018799 0.951416 -0.027832 -0.024292 -0.181396
-0.426758 -0.022583 0.957520 -0.024048 -0.021606 -0.175049
-0.436646 -0.025879 0.951538 -0.011719 -0.012451 -0.098022
-0.418701 -0.036255 0.953491 -0.000122 -0.005859 -0.068481
-0.418945 -0.085938 0.959106 0.033203 0.001709 -0.020752
-0.568237 0.288086 0.961426 0.000977 -0.004517 -0.055176
-0.437744 -0.027222 0.964722 -0.002686 -0.006470 -0.045898
-0.368652 0.140137 0.914795 0.189087 0.014893 0.100586
-0.468628 -0.091675 0.950928 -0.054810 -0.002686 -0.057495
-0.426514 -0.063843 0.947144 -0.008789 -0.018921 -0.046387
-0.391235 -0.122192 0.975220 0.043213 -0.012207 -0.023193
-0.326782 -0.148560 0.954346 0.028687 -0.010498 -0.037231
-0.357666 -0.094604 0.949219 -0.045166 0.000000 -0.011963
-0.443970 -0.101563 0.961060 -0.007935 -0.027710 0.011597
-0.483765 0.071899 0.958618 0.041626 -0.023071 0.028809
-0.391968 -0.027344 0.932861 -0.042969 -0.008911 0.059448
-0.443359 -0.042236 0.960327 -0.014526 -0.014771 0.100220
-0.431274 -0.017700 0.970337 -0.003906 -0.019531 0.088379
-0.197266 0.179932 0.877075 -0.015381 -0.022827 0.049927
-0.455933 0.000366 0.961548 -0.016846 -0.025635 0.057861
-0.438965 0.008057 0.952515 -0.023438 -0.012817 0.061279
-0.446777 -0.023804 0.970215 -0.004883 -0.001587 0.077881
-0.269653 0.000000 0.909058 -0.005493 -0.026123 0.008545
-0.436035 -0.035767 0.960205 -0.006958 -0.001343 0.028076
-0.410278 -0.007080 0.949829 -0.000122 -0.002563 0.015625
-0.436890 0.014526 0.957275 -0.000366 0.012451 0.009766
-0.442505 0.005737 0.963745 -0.004761 0.010132 0.000854
-0.461548 0.015015 0.971313 -0.007202 -0.007690 -0.003784
-0.375854 -0.072021 0.957764 -0.015381 0.001343 0.026245
-0.349121 -0.090454 0.930298 -0.034790 -0.013428 0.003296
-0.447388 -0.002075 0.958008 -0.008545 0.002197 0.011108
-0.452759 0.024292 0.959351 -0.028442 -0.023560 -0.026611
-0.262939 -0.248535 0.921753 -0.010986 -0.003296 0.046021
-0.434204 0.020264 0.958496 0.010254 0.009155 0.054443
-0.468994 0.117188 0.989014 -0.054810 -0.011108 0.018433
-0.504883 0.016357 0.956665 0.042969 0.024780 0.137085
-0.650024 0.100830 0.975708 -0.131836 -0.075073 -0.064331
-0.397827 -0.059448 0.953613 0.000732 -0.002686 0.078857
-0.386230 -0.050781 0.949707 -0.020874 -0.013672 0.008789
-0.432983 -0.015381 0.947388 -0.020142 -0.013672 0.041748
-0.481201 0.123901 0.969849 -0.034790 -0.015625 0.019897
-0.623413 0.352051 0.959351 -0.156616 -0.061401 -0.082031
-0.663330 0.009277 0.972046 -0.142456 -0.067017 -0.074463
-0.412842 0.063232 0.951660 0.041382 -0.006714 0.085327
-0.647217 0.432251 0.933838 -0.198608 -0.029785 -0.037476
-0.336670 -0.202881 0.962280 0.003662 0.015381 0.156738
-0.422363 0.236206 0.929565 -0.081055 0.011963 0.120850
-0.765015 0.174194 0.957520 -0.103760 0.000244 0.072266
-0.494995 0.134155 0.935425 -0.081421 0.021484 0.126831
-0.442749 -0.055298 0.925415 -0.058716 -0.006348 0.060425
-0.484253 0.008301 0.981079 -0.051758 0.005615 0.005249
-0.280151 0.360840 0.854736 -0.082764 0.053955 0.090820
-0.468018 -0.071167 1.042358 -0.093506 0.048950 0.084961
-0.322998 0.050415 0.969360 0.016113 0.036621 0.117310
-0.266724 -0.492920 1.076538 -0.005371 0.044189 0.098267
-0.225220 0.495728 0.847900 -0.034546 0.036133 0.097290
-0.499268 0.319580 0.935669 -0.019653 0.003052 -0.035400
-0.488647 0.061035 0.955688 -0.083618 0.006348 -0.074097
-0.465332 -0.167480 0.977905 -0.053101 -0.007324 -0.055054
-0.416748 -0.068848 0.952271 -0.005005 -0.017334 -0.020142
-0.412598 -0.006348 0.956421 -0.005249 -0.011108 0.028809
-0.434082 0.022339 0.950073 -0.019897 -0.005371 0.040649
-0.444092 -0.002075 0.957886 -0.031860 -0.006836 0.058105
-0.445313 -0.030029 0.956543 -0.025635 -0.020264 0.061279
-0.429688 -0.045288 0.954346 -0.002808 -0.012207 0.091675
-0.439209 -0.009399 0.968262 0.001221 -0.020630 0.036499
-0.406982 0.001099 0.949951 -0.014160 -0.019653 0.007813
-0.374634 0.146240 0.905273 -0.037354 -0.010620 0.009155
-0.482666 -0.066406 0.982300 -0.014648 -0.023315 0.027710
-0.642456 -0.143555 1.078247 0.017578 -0.122070 -0.098389
-0.489990 -0.032349 0.963989 -0.036743 -0.017090 -0.011230
-0.431030 -0.003418 0.937744 -0.014038 -0.032104 -0.034546
-0.453491 -0.000610 0.976685 -0.023438 -0.038452 -0.086426
-0.412842 0.005615 0.956177 -0.023804 -0.045532 -0.109497
-0.449951 0.005005 0.978516 -0.040405 -0.048950 -0.118408
-0.437622 -0.054443 0.950806 -0.040405 -0.026855 -0.079346
-0.401245 -0.043213 0.941772 -0.024414 -0.023804 -0.068359
-0.427124 -0.044556 0.962280 -0.029419 -0.018066 -0.046021
-0.437012 -0.028931 0.966309 -0.022095 -0.029663 -0.051758
-0.374268 0.103149 0.937012 -0.015869 -0.065918 -0.108154
-0.342285 0.189331 0.911133 -0.032837 -0.021973 -0.067383
-0.446899 -0.090454 0.959351 -0.044067 -0.020508 -0.067139
-0.411377 -0.086670 0.966187 -0.005615 -0.024048 -0.028320
-0.406982 -0.040039 0.980591 0.008667 -0.018799 0.002075
-0.305786 0.272095 0.937988 0.034668 -0.064087 -0.055298
-0.556519 -0.106445 1.071899 -0.041626 -0.027832 -0.061768
-0.634766 -0.134644 0.886230 0.025391 -0.072632 -0.081909
-0.357910 -0.136108 0.960938 -0.052734 -0.015991 -0.096924
-0.431885 -0.099609 0.973633 -0.010986 -0.028564 0.006714
-0.406128 -0.031860 0.962891 0.005981 -0.020874 0.020996
-0.412109 -0.036255 0.972656 0.002930 -0.020142 0.012085
0.001221 0.268433 0.842773 0.038574 -0.111450 -0.078735
-0.344482 0.036133 0.944946 -0.011475 -0.046143 -0.087402
-0.350830 -0.064941 0.952271 -0.020508 -0.037109 -0.040894
-0.319824 0.027588 0.885254 0.049316 -0.061768 -0.015015
-0.428955 -0.067261 0.965820 0.014404 -0.006470 0.071289
-0.849731 -0.196167 1.227539 0.053955 -0.062500 -0.006470
-0.442749 0.013306 1.011475 0.030396 -0.072632 -0.086304
-0.455078 -0.095459 1.054077 -0.023926 -0.048096 -0.075317
0.163086 0.264893 0.781494 0.062744 -0.151855 -0.138672
-0.440674 -0.107422 1.003052 -0.003418 -0.013794 0.004395
-0.118896 0.035767 0.964722 0.057983 -0.111938 -0.091431
-0.275513 0.194336 0.880127 0.006348 -0.052002 -0.061768
-0.393066 -0.110107 0.959473 0.011963 -0.071655 -0.083496
-0.254883 -0.045044 0.959351 -0.038452 -0.053345 -0.081787
-0.283691 -0.171143 0.982056 -0.061646 -0.059448 -0.126953
-0.911377 -0.309814 1.113281 -0.016479 -0.085938 -0.091431
-0.431152 -0.046509 0.967651 -0.041260 -0.006348 0.009644
-0.198975 -0.017822 0.943848 0.003052 -0.077271 -0.043335
-0.347778 -0.034302 0.958740 -0.034180 -0.032715 -0.028442
-0.404785 -0.110718 1.020874 -0.034180 -0.029541 -0.016235
-0.393188 -0.002197 1.001343 -0.009399 -0.034302 0.006836
-0.405151 -0.119995 1.014160 -0.027710 -0.025513 -0.051392
-0.471924 -0.087524 0.962891 -0.025635 -0.043701 -0.052002
-0.400146 -0.115723 1.002197 -0.031250 -0.012817 0.002197
-0.308105 0.004883 0.957520 0.020264 -0.044556 -0.023071
-0.365601 -0.017212 0.984009 -0.011841 -0.012573 -0.000854
-0.367065 -0.025269 0.997559 -0.025635 -0.014160 -0.009399
-0.466064 -0.064941 1.039795 -0.017212 -0.047363 -0.043335
-0.361572 -0.080566 0.985107 -0.029785 -0.012451 -0.027588
-0.398315 -0.130859 0.988159 -0.007813 -0.019653 -0.013306
-0.358154 -0.035522 0.983765 0.017944 -0.017822 0.016113
-0.344727 0.002197 0.984375 -0.003418 -0.011963 -0.004639
-0.350708 -0.026978 0.983154 -0.027466 -0.004150 -0.015015
-0.365234 -0.055054 0.989746 -0.037476 -0.004761 -0.021973
-0.357788 -0.070313 0.987671 -0.024780 -0.014648 -0.014404
-0.348389 -0.035645 0.992432 -0.011719 -0.015259 0.008911
-0.347168 -0.036377 0.994019 -0.016235 -0.008301 0.005005
-0.346436 -0.054565 0.990601 -0.014648 -0.002563 0.009399
-0.370483 -0.048706 0.993408 -0.007690 -0.000122 0.016968
-0.362183 -0.035156 0.992676 -0.007080 -0.006226 0.019287
-0.368286 -0.045776 0.998657 -0.002563 -0.005859 0.072266
-0.399536 -0.032715 1.025757 0.000000 -0.027588 0.080566
-0.332764 -0.017822 0.978882 0.007813 -0.031860 0.058594
-0.358276 -0.052612 0.981201 -0.020020 -0.009521 -0.006470
-0.353882 -0.060913 0.992432 -0.008179 -0.006714 -0.017944
-0.359619 -0.020142 0.991943 -0.000244 -0.006348 0.009399
-0.351563 -0.016113 0.988892 -0.008667 -0.012817 0.007202
