-0.436646 0.003418 0.955688 -0.010376 -0.010254 -0.019775
-0.430298 -0.007324 0.957520 -0.007080 -0.012207 -0.016846
-0.432373 0.015503 0.954590 -0.005493 -0.009399 -0.017578
-0.429321 0.005371 0.955566 -0.016479 -0.009033 -0.035400
-0.448486 0.003174 0.955933 -0.017578 -0.011108 -0.043701
-0.432495 -0.000854 0.956177 -0.012573 -0.020630 -0.080566
-0.358643 -0.232666 0.941040 0.009033 -0.018188 -0.102905
-0.392700 -0.037964 0.959595 -0.037842 -0.036621 -0.170410
-0.389526 -0.061523 0.946655 0.016235 -0.005737 -0.062500
-0.414429 0.021851 0.958740 -0.003418 -0.027588 -0.073364
-0.561646 0.178345 0.956055 -0.015381 0.005615 -0.059326
-0.431030 -0.108032 0.972656 -0.030029 -0.012939 -0.034912
-0.418579 -0.133057 0.988403 0.005615 -0.020752 0.025391
-0.227051 0.077515 0.948120 0.074463 -0.029663 0.017700
-0.447998 0.216187 0.932007 0.004272 -0.011230 0.027344
-0.465820 -0.099243 0.960938 -0.042358 -0.007935 0.021362
-0.398682 -0.033447 0.955200 0.010864 -0.009277 0.065308
-0.411499 0.035767 0.959839 0.022095 0.008789 0.125977
-0.315430 0.229126 0.896362 0.060181 -0.063721 0.106445
-0.550415 -0.001587 1.048706 -0.036499 0.008057 0.186646
-0.419800 -0.086060 0.965332 -0.050903 0.000977 0.130859
-0.367432 -0.094482 0.928833 -0.035522 -0.041748 0.098999
-0.452637 -0.012695 0.966187 -0.004761 -0.000122 0.135498
-0.336548 0.035034 0.902222 -0.024536 -0.074097 0.036743
-0.438232 0.047363 0.958862 -0.002930 0.007202 0.112061
-0.429321 0.026245 0.957520 -0.009033 0.004517 0.107056
-0.435181 0.041138 0.961670 -0.018066 -0.005737 0.102173
-0.436401 0.029297 0.965210 -0.036377 -0.024780 0.069336
-0.354492 -0.044922 0.946899 -0.076050 -0.050293 0.015015
-0.467896 0.104492 0.977417 -0.009888 -0.000854 0.099243
-0.160278 -0.459595 0.930542 -0.162476 -0.087036 -0.125610
-0.380371 -0.025757 0.955444 -0.046997 -0.021118 0.044189
-0.381958 -0.012817 0.956787 -0.029663 -0.019165 0.039551
-0.482178 0.135620 0.958008 -0.052246 -0.010254 0.012939
-0.427124 0.071533 0.963745 -0.029297 -0.007202 0.025024
-0.391479 -0.232910 0.987793 -0.075317 -0.002075 0.008057
-0.432861 0.003052 0.969238 -0.057495 0.004639 0.013672
-0.492065 -0.366821 1.064453 -0.245605 -0.031616 -0.156860
-0.395630 0.116455 0.961426 0.022705 -0.011841 0.054321
-0.513184 0.043213 0.971313 -0.114990 0.004639 -0.042480
-0.418823 0.054810 0.959595 -0.025879 -0.009521 -0.044800
-0.394409 0.067505 0.940796 -0.055908 0.006958 -0.014404
-0.341064 -0.024414 0.964844 -0.050781 0.011230 0.042114
-0.360718 -0.265503 1.005981 -0.142334 -0.003418 -0.053955
-0.339355 0.190063 0.928833 0.025513 -0.010010 0.020020
-0.416626 0.134766 0.959106 0.001709 0.003174 0.038818
-0.380127 0.128296 0.918335 -0.042480 0.015747 0.011841
-0.402344 -0.060547 0.960205 -0.016235 0.002808 0.068970
-0.047729 -0.228271 0.848389 -0.154419 0.003418 -0.153931
-0.475342 -0.108032 0.962158 -0.092407 -0.006470 -0.057007
-0.402466 0.181885 0.950928 0.028442 -0.013916 -0.045166
-0.365356 0.261353 0.926392 -0.068970 0.003052 -0.168823
-0.385742 -0.356567 1.003052 -0.125488 0.008423 -0.111938
-0.634155 -0.351563 1.099121 -0.083496 0.048706 0.036255
-0.409058 0.093506 0.934692 -0.042236 0.016113 -0.035767
-0.521851 0.055298 0.951782 -0.107666 0.045776 0.004028
-0.328735 0.284302 0.881226 0.030396 -0.002563 0.022217
-0.298462 0.241821 0.858765 -0.070068 0.054199 0.045166
-0.331665 0.199219 0.964844 -0.023071 0.043091 0.025391
-0.512207 -0.255981 1.027954 -0.073242 0.034912 0.033936
-0.503052 -0.558594 1.004883 -0.131958 0.037109 0.018066
-0.317261 0.147949 0.879761 -0.038330 0.018677 0.063110
-0.438354 -0.395996 0.891235 -0.108154 0.037109 0.051270
-0.390015 -0.024048 0.937378 0.025757 -0.008057 0.067139
-0.556885 -0.340576 1.030396 -0.105713 0.029297 0.008301
-0.422974 0.060669 0.926514 -0.029053 0.003418 -0.005249
-0.432007 -0.007568 0.943481 -0.027100 -0.000854 -0.009521
-0.458130 -0.009155 0.948120 -0.031982 0.011963 -0.016479
-0.468750 -0.034058 0.950073 -0.010132 0.004517 0.005005
-0.446899 -0.004150 0.944580 -0.012695 -0.005005 0.006226
-0.450439 0.011108 0.938843 -0.036499 -0.007935 -0.033325
-0.442383 -0.082520 0.947876 -0.040649 -0.005249 0.011719
-0.454346 -0.045166 0.950439 0.002563 0.000366 0.185181
-0.463745 -0.004517 0.947632 0.009155 -0.002808 0.209961
-0.451294 -0.000977 0.945313 0.002930 -0.001465 0.168213
-0.457153 -0.024902 0.953979 0.004395 -0.012939 0.127319
-0.437378 -0.013794 0.934326 0.008301 -0.016846 0.096680
-0.442139 0.040527 0.935059 0.005859 -0.020996 0.036743
-0.455322 -0.043579 0.952759 -0.003662 -0.008057 0.030762
-0.492432 -0.007813 0.994385 0.021362 -0.026733 0.075317
-0.134399 0.160645 0.811646 0.006958 -0.118896 -0.086182
-0.500732 -0.018677 0.966553 -0.030273 -0.004272 0.008057
-0.357422 -0.048828 0.896362 -0.015259 -0.065552 -0.062500
-0.490356 -0.044922 0.974609 -0.019653 -0.015503 -0.023926
-0.404419 0.033936 0.904907 0.029663 -0.073486 -0.028931
-0.494141 -0.021606 0.967407 -0.020142 -0.021362 0.013794
-0.479614 -0.035156 0.962402 -0.007935 -0.006470 0.052734
-0.375366 0.012573 0.899170 0.015015 -0.103271 -0.069458
-0.513916 -0.000122 0.972656 -0.042603 -0.003784 -0.008789
-0.426514 -0.024048 0.947021 -0.020386 -0.038574 -0.031006
-0.458130 -0.027466 0.984619 -0.014648 -0.045776 -0.049072
-0.493164 -0.169434 1.047607 0.002075 -0.081543 -0.099121
-0.463013 -0.028809 0.939453 -0.038452 -0.005127 -0.040894
-0.387451 -0.021606 0.932617 -0.001709 -0.045044 -0.036987
-0.430054 0.004272 0.965942 -0.003540 -0.016968 0.024048
-0.531006 -0.043823 1.018188 0.000122 -0.037354 -0.013184
-0.700439 -0.234131 1.128174 -0.020142 -0.060547 -0.086548
-0.533447 -0.158203 1.009766 -0.048706 -0.024292 -0.063599
-0.246460 0.109375 0.852173 0.009033 -0.093994 -0.067871
-0.539917 -0.009277 1.008301 -0.016846 -0.022827 0.012207
-0.429810 0.011719 0.958984 -0.008789 -0.012817 -0.013306
-0.466431 -0.022583 1.017456 -0.014893 -0.022583 -0.024536
-0.016846 0.382080 0.796997 0.019531 -0.111572 -0.112915
-0.573730 -0.114868 1.045410 -0.047729 -0.028442 -0.046753
-0.375977 0.014160 0.901978 -0.004517 -0.047363 -0.043823
-0.477417 -0.053589 1.006958 -0.017090 -0.008545 -0.003052
-0.403809 -0.049561 0.973999 0.008301 -0.091553 -0.100098
-0.485352 -0.062134 0.980835 -0.042847 -0.007935 -0.010620
-0.426270 -0.017700 0.958008 -0.005859 -0.055542 -0.063110
-0.312988 0.020264 0.955078 0.006348 -0.093628 -0.146606
-0.346191 0.001709 0.935303 -0.033936 -0.025024 -0.068604
-0.367676 -0.051270 0.944580 -0.016846 -0.023926 -0.005981
-0.415894 -0.062134 0.980591 -0.004028 -0.016113 0.013428
-0.408081 0.025391 0.990112 0.017700 -0.035522 0.007080
-1.076294 -0.238770 1.088501 -0.039917 -0.070313 -0.120605
-0.638428 -0.149536 1.054443 -0.058716 -0.026245 -0.050537
-0.326904 -0.031616 0.933716 -0.016357 -0.038818 -0.073975
-0.392334 -0.094727 0.978271 -0.014893 -0.036621 -0.035522
-0.414307 -0.063721 1.004150 -0.000488 -0.034302 -0.033569
-0.807983 0.020752 1.042480 0.051514 -0.077148 -0.059814
-0.439331 -0.069946 0.969971 -0.063110 0.005981 0.011963
-0.194214 0.233887 0.893799 0.032471 -0.101074 -0.020386
-0.400146 -0.049805 0.973633 -0.032349 0.002563 0.027710
-0.397949 -0.068848 0.978760 -0.010498 -0.009277 0.033936
-0.375122 -0.003418 0.983887 -0.005615 -0.010254 0.061523
-0.457642 -0.074707 1.091675 -0.008911 -0.043335 0.030151
-0.161865 -0.021973 0.869751 -0.028931 -0.145752 -0.139648
0.095459 0.227905 0.927612 -0.047607 -0.154785 -0.103394
-0.512695 -0.121948 0.999756 -0.044312 -0.007568 0.042114
-0.423706 -0.072632 0.972900 0.004272 -0.015259 0.032593
-0.346069 0.017090 0.988037 0.009644 -0.018677 0.067383
-0.424438 0.031128 1.015747 -0.023682 -0.025391 0.043579
-0.436646 -0.031372 1.023804 -0.033936 -0.024658 0.021606
0.078369 0.140137 0.820557 -0.001221 -0.096802 -0.097412
-0.400757 -0.092529 0.990479 -0.037964 -0.002563 -0.013550
-0.359619 -0.041382 0.988770 0.003662 -0.016968 0.018799
-0.350952 -0.015991 0.989136 0.000732 -0.008301 0.032715
-0.377075 -0.011353 0.986694 -0.012085 -0.006958 0.032104
-0.381104 -0.027100 0.981201 -0.018433 -0.012939 0.008545
-0.363159 -0.041138 0.990967 -0.016357 -0.021240 -0.018555
-0.356689 -0.023804 0.984009 -0.008057 -0.016724 0.010986
-0.315796 0.011597 0.972290 -0.001343 -0.019653 0.032349
-0.382690 -0.041504 0.985474 -0.016724 -0.001587 0.019043
-0.377563 -0.023804 0.992065 -0.006226 -0.010132 0.007446
-0.364746 -0.015381 0.983521 -0.010132 -0.011353 0.003784
-0.355469 -0.028442 0.992798 -0.014771 -0.006592 0.015991
-0.368408 -0.025757 0.989746 -0.006714 -0.003418 0.029663
-0.364014 -0.018677 0.987549 -0.007568 -0.004639 0.013062
-0.367188 -0.027344 0.989502 -0.008911 -0.001953 0.012207
-0.354492 -0.026855 0.989746 -0.005371 -0.002197 0.023193
