-0.440796 0.133667 0.939453 -0.015625 -0.010986 -0.017334
-0.442993 0.147949 0.938965 -0.029541 -0.012573 -0.028564
-0.432373 0.120117 0.946045 -0.039551 -0.007202 -0.019531
-0.437622 0.103027 0.942383 -0.032471 -0.000977 0.016113
-0.453003 0.113770 0.946533 -0.028320 -0.005249 0.025513
-0.441284 0.115356 0.943848 -0.026001 -0.007813 0.033936
-0.441162 0.131592 0.940308 -0.027710 -0.006592 0.022827
-0.444824 0.099609 0.943237 -0.025391 -0.004517 -0.015381
-0.451050 0.110474 0.942383 -0.016846 -0.008057 -0.041870
-0.448975 0.116211 0.940674 -0.009644 -0.010254 -0.029663
-0.438721 0.119629 0.941284 -0.011475 -0.008545 -0.027466
-0.448120 0.143799 0.943848 -0.024414 -0.010986 -0.051147
-0.444702 0.146240 0.944092 -0.048584 -0.012207 -0.082275
-0.442139 0.110962 0.944336 -0.054932 -0.010620 -0.083374
-0.461182 0.085205 0.942993 -0.045654 -0.015625 -0.105103
-0.455933 0.083984 0.945068 -0.030396 -0.022339 -0.102173
-0.445801 0.119141 0.942505 -0.028687 -0.023193 -0.094971
-0.438354 0.096436 0.944336 -0.037109 -0.023315 -0.116089
-0.441284 0.127441 0.941406 -0.052124 -0.025269 -0.142334
-0.439209 0.074463 0.948730 -0.047241 -0.024170 -0.163696
-0.437256 0.051025 0.945679 -0.026245 -0.024292 -0.179810
-0.302368 0.387451 0.937744 0.108521 0.003662 -0.089478
-0.475952 0.041504 0.953369 -0.035034 -0.031860 -0.182983
-0.996826 0.507324 0.963745 0.052490 -0.035889 -0.155151
-0.484863 -0.006104 0.950562 0.032227 -0.014038 -0.071899
-0.142456 -0.045776 0.901489 0.200928 -0.006714 0.019409
-0.400757 -0.162720 0.954346 0.020264 -0.017944 -0.083984
-0.427368 0.074341 0.941040 -0.001221 -0.015259 -0.038696
-0.413818 0.001709 0.956177 0.039795 -0.022949 -0.008301
-0.333252 0.484863 0.908203 0.072266 -0.017700 0.071777
-0.492188 -0.001587 0.967285 0.014404 -0.000977 0.128296
-0.642334 0.465942 0.931885 0.082520 -0.015381 0.103394
-0.515747 0.054565 0.955811 0.001465 0.001953 0.107544
-0.433105 0.191772 0.951416 0.034058 -0.026123 0.111938
-0.460938 0.014404 0.936646 0.008667 -0.035645 0.048584
-0.487305 0.042480 0.941162 -0.013916 -0.003540 0.063721
-0.449219 0.075195 0.942505 0.003418 0.005127 0.107788
-0.513062 0.118408 0.978882 0.018188 -0.010132 0.100830
-0.435181 0.091797 0.958984 0.011475 -0.012817 0.107544
-0.451294 0.152100 0.952148 0.019287 0.003540 0.176514
-0.462402 0.177002 0.974365 -0.017822 -0.006470 0.139648
-0.536011 0.290039 0.958862 -0.090332 -0.057251 0.004761
-0.492188 0.150391 0.943970 -0.001831 0.029663 0.132202
-0.459717 0.118896 0.938965 0.004272 0.008911 0.098145
-0.451782 0.140015 0.952759 0.007080 -0.005493 0.067383
-0.380249 -0.035278 0.905640 -0.135498 -0.085693 -0.097534
-0.383667 0.141113 0.950317 0.037598 0.008789 0.158325
-0.457275 0.258789 0.973755 -0.225830 -0.067871 -0.075806
-0.426514 0.015869 0.954834 -0.010986 0.010742 0.150879
-0.402588 0.005493 0.952393 -0.146729 -0.024292 -0.070190
-0.428833 0.227539 0.947021 -0.056030 -0.011108 0.054688
-0.628906 0.594360 0.970093 -0.045410 0.002075 0.105835
-0.395630 0.252441 0.928223 -0.096069 -0.011841 0.090698
-0.193481 -0.329224 0.918335 -0.087769 -0.028809 0.045166
-0.655762 1.164307 0.843872 -0.106567 0.024414 0.081787
-0.397217 -0.121826 0.961670 -0.037964 -0.001221 0.120239
-0.381470 -0.124268 0.956787 -0.060669 0.001831 0.074341
-0.218384 0.085327 0.941162 0.019409 -0.018433 0.144897
-0.451050 0.381470 0.975830 -0.063232 0.036499 0.080933
-0.484741 0.211548 0.923706 -0.088379 0.036011 0.081299
-0.440552 -0.254395 0.957520 -0.131592 0.015869 0.031860
-0.419434 -0.006348 1.015503 0.000366 0.015625 0.135986
-0.473022 0.291748 0.935791 -0.064087 0.056274 0.044189
-0.442627 0.079956 0.966064 0.022583 0.003906 0.052246
-0.946533 0.261963 0.840088 -0.332031 0.190308 -0.019165
-0.799194 -0.089966 1.100464 0.030518 0.076782 0.214478
-0.712524 -0.293823 1.146484 -0.128540 0.156738 0.086548
-0.224487 0.656128 0.780762 -0.002563 0.048340 0.078003
-0.532715 0.249390 0.965942 0.033569 0.007568 0.055298
-0.452515 0.264648 0.942139 -0.043213 0.018921 0.010376
-0.480469 0.111694 0.942749 -0.069214 0.014404 0.003662
-0.472290 0.100220 0.940552 -0.045044 -0.014038 -0.029419
-0.451660 0.098022 0.941772 -0.023804 -0.029907 -0.034058
-0.408203 0.131348 0.938721 -0.012695 -0.023682 0.008911
-0.442017 0.143188 0.943726 -0.014160 -0.006592 0.044434
-0.441162 0.119141 0.937378 -0.019287 -0.018311 0.059570
-0.452271 0.097412 0.944092 -0.008545 -0.024292 0.061523
-0.437256 0.098511 0.956787 0.006348 -0.034912 0.055664
-0.291870 0.171387 0.941772 0.016113 -0.099487 -0.026855
-0.496460 0.051880 1.007446 -0.020386 -0.023804 -0.029419
-0.412598 0.140625 0.901001 0.005859 -0.057373 -0.002808
-0.032104 0.133057 0.858398 -0.010254 -0.106567 -0.052124
-0.585083 0.000122 1.023560 -0.007446 -0.037964 -0.034912
-0.374268 0.168457 0.917847 0.050171 -0.093628 -0.081787
-0.224487 0.200073 0.968506 0.039063 -0.163452 -0.120972
-0.479248 0.076172 0.982056 -0.018799 -0.033447 -0.040405
-0.483276 0.113525 0.987427 -0.021606 -0.024658 -0.028320
-0.054932 0.519409 0.887817 0.042114 -0.134277 -0.083374
-0.428955 0.121704 0.955200 -0.042847 -0.031250 -0.020630
-0.251465 0.131592 0.924561 -0.023315 -0.060059 -0.022461
-0.662476 -0.018921 0.973389 0.000122 -0.066406 -0.042236
-0.490967 0.107300 0.997681 0.023438 -0.056030 0.008545
-0.463257 0.129150 0.968262 -0.019897 -0.008179 0.018921
-0.387573 0.101318 0.950317 -0.010010 -0.023315 0.014893
-0.448120 0.117676 0.976440 -0.005493 -0.017700 0.002930
-0.333008 0.123047 1.005249 0.020020 -0.086304 -0.053345
-0.559937 0.097534 1.019165 -0.014038 -0.034424 -0.035034
-0.471191 0.124634 0.967407 -0.021729 -0.014648 0.015137
0.422852 0.707397 0.792114 0.060669 -0.187744 -0.087036
-0.391113 0.138062 0.964722 -0.033325 -0.026367 -0.008667
-0.454956 0.102783 0.987915 -0.011963 -0.034424 -0.019897
-0.382324 0.273682 0.957031 0.023682 -0.034790 0.010010
-0.352173 0.095947 0.953369 -0.009766 -0.026001 -0.000488
-0.680054 -0.030396 1.068359 0.006348 -0.054077 -0.018311
-0.464355 0.171631 0.967285 -0.030151 0.013062 0.018677
-0.801392 -0.016968 1.079102 -0.009277 -0.048218 -0.055664
-0.224487 0.146606 0.922241 -0.009277 -0.057129 -0.069092
-0.452637 0.029907 0.973145 -0.019775 0.002441 0.006226
-0.383789 0.082275 0.962524 0.015137 -0.023560 0.036377
-0.384399 0.145386 0.967285 0.027466 -0.012085 0.062866
-0.402954 0.156128 0.965698 0.018433 -0.010986 0.041382
-0.402222 0.165771 0.966553 0.000488 -0.019653 -0.005493
-0.571167 0.074585 1.028442 -0.003296 -0.051392 -0.054321
-0.546265 -0.026611 1.047485 -0.037842 -0.019653 -0.069092
-0.537964 0.065186 0.943848 -0.014648 -0.090820 -0.099487
-0.675293 0.178955 0.971313 -0.032715 -0.057495 -0.054688
-0.413086 0.086548 0.960449 -0.013794 -0.021729 -0.019409
-0.384644 0.104980 0.971680 0.014282 -0.035278 0.004395
-0.351929 0.144165 0.971069 0.018311 -0.032471 0.015259
-0.379028 0.156128 0.968750 0.001221 -0.017944 0.027466
-0.358765 0.136475 0.972046 -0.013794 -0.014893 0.027588
-0.384644 0.146729 0.980469 -0.020630 -0.018311 0.026367
-0.594849 0.138062 1.086426 -0.022583 -0.052734 -0.022095
-0.571167 -0.055542 1.057861 -0.033569 -0.024414 -0.038940
-0.423584 0.047485 0.966553 -0.045288 0.010376 -0.021362
-0.416382 0.072388 0.985596 -0.008179 -0.022705 0.032837
-0.541626 0.139771 1.025879 0.015015 -0.061646 0.008301
-0.420166 0.150391 0.979004 0.007080 -0.037109 0.019165
-0.411377 0.154419 0.980591 -0.016357 -0.032349 0.012207
-0.347290 0.134521 0.991211 -0.009277 -0.071167 -0.019775
-0.525024 0.169678 1.005981 -0.022705 -0.039307 0.027100
-0.081665 0.132935 0.957397 0.023804 -0.131470 -0.004639
-0.429077 0.141357 0.975098 -0.019043 0.017212 0.071655
-0.387451 0.127441 0.979370 -0.000488 -0.018555 0.032959
-0.335083 0.140869 0.982910 0.004028 -0.021729 0.019653
-0.296265 0.160645 0.977783 0.013916 -0.027588 0.022583
-0.379028 0.126587 0.987793 -0.013428 -0.002808 0.041016
-0.357544 0.121704 0.984375 -0.005737 -0.009277 0.067383
-0.360352 0.139771 1.007813 -0.003784 -0.007935 0.072754
-0.330444 0.279175 0.946289 0.027100 -0.044189 0.015259
-0.414795 0.082520 1.007690 -0.046997 0.014893 -0.015747
-0.344482 0.126587 0.967285 -0.002930 -0.018433 -0.009399
-0.342896 0.096436 0.982544 0.007568 -0.012451 0.036499
-0.353149 0.166504 0.980957 0.019897 -0.007813 0.083740
-0.376221 0.188232 0.980103 0.001587 -0.008057 0.057251
-0.353394 0.181274 0.985474 -0.016357 -0.031128 0.009277
-0.337524 0.129761 0.991699 -0.030029 -0.022339 -0.000732
-0.356689 0.119263 0.986938 -0.018799 -0.028076 -0.021362
-0.398193 -0.181641 0.910034 0.028198 -0.101929 -0.046631
-0.393677 0.162231 0.984009 -0.026489 0.011108 0.011108
