-0.459839 0.004150 0.945068 -0.010742 -0.006470 0.006470
-0.461304 -0.040894 0.943970 -0.016846 -0.011230 -0.003906
-0.450073 -0.031128 0.941162 -0.005127 -0.008667 0.004639
-0.458496 -0.022339 0.946655 0.002075 -0.007813 0.023926
-0.459106 0.006348 0.943604 -0.002930 -0.013672 0.006348
-0.473999 0.009644 0.936157 -0.015991 -0.018433 -0.040039
-0.467651 0.000000 0.946533 -0.020996 -0.027588 -0.105225
-0.452271 -0.003662 0.935791 -0.021973 -0.038940 -0.146118
-0.449341 -0.026611 0.940063 -0.031006 -0.035156 -0.146606
-0.421021 -0.122192 0.955688 -0.009033 -0.031616 -0.145020
-0.407959 -0.292236 0.902710 0.046875 -0.016846 -0.066040
-0.386597 -0.145874 0.935059 -0.039429 -0.036011 -0.127686
-0.414429 -0.015503 0.906250 0.098633 -0.022217 -0.010864
-0.421631 0.085327 0.924683 0.057129 0.002563 -0.012695
-0.502197 -0.032349 0.947510 -0.011353 -0.004395 0.016357
-0.443604 -0.001221 0.948242 -0.011230 -0.020264 0.007080
-0.419556 -0.042358 0.943726 -0.019653 -0.015991 -0.012695
-0.442749 -0.032104 0.956543 -0.003418 -0.005005 0.033569
-0.495850 0.620239 0.919800 0.151245 -0.009521 0.167847
-0.420654 -0.038086 0.934570 0.049438 -0.014282 0.087280
-0.232910 0.239502 0.836914 0.036499 -0.103149 -0.000488
-0.512085 -0.069214 0.944946 -0.028564 0.022461 0.090820
-0.434814 -0.020508 0.944946 0.004883 0.003418 0.105469
-0.446411 0.005615 0.949097 0.004395 0.010010 0.125366
-0.459961 0.013306 0.958740 -0.009521 0.000610 0.115112
-0.321289 0.001831 0.890137 -0.027954 -0.041870 0.029053
-0.511108 0.004150 0.990112 -0.017456 0.002441 0.106079
-0.428711 -0.064087 0.947510 -0.036255 -0.014160 0.086792
-0.505615 0.022949 0.964966 -0.021729 -0.004639 0.088379
0.062622 -0.619873 0.830078 -0.127808 -0.099121 -0.150513
-0.459229 -0.031494 0.954102 0.006836 0.008179 0.083008
-0.470581 0.089600 0.967041 -0.032715 -0.024780 0.026855
-0.415527 -0.079102 0.944336 -0.023560 0.006104 0.107544
-0.215210 -0.295044 0.905151 -0.113525 -0.042969 -0.029785
-0.259766 -0.446045 0.937866 -0.115723 -0.062134 -0.046265
-0.413330 0.019531 0.947144 0.005615 -0.002319 0.035889
-0.487061 0.159302 0.946045 -0.045410 -0.006958 -0.007813
-0.361206 -0.303955 0.968628 -0.060303 -0.014771 0.056030
-0.246948 -0.272949 0.945190 -0.015015 -0.012695 0.083008
-0.547852 0.294800 0.927979 -0.080078 0.009888 0.072632
-0.397339 -0.105957 0.960449 0.021240 0.013306 0.136230
-0.528198 0.020630 0.948975 -0.092529 -0.003784 0.006348
-0.456909 0.067505 0.948364 0.042725 0.001709 0.085083
-0.483154 0.236694 0.927246 -0.021973 0.019653 0.093262
-0.495605 -0.228394 0.984009 -0.081055 -0.000366 0.007813
-0.442993 0.174927 0.918823 0.007202 -0.005981 0.073608
-0.449097 0.072021 0.956909 0.013428 0.007690 0.094482
-0.397461 -0.312500 0.961792 -0.108643 -0.001221 -0.030762
-0.418457 -0.015381 0.942505 0.010376 -0.000610 0.042358
-0.449707 0.032227 0.945801 -0.012817 0.006226 0.041260
-0.661255 -0.349609 1.033813 -0.169434 0.007446 -0.046021
-0.433716 0.078491 0.913086 -0.060547 -0.016113 0.034302
-0.473755 0.164307 0.942383 0.014404 -0.002686 0.049805
-0.453247 0.006958 0.940430 -0.076904 -0.002319 -0.048828
-0.438965 0.010742 0.933228 -0.025146 -0.003174 0.019653
-0.500000 -0.666626 1.019409 -0.160400 0.036011 0.014648
-0.486938 -0.047485 0.989746 -0.083618 0.012329 0.060059
-0.306152 -0.394531 0.972534 -0.063110 -0.012573 0.039307
-0.567993 -0.080933 0.995361 -0.118042 0.005859 0.047119
-0.356079 -0.220459 0.969849 -0.040771 -0.009033 0.031616
-0.414551 0.063721 0.935669 -0.007446 0.000488 0.081055
-0.678223 0.500488 0.847168 -0.221191 0.026367 -0.051514
-0.608398 -0.027832 1.001099 0.000488 0.024292 0.145264
-0.491455 -0.415527 1.059814 -0.148071 0.012207 -0.010254
-0.335083 -0.150635 0.969604 0.015137 -0.011597 -0.023682
-0.389893 0.403076 0.909790 -0.098389 0.045166 0.008789
-0.497070 -0.084351 0.976929 -0.015991 0.002563 0.002441
-0.557983 0.003784 1.011963 -0.046021 0.044067 0.021240
-0.530396 -0.475220 1.081055 -0.166504 0.024536 -0.170044
-0.390747 0.074585 0.935181 0.029785 -0.025513 0.018066
-0.631470 -0.425293 1.039429 -0.137329 0.025879 -0.098999
-0.438843 -0.010132 0.923218 -0.033203 -0.014526 -0.064331
-0.535889 -0.062866 0.955933 -0.096924 0.035889 -0.043213
-0.465576 0.018921 0.943604 -0.014038 -0.017822 -0.067993
-0.458130 0.004028 0.943970 -0.028809 -0.009766 -0.073608
-0.477051 0.002197 0.939331 -0.039307 -0.010010 -0.078857
-0.468750 -0.061523 0.936401 -0.047363 -0.017700 -0.079834
-0.455078 -0.036255 0.936768 -0.025757 -0.016479 -0.015747
-0.457275 -0.034668 0.944214 -0.023682 -0.009766 0.042603
-0.462402 -0.042480 0.937866 -0.022339 -0.011108 0.067871
-0.465820 -0.034180 0.941895 -0.016846 -0.015503 0.043457
-0.455811 -0.021606 0.933716 -0.010742 -0.012939 0.032593
-0.446167 -0.055542 0.950195 -0.012329 -0.014893 0.024170
-0.472168 -0.018066 0.941040 -0.001831 -0.014160 0.087158
-0.477295 -0.033936 0.954224 -0.005981 -0.024536 0.047729
-0.456055 -0.026245 0.936401 -0.022095 -0.014648 0.026611
-0.470581 -0.037720 0.940430 -0.027588 -0.022095 -0.026611
-0.466919 -0.023560 0.943726 -0.025391 -0.020630 -0.030640
-0.450439 -0.014771 0.942261 -0.023071 -0.024170 -0.043701
-0.438965 -0.012207 0.930908 -0.026123 -0.024292 -0.045898
-0.475464 -0.060791 0.952637 -0.021851 -0.016846 -0.011475
-0.446533 -0.025146 0.947998 -0.016968 -0.023193 0.022949
-0.696899 -0.108643 1.006348 -0.011230 -0.067871 -0.043335
-0.546753 -0.091431 1.028320 -0.050659 -0.036621 -0.052612
-0.467896 -0.073608 0.925293 -0.038818 -0.015381 -0.039185
-0.532104 -0.081665 0.974243 -0.010986 -0.030762 -0.009155
-0.424927 -0.040283 0.943115 0.000854 -0.022461 0.025513
-0.376831 0.125610 0.909668 0.016113 -0.058105 0.009033
-0.463867 -0.014526 0.947021 -0.018066 -0.020386 0.045288
-0.345581 0.030396 0.882080 -0.005127 -0.056885 0.011719
-0.390747 -0.010498 0.907959 -0.026611 -0.025879 0.001587
-0.469238 -0.050537 0.954102 -0.019897 -0.013794 0.003052
-0.601440 -0.080444 1.061890 0.001221 -0.044434 -0.038330
-0.231323 -0.045532 0.853149 -0.082153 -0.054565 -0.183960
-0.590088 -0.231079 1.057007 -0.064209 -0.012451 -0.056030
-0.348633 -0.055542 0.914063 -0.008545 -0.023804 0.013794
-0.447266 -0.058838 0.946777 -0.009399 -0.007935 0.060913
-0.437744 -0.014648 0.953857 -0.005371 -0.010498 0.053833
-0.463257 -0.017822 0.960327 -0.012451 -0.013916 0.008423
-0.387695 -0.005005 0.934937 -0.018555 -0.036255 -0.042236
-0.396973 -0.034790 0.966309 -0.021973 -0.035889 -0.041626
-0.178833 0.145020 0.862671 0.017944 -0.068604 -0.032349
-0.454468 -0.105347 0.942017 -0.047241 0.010742 0.048462
-0.474365 -0.084473 0.974976 -0.016846 -0.012695 0.049316
-0.283813 0.016357 0.877686 0.004639 -0.069702 -0.043579
-0.452637 -0.023560 0.976074 -0.014038 -0.005981 0.039185
-0.499634 -0.040894 1.011597 -0.023193 -0.016113 0.035645
-0.511353 -0.048340 0.988281 -0.035889 -0.041382 -0.049072
-0.496582 -0.093872 0.994751 -0.060791 -0.011597 -0.062256
-0.384521 -0.154541 0.988892 -0.001343 -0.071167 -0.103271
-0.392456 -0.088745 0.942383 -0.067261 -0.009766 -0.102539
-0.389404 -0.101807 0.941406 -0.027222 -0.028809 -0.030273
-0.430908 -0.054199 0.963745 -0.006958 -0.008423 0.041992
-0.420654 -0.016357 0.970337 0.002686 -0.022583 0.022095
-0.486450 -0.038086 1.011963 -0.001709 -0.032227 -0.004639
-0.274048 0.125977 0.879150 -0.023071 -0.030640 -0.040161
-0.456543 -0.110596 0.964355 -0.041870 -0.009521 -0.018799
-0.163452 0.266602 0.818481 0.052246 -0.110229 -0.067017
-0.478271 -0.022217 0.969482 -0.046143 0.002686 -0.048096
-0.406982 -0.093384 0.956299 -0.009155 -0.036621 -0.069946
-0.418091 -0.090942 0.971558 -0.010742 -0.012695 -0.010864
-0.432983 -0.202148 1.019897 0.051880 -0.087036 -0.041870
-0.496338 0.007813 0.983032 -0.040161 0.009644 -0.002930
-0.444824 -0.184448 1.000977 -0.030396 -0.034546 -0.088501
-0.491821 -0.135742 1.015747 -0.018555 -0.034180 -0.079590
-0.498779 -0.096558 1.014893 -0.012329 -0.032593 -0.022217
-0.382446 -0.021606 0.945801 -0.025635 -0.017944 0.002808
-0.442871 -0.089722 0.978394 -0.022339 -0.010864 0.031494
-0.275635 0.047607 0.945557 0.019531 -0.075073 -0.036987
-0.385498 0.013184 0.945313 -0.013672 -0.039673 -0.019287
-0.463013 -0.080933 0.979980 -0.039917 0.002441 0.042725
-0.723145 -0.264038 1.132202 -0.004395 -0.063110 -0.046997
-0.559082 -0.217773 0.991821 -0.060303 -0.052979 -0.133179
-0.495972 -0.225708 1.047974 -0.069824 -0.017822 -0.054077
-0.472534 -0.092407 0.939209 0.005859 -0.051880 0.020630
-0.186279 0.157837 0.922241 0.065430 -0.143555 -0.054199
-0.513550 -0.102905 1.028442 -0.039551 -0.006348 0.000244
-0.188110 0.012451 0.886719 -0.023682 -0.069824 -0.063721
-0.462402 -0.118164 1.005615 -0.024292 -0.031128 -0.024536
-0.342896 0.119385 0.938354 0.029907 -0.046265 -0.028687
