-0.380005 0.235474 0.962280 -0.011963 -0.004761 0.009033
-0.388306 0.228149 0.956543 -0.017700 -0.007568 -0.008301
-0.376343 0.218872 0.956543 -0.019897 -0.010498 -0.015015
-0.381592 0.216797 0.955566 -0.016846 -0.009521 -0.012939
-0.377686 0.208130 0.956177 -0.012573 -0.006836 -0.005981
-0.374878 0.200684 0.957520 -0.003418 -0.004028 0.009888
-0.377563 0.210083 0.954590 0.006958 -0.000610 0.026733
-0.369263 0.214966 0.954102 0.011841 -0.000854 0.027588
-0.386719 0.235352 0.948486 0.012817 0.003174 0.024780
-0.374023 0.240723 0.956543 0.003296 0.003174 0.020508
-0.379150 0.237793 0.958252 -0.013062 -0.004761 -0.005249
-0.369995 0.215576 0.953369 -0.021606 -0.000610 0.005249
-0.376221 0.225098 0.951660 -0.018677 0.007568 0.042358
-0.378906 0.214722 0.954590 -0.021484 0.011719 0.048340
-0.388550 0.208984 0.956055 -0.009399 0.009644 0.067505
-0.406372 0.362793 0.961548 -0.063965 0.010986 0.012817
-0.399536 0.234497 0.947510 -0.055542 0.000610 0.028198
-0.382935 0.263672 0.948364 -0.027588 -0.008057 0.049072
-0.376709 0.212769 0.954224 -0.045288 -0.008179 0.026855
-0.396484 0.242676 0.963501 -0.077271 -0.002441 0.008179
-0.358154 0.187378 0.957520 -0.078735 -0.008179 0.011841
-0.353516 0.200317 0.940674 -0.071533 -0.007690 0.052246
-0.380005 0.252441 0.951660 -0.058105 -0.010010 0.068237
-0.391724 0.207764 0.957886 -0.053589 -0.019775 0.059814
-0.358398 0.312622 0.956787 -0.034424 -0.019409 0.062622
-0.384033 0.132446 0.963013 -0.101807 -0.010498 0.008301
-0.384766 0.362549 0.963745 -0.049805 0.001587 0.068359
-0.394165 0.134033 0.951294 -0.119507 -0.001099 -0.018555
-0.339111 0.330933 0.949829 -0.013916 0.007324 0.067261
-0.343750 0.198242 0.960449 -0.005493 0.001343 0.115234
-0.277710 0.502808 0.951660 -0.050049 0.024902 0.064819
-0.362061 0.342407 0.957397 -0.032349 0.001099 0.090820
-0.369751 0.311279 0.946533 -0.062500 0.015747 -0.009399
-0.359497 0.246338 0.966553 -0.023926 0.006836 0.008667
-0.380249 0.233398 0.959839 -0.036987 0.018188 -0.009033
-0.406982 0.220581 0.959106 -0.051270 0.008667 -0.040405
-0.403076 0.240356 0.960693 -0.072998 -0.008423 -0.073975
-0.365356 0.213745 0.959351 -0.097778 -0.017212 -0.110352
-0.365356 0.159546 0.958130 -0.097778 -0.005737 -0.095581
-0.375854 0.104858 0.968262 -0.063110 0.003662 -0.044800
-0.372681 0.096191 0.966309 -0.006104 0.009399 0.027466
-0.372192 0.160889 0.961182 0.033325 0.017334 0.089600
-0.395264 0.218262 0.959717 0.031860 0.019653 0.098755
-0.416870 0.217896 0.956543 0.014526 0.008301 0.066895
-0.411011 0.225098 0.956787 -0.001465 -0.010254 0.022705
-0.386230 0.217529 0.955078 -0.019531 -0.022217 -0.017944
-0.365967 0.201660 0.961792 -0.026489 -0.015747 -0.024658
-0.364502 0.177979 0.957764 -0.024658 -0.005127 -0.024780
-0.384766 0.158691 0.960327 -0.008911 0.004883 -0.002075
-0.402954 0.153076 0.956177 0.022339 0.002930 0.053223
-0.399048 0.177612 0.961548 0.045044 -0.006592 0.098755
-0.380981 0.221802 0.958008 0.039063 -0.011597 0.080811
-0.369507 0.235718 0.950806 0.029297 -0.006958 0.048096
-0.386230 0.199951 0.963379 0.015503 -0.001587 0.033447
-0.351929 0.398315 0.968506 -0.005249 0.008545 0.069092
-0.402710 0.216309 0.971191 -0.029541 0.025269 0.156494
-0.472290 0.282715 0.967896 -0.126587 0.029541 0.068481
-0.405884 0.480591 0.946289 -0.042603 0.013062 0.071045
-0.420288 0.098022 0.961670 -0.064087 0.007446 0.087646
-0.364624 0.164307 0.965210 -0.081909 -0.017700 0.063110
-0.361694 0.271973 0.945190 -0.089966 -0.003418 0.113281
-0.269653 0.217651 0.965698 0.034668 0.003784 0.260864
-0.350220 0.147217 0.905396 -0.324829 0.028320 -0.119995
-0.330811 0.066406 0.934082 -0.128784 0.018799 0.118896
-0.412354 0.183228 0.957275 -0.214233 -0.000732 0.022217
-0.418335 0.653564 0.990112 -0.044678 -0.004272 0.182495
-0.490479 -0.163452 1.013550 -0.225098 -0.011597 -0.007690
-0.338623 -0.100830 0.965088 -0.099976 -0.023804 0.122559
-0.494141 0.424194 1.037720 0.014282 0.008301 0.286743
-0.487793 0.322388 0.965454 0.034790 0.027710 0.306885
-0.102905 0.124512 0.924194 -0.194702 -0.145508 0.045410
-0.217407 -0.046753 0.984985 -0.107422 -0.035278 0.122070
-0.776123 0.515137 0.984863 -0.062866 -0.091309 0.027832
-0.196167 0.311890 0.935059 -0.061157 -0.056030 -0.049561
-0.763794 0.098145 1.096313 -0.089355 -0.052368 -0.194824
-0.197632 0.188721 0.899048 -0.001221 -0.214233 -0.305908
-0.164063 0.414185 1.037720 0.064575 -0.146240 -0.147339
-0.454590 0.376465 0.968384 0.088867 -0.129272 -0.198242
-0.427856 0.156982 0.981812 0.087158 -0.066040 -0.224487
-0.260742 0.630737 1.083862 0.126709 -0.079834 -0.263062
-0.583374 -0.181885 0.959229 -0.002075 -0.066162 -0.356201
-0.463379 0.602661 1.007446 0.238037 -0.085205 -0.102539
-0.300903 0.597534 0.997070 0.142212 -0.036011 -0.135132
-0.296631 0.116333 1.055786 0.152344 -0.042114 -0.108887
-0.439331 -0.337402 0.966797 0.132568 -0.030151 -0.121094
-0.336792 0.009766 0.977539 -0.056885 -0.047119 -0.305420
-0.453735 0.054565 0.984741 0.395386 0.072754 0.084351
-0.522095 0.403931 1.006836 0.031616 -0.009155 -0.217041
-0.180542 -0.373657 0.944702 0.104736 0.006836 -0.049805
-0.247192 0.031982 0.941406 0.034180 -0.016235 -0.113770
-0.246094 0.118774 0.960327 -0.005493 -0.026245 -0.104614
-0.622803 0.572510 1.000122 0.086670 0.056274 0.079346
-0.372925 0.274292 0.979736 0.072754 0.033081 -0.025269
-0.308350 0.177368 0.952271 0.012085 -0.014038 -0.064209
-0.238403 0.169678 0.906738 0.026123 0.030029 0.004517
-0.343384 0.250854 0.979614 0.000732 0.003540 0.027710
-0.431030 0.224609 0.986694 0.001221 0.040527 -0.023315
-0.481445 0.131470 0.972168 0.005981 0.044434 -0.046509
-0.518311 0.444702 0.993408 0.070313 0.012329 0.065308
-0.548340 0.283936 1.012573 0.062500 0.019287 0.061279
-0.225098 0.236328 0.911499 0.038208 0.011475 0.043579
-0.380005 0.289795 0.950928 0.020020 0.040405 0.091064
-0.344116 0.267578 0.941528 0.040527 0.042236 0.117676
-0.245361 0.263306 0.923340 -0.000977 0.023926 0.047363
-0.223633 0.312866 0.931152 0.002563 0.015137 0.069336
-0.281250 0.249634 0.952881 0.033081 -0.004883 0.102173
-0.219849 0.526245 0.912231 -0.030396 0.082764 0.109131
-0.556885 0.046021 0.983032 -0.029541 0.017822 0.077393
-0.332031 0.276489 0.950073 0.022705 -0.009399 0.065430
-0.061279 0.666138 0.825073 -0.058105 0.065674 0.036743
-0.325073 0.384277 0.954834 0.036499 -0.008057 0.106201
-0.335205 0.313477 0.948730 0.013184 0.012939 0.071289
-0.409180 0.281006 0.960938 -0.043701 0.046143 0.047729
-0.361084 0.140259 0.964722 -0.010864 -0.002808 0.068726
-0.316040 0.227051 0.947021 0.007935 -0.007080 0.058594
-0.437866 0.436523 0.959595 -0.081177 0.050659 0.038330
-0.463623 0.053345 0.960205 -0.046753 0.021606 0.064087
-0.351807 0.314697 0.950317 0.011841 0.001465 0.068115
-0.617676 0.331299 1.130127 -0.218994 0.072754 -0.074219
-0.408936 0.383789 0.947021 0.028687 -0.008545 0.115234
-0.715210 -0.167725 1.013672 -0.133057 0.058838 0.014771
-0.357178 0.338745 0.952881 -0.007446 0.000122 0.076050
-0.401733 -0.117920 0.962158 -0.107422 0.035645 -0.004761
-0.531006 -0.169189 1.025757 -0.131226 0.049927 0.021729
-0.347900 0.259277 0.955078 0.011230 -0.013916 0.059937
-0.413208 0.344971 0.968628 -0.055298 0.015015 0.030029
-0.324341 0.312988 0.944702 -0.022095 0.010254 0.109375
-0.372314 0.210449 0.948120 -0.015503 -0.000977 0.063965
-0.374878 0.262573 0.954102 -0.018677 -0.002319 0.011475
-0.388916 0.237671 0.948120 -0.046265 0.000610 -0.029541
-0.374634 0.262695 0.953613 -0.022827 -0.011719 -0.020630
-0.367310 0.249512 0.947876 -0.027344 -0.009277 -0.028687
-0.367188 0.239990 0.950928 -0.030884 -0.004395 -0.036011
-0.373657 0.234375 0.944580 -0.034912 0.000366 -0.056641
-0.380371 0.216187 0.954956 -0.024170 0.001221 -0.029663
-0.371582 0.268677 0.952759 -0.022827 0.009399 -0.008423
-0.387573 0.074585 0.963867 0.010742 0.015259 0.049438
-0.405273 0.345825 1.006836 0.111694 -0.021606 0.131104
-0.297363 0.253052 1.010620 0.055176 0.035889 -0.020630
-0.357300 0.313477 0.936523 0.052246 0.084473 -0.090576
-0.360596 0.305664 0.930298 0.006470 0.092529 -0.098633
-0.394653 0.273315 0.946899 -0.030762 0.101440 -0.120850
-0.456299 0.210449 0.923950 -0.034424 0.105103 -0.105591
-0.449585 0.175049 0.922363 -0.019043 0.061157 -0.085205
-0.434082 0.156006 0.942627 0.011841 0.034790 -0.053345
-0.434326 0.199707 0.930908 0.037354 0.023560 -0.008301
-0.431885 0.262939 0.921997 0.029663 0.012085 0.011475
-0.332031 0.264282 0.970581 0.029297 0.027588 0.015259
-0.380371 0.314453 0.938354 -0.007202 0.066895 -0.026855
-0.386963 0.269531 0.942017 -0.016357 0.079102 -0.051147
