-0.361328 0.264404 0.954102 -0.010010 -0.009521 0.011719
-0.353516 0.264160 0.952148 -0.010254 -0.009033 0.011108
-0.351196 0.266479 0.952881 -0.012817 -0.008789 0.005859
-0.354492 0.267090 0.953857 -0.013916 -0.005005 0.008789
-0.355469 0.250488 0.953735 -0.013062 -0.003296 0.018677
-0.353760 0.250000 0.955811 -0.006226 -0.004272 0.021240
-0.360718 0.260986 0.948730 0.000366 -0.009644 0.028687
-0.347534 0.283936 0.950195 -0.000366 -0.010620 0.026001
-0.352905 0.267822 0.947266 -0.009277 -0.008179 0.010132
-0.353882 0.257324 0.953979 -0.007690 -0.008545 0.008301
-0.354858 0.258545 0.955078 -0.002563 -0.008423 0.011719
-0.350342 0.267456 0.958374 -0.000488 -0.008545 0.012451
-0.344604 0.271729 0.955322 -0.001099 -0.004883 0.015747
-0.356445 0.283203 0.956421 -0.007202 -0.000244 0.030518
-0.344604 0.282471 0.948975 -0.011230 0.001953 0.055054
-0.359985 0.267334 0.956055 -0.017212 0.003662 0.056763
-0.363037 0.333862 0.956543 -0.036377 0.009155 0.054810
-0.383789 0.225464 0.953247 -0.033569 0.005737 0.057739
-0.416382 0.778442 1.027466 -0.081665 0.024414 0.050293
-0.478882 -0.230103 0.932617 -0.159302 -0.016113 -0.013550
-0.584229 0.581665 1.036743 -0.175415 -0.002319 -0.041748
-0.258545 0.305786 0.949829 0.082275 -0.038086 0.230347
-0.298584 0.340698 0.923340 -0.113403 -0.037720 -0.015137
-0.358032 0.198364 0.991821 -0.175537 0.000732 -0.046387
-0.214233 -0.079468 0.933960 -0.039429 0.000610 0.153687
-0.598267 0.966431 1.209229 -0.060669 -0.002075 0.218872
-0.340454 0.276489 0.900391 -0.113403 -0.039185 0.182251
-0.208008 -0.094604 0.955322 -0.093628 -0.059326 0.134399
-0.350952 -0.184326 1.026123 -0.175903 -0.089844 0.003418
-0.656128 0.493896 1.007935 -0.113281 -0.105591 0.067627
-0.261841 0.350708 0.960205 -0.068848 -0.129028 -0.021851
-0.240845 0.201660 0.993774 -0.091797 -0.052368 -0.152588
-0.439941 0.129395 1.058960 -0.059814 -0.141235 -0.189209
-0.450317 0.004028 0.935059 -0.008179 -0.187866 -0.246338
-0.429199 0.037842 0.918091 -0.003784 -0.159302 -0.366089
-0.374390 0.000977 0.959351 0.057861 -0.119385 -0.344604
0.120850 -0.003418 0.806152 0.110596 -0.134766 -0.379150
-0.582275 -0.014526 0.943848 0.070801 -0.091187 -0.479004
-0.155029 0.377930 0.995972 0.234619 -0.102417 -0.386108
-0.318726 0.381714 1.021118 0.160278 -0.076660 -0.336792
-0.416870 -0.103149 0.898682 0.163452 -0.039307 -0.371582
-0.493896 0.423950 0.947510 0.133667 -0.014160 -0.361450
-0.306274 0.052368 0.929810 0.210938 0.029785 -0.339844
-0.042847 0.084717 0.874512 0.116089 0.020264 -0.356934
-0.202881 0.343994 0.955444 0.171265 0.061157 -0.135620
-0.197021 -0.083008 0.967896 0.128540 0.073364 -0.121338
-0.551147 0.548218 1.027100 0.034180 0.017334 -0.140137
-0.567505 0.135986 1.032959 0.170898 0.196045 0.121460
-0.332642 0.126099 0.988525 0.049927 0.080200 0.029541
-0.454468 0.319092 1.128906 0.101196 0.109131 0.218506
-0.148926 0.285522 0.931641 0.029663 -0.000366 0.113525
-0.463135 0.145508 1.010010 -0.032104 0.124146 0.139526
-0.159424 0.391602 0.938721 0.058716 -0.028687 0.156250
-0.612061 0.143921 0.961548 -0.042847 0.142700 0.180786
-0.212036 0.368286 0.906250 0.031250 0.034912 0.208740
-0.085083 0.514526 0.862671 0.058960 0.047119 0.310425
-0.248535 0.212891 0.949463 -0.014404 0.039063 0.273926
-0.389282 0.010254 0.980103 -0.065308 0.043091 0.196167
-0.397339 0.094727 0.957275 -0.113770 0.059204 0.063110
-0.284668 0.200439 0.944580 -0.076050 0.008667 0.055420
-0.305664 0.325317 0.942383 0.023804 0.014648 0.199097
-0.380371 0.280396 0.949829 -0.048340 0.033447 0.133301
-0.350098 0.033691 0.955933 -0.076416 0.026733 0.078857
-0.305542 0.287964 0.964844 -0.013672 0.006836 0.162598
-0.301270 0.353027 0.944580 -0.016602 0.009766 0.161377
-0.533691 0.060059 0.965454 -0.157837 0.060181 0.006958
-0.341553 0.033081 0.946777 -0.061279 0.004150 0.046265
-0.273804 0.526367 0.954590 -0.025391 0.022583 0.139893
-0.519775 0.735229 0.967651 -0.117065 0.037476 0.001709
-0.320068 0.430054 0.954224 0.058350 -0.009033 0.201538
-0.276001 0.490845 0.964111 -0.037598 0.022583 0.137817
-0.338623 0.169067 0.924438 -0.162354 0.028809 -0.007935
-0.389160 0.355591 0.959717 -0.016846 0.004272 0.122559
-0.324341 0.280762 0.951660 -0.028198 -0.001343 0.064087
-0.325073 0.287964 0.950806 -0.028809 0.004761 0.042114
-0.333740 0.326660 0.954468 -0.036255 0.012939 0.051025
-0.362671 0.300415 0.949463 -0.050903 0.017578 0.008545
-0.369873 0.270020 0.951904 -0.017334 -0.005249 -0.006592
-0.346436 0.278931 0.953735 -0.010742 -0.016235 -0.027710
-0.333496 0.295288 0.948853 -0.014893 -0.012573 -0.025635
-0.347412 0.304565 0.950684 -0.022461 -0.003906 -0.032349
-0.359863 0.284790 0.955811 -0.026733 -0.004028 -0.033813
-0.354248 0.274048 0.950439 -0.022827 -0.008423 -0.009033
-0.340454 0.280029 0.951416 -0.020020 -0.007568 0.001465
-0.340210 0.276611 0.953857 -0.019043 -0.004395 -0.010132
-0.352661 0.279419 0.952393 -0.016479 -0.004883 -0.010864
-0.349609 0.280029 0.951050 -0.011597 -0.005493 0.000488
-0.347778 0.288208 0.948242 -0.011963 -0.005371 0.009277
-0.349731 0.291382 0.951050 -0.015869 -0.003784 0.005249
-0.353638 0.288452 0.945557 -0.022705 -0.006958 -0.011719
-0.353760 0.282227 0.949097 -0.025269 -0.010132 -0.023682
-0.342773 0.271606 0.952148 -0.024536 -0.010010 -0.029907
-0.346313 0.267212 0.951660 -0.019653 -0.006958 -0.021729
-0.347412 0.281372 0.947144 -0.016235 -0.005005 -0.015137
-0.351563 0.272217 0.953491 -0.012085 -0.003296 -0.000122
-0.354370 0.277588 0.951416 -0.010620 -0.006226 0.021729
-0.348755 0.289551 0.951538 -0.012817 -0.007446 0.019043
-0.349731 0.285522 0.949219 -0.016602 -0.005981 0.010864
-0.349609 0.286987 0.947754 -0.018921 -0.007202 -0.008789
-0.348511 0.279541 0.954590 -0.019409 -0.005981 -0.013916
-0.352539 0.276611 0.954224 -0.015991 -0.004517 -0.003662
-0.347412 0.274780 0.952026 -0.009644 -0.002563 0.012329
-0.354004 0.285889 0.957642 -0.008179 -0.001587 0.011719
-0.357666 0.298950 0.946167 -0.015869 -0.006104 -0.006836
-0.352173 0.285034 0.955688 -0.025635 -0.009521 -0.026489
-0.343506 0.273438 0.951172 -0.024292 -0.007446 -0.018311
-0.342041 0.279419 0.952759 -0.020508 -0.004150 0.001221
-0.360107 0.277588 0.953735 -0.020264 -0.002930 -0.007690
-0.352295 0.275879 0.954590 -0.018555 -0.007568 -0.004395
-0.347534 0.271484 0.951904 -0.020020 -0.008423 -0.008545
-0.345581 0.277466 0.954956 -0.020508 -0.007080 0.001953
-0.351440 0.270386 0.951294 -0.019043 -0.005737 -0.008789
-0.350952 0.273926 0.956909 -0.013794 -0.005737 -0.001709
-0.353760 0.278076 0.948364 -0.012451 -0.005981 -0.002686
-0.352417 0.275757 0.956787 -0.013916 -0.008179 -0.000854
-0.357056 0.270264 0.953369 -0.010620 -0.010254 -0.000244
-0.353149 0.276001 0.952393 -0.009277 -0.014282 -0.009766
-0.342407 0.280640 0.948730 -0.009033 -0.012695 -0.004517
-0.344238 0.280884 0.957031 -0.010010 -0.006470 0.003540
-0.351929 0.278198 0.951050 -0.011719 -0.004028 0.013306
-0.354126 0.282104 0.949951 -0.014771 -0.009399 -0.003784
-0.344971 0.276611 0.950562 -0.016479 -0.010254 -0.005371
-0.346069 0.286987 0.958252 -0.016846 -0.006348 0.000244
-0.349365 0.280273 0.951416 -0.019409 -0.006836 -0.003784
-0.350098 0.278931 0.949585 -0.020386 -0.008057 -0.004639
-0.350464 0.270264 0.956665 -0.017822 -0.006348 -0.003906
-0.354736 0.275635 0.952759 -0.014648 -0.006226 -0.001221
-0.358398 0.276611 0.953735 -0.011963 -0.008789 0.004028
-0.345215 0.280273 0.950317 -0.013672 -0.011597 -0.007080
-0.345093 0.284058 0.949463 -0.018433 -0.008545 -0.004150
-0.349121 0.274170 0.955933 -0.020264 -0.007324 -0.005127
-0.350342 0.263550 0.951050 -0.017456 -0.007568 0.002319
-0.352905 0.262939 0.953979 -0.012451 -0.010132 -0.007080
-0.344604 0.279297 0.952515 -0.006958 -0.008545 0.009399
-0.345947 0.279663 0.954468 -0.010986 -0.004150 0.006714
-0.355103 0.276245 0.951416 -0.011963 -0.003662 0.010620
-0.359131 0.276123 0.949097 -0.011719 -0.005615 0.015259
-0.348755 0.278809 0.948853 -0.008179 -0.011230 0.017578
-0.337158 0.289551 0.954346 -0.012817 -0.008179 0.002930
-0.348145 0.279541 0.954224 -0.018677 -0.002808 0.000000
-0.357422 0.264282 0.953003 -0.014526 -0.005005 0.004150
-0.345947 0.273438 0.949341 -0.007446 -0.009155 0.013916
-0.345215 0.285400 0.948242 -0.007690 -0.007813 0.004395
-0.347046 0.289917 0.952881 -0.011597 -0.006104 0.004395
-0.355225 0.276733 0.952148 -0.017212 -0.007813 -0.005615
-0.349487 0.273071 0.949707 -0.013794 -0.009155 0.005249
-0.345947 0.281006 0.947998 -0.010132 -0.009277 0.007690
-0.352661 0.282593 0.948975 -0.008789 -0.006592 0.002686
-0.352783 0.281250 0.952637 -0.011108 -0.006348 0.000122
-0.353882 0.286743 0.951050 -0.011963 -0.009155 0.001709
