-0.172485 0.388550 0.973145 -0.018555 -0.003906 -0.027710
-0.168945 0.389893 0.974976 -0.013184 -0.012573 -0.029175
-0.158447 0.386353 0.970093 -0.010498 -0.016357 -0.028931
-0.157104 0.385864 0.968750 -0.007690 -0.016113 -0.033813
-0.159912 0.382690 0.972534 -0.006348 -0.012817 -0.017212
-0.159180 0.380859 0.972534 0.000977 -0.011597 0.011597
-0.174561 0.378052 0.969727 0.004150 -0.008789 0.019653
-0.168213 0.390625 0.971558 0.009033 -0.013306 0.026855
-0.158691 0.390015 0.976807 0.008911 -0.013794 0.020874
-0.149780 0.390991 0.972412 0.010254 -0.012817 0.012451
-0.171021 0.370850 0.968262 0.024414 -0.014771 0.023804
-0.119019 0.397949 0.967529 0.031616 -0.011230 0.025635
-0.212524 0.510132 0.983765 -0.032227 0.085815 -0.053223
0.064575 0.587891 0.936035 -0.013306 0.053833 -0.021973
-0.315674 0.274048 0.985840 -0.012085 0.013062 -0.006592
-0.106567 0.450073 0.955811 -0.026123 0.010864 0.016235
-0.324951 0.263550 0.976563 -0.032104 0.052124 0.031372
0.030151 0.537720 0.959106 0.029663 0.010376 0.151245
-0.555664 0.111084 1.066162 -0.164307 0.176392 -0.136597
-0.241943 0.516724 0.992310 -0.015137 0.045532 0.124878
-0.199219 0.442871 0.977783 -0.088013 0.061768 -0.060547
-0.115967 0.213867 0.959229 -0.057861 0.013062 -0.044556
-0.260132 0.274902 0.979980 -0.049072 0.025146 0.003174
-0.071899 0.407837 0.944214 -0.067993 0.032349 0.004150
-0.183960 0.478516 0.961670 -0.165527 0.102295 -0.083984
-0.250610 0.135010 0.939575 -0.128296 0.028931 -0.051880
-0.179443 0.393188 0.942627 -0.071045 0.028564 -0.034912
-0.138428 0.552856 1.026245 -0.052368 0.044800 -0.054077
-0.275635 0.562622 1.038818 -0.033691 0.044556 -0.029175
-0.250122 0.336548 0.965088 -0.004883 0.033936 0.068359
-0.289917 0.667114 1.015259 -0.045288 -0.018921 0.057373
-0.323975 0.417603 0.994873 -0.140137 -0.042725 -0.166382
-0.328125 0.274902 0.990356 -0.014282 0.007690 -0.013184
0.013794 0.212891 0.912354 -0.064819 -0.061401 -0.013306
-0.204834 0.417847 0.982056 -0.015259 -0.007690 0.020996
-0.514893 0.572632 1.025635 -0.083862 -0.082764 -0.033447
-0.169067 0.446655 0.963989 -0.045288 -0.064087 -0.071655
-0.210938 0.395142 0.994507 -0.070679 -0.051880 -0.112427
-0.015625 0.355591 0.938354 -0.054810 -0.033813 -0.172241
-0.326782 0.277100 0.993530 -0.044556 -0.013184 -0.139771
-0.170288 0.301270 0.955933 -0.005127 -0.117065 -0.036987
0.038208 0.254150 0.991577 -0.022949 -0.123047 -0.100098
0.221069 0.685303 0.949463 0.060181 -0.117920 0.026978
-0.168945 0.343018 0.984985 -0.026001 -0.043213 -0.114868
-0.118164 0.309937 0.977051 0.034058 -0.123413 -0.060425
-0.335327 0.540405 0.980103 -0.007690 -0.007813 -0.138306
-0.361450 0.288696 0.987305 -0.013550 -0.038940 -0.136719
-0.137939 0.434692 0.976929 -0.047485 -0.017456 -0.128052
-0.399536 -0.088379 1.000610 0.049927 -0.082153 -0.085205
-0.110840 0.768677 1.032837 0.207275 -0.185791 0.149658
-0.166382 0.016968 0.985352 0.004761 -0.070679 -0.146851
-0.151978 0.437256 1.040039 0.157104 -0.146606 0.139893
-0.210083 0.210815 0.980469 -0.053467 -0.017212 -0.143799
-0.115479 0.430420 0.994629 0.039795 -0.042114 -0.085938
-0.245850 -0.071655 0.901611 -0.004517 -0.022949 -0.211792
-0.200562 0.346802 0.972656 0.091797 -0.063599 -0.063965
-0.198608 0.274170 0.932739 0.035889 -0.066528 -0.038574
-0.122192 0.390259 0.980957 -0.026733 -0.031616 -0.097656
-0.146240 0.368408 0.975952 -0.004883 -0.009277 -0.095581
-0.214600 0.303833 0.977905 0.029297 -0.004517 -0.093872
-0.326904 0.577271 1.048828 0.162231 0.003296 0.069458
-0.194946 0.405518 1.003174 0.064575 -0.039063 -0.017456
-0.186768 0.574585 1.004395 0.134521 -0.044434 0.135742
-0.149780 0.296753 0.976563 -0.001831 -0.040771 0.002808
-0.145508 0.360596 0.969360 0.036987 -0.022095 0.024780
-0.139160 0.385864 0.959717 0.013916 -0.019287 -0.018066
-0.136719 0.406128 0.953491 0.042725 -0.000366 -0.060059
-0.101563 0.252319 0.922974 0.099731 0.028076 0.050171
-0.363892 0.545654 1.110596 0.084351 0.020264 0.134277
-0.214111 0.315674 0.980591 0.046387 -0.011108 0.113647
-0.271118 0.513672 1.011230 0.052124 -0.016602 0.133789
-0.093628 0.396729 0.965210 0.003418 -0.013306 0.040283
-0.127808 0.404419 0.956665 0.001831 0.026123 0.026855
-0.283447 0.441772 0.975464 0.012695 0.048706 0.048584
-0.247192 0.401123 0.980469 0.001953 0.015625 0.068848
-0.140747 0.366089 0.965332 0.013062 0.027832 0.091553
-0.190796 0.458252 0.964600 -0.000122 0.026489 0.075928
-0.175171 0.330933 0.970337 -0.000977 0.037231 0.088135
-0.145020 0.421021 0.966431 0.004272 -0.006104 0.087769
-0.133789 0.426636 0.966553 0.000854 0.013672 0.061157
-0.203247 0.408203 0.964478 -0.012085 0.030762 0.057983
-0.158447 0.490234 0.949585 -0.028564 0.051880 0.072632
-0.122437 0.485229 0.953613 -0.031616 0.052124 0.049438
-0.254639 0.363159 0.970703 -0.011230 0.014771 0.046753
-0.157104 0.435791 0.964355 -0.017822 0.007813 -0.002197
-0.142578 0.415894 0.964966 -0.015381 0.001343 -0.024414
-0.166016 0.402344 0.966431 -0.010986 0.012085 0.007690
-0.175171 0.411011 0.964233 -0.002563 0.011230 0.068481
-0.155518 0.425537 0.959595 -0.008179 0.020142 0.094727
-0.254639 0.388916 0.977051 -0.010254 0.030884 0.067505
-0.013062 0.530151 0.950806 -0.012085 0.002197 0.017334
-0.252441 0.335571 0.983032 -0.007813 0.004761 0.000000
-0.135254 0.418945 0.958862 -0.006226 -0.015991 0.018188
-0.149780 0.417236 0.956543 -0.019897 0.002686 -0.028931
-0.175537 0.414063 0.959595 -0.021851 0.004028 -0.037964
-0.171387 0.385864 0.961914 -0.017334 0.000366 -0.013672
-0.170532 0.397461 0.960693 -0.004028 0.000366 0.023560
-0.131592 0.438477 0.956299 0.002808 0.006958 0.049561
-0.065308 0.616699 0.951660 -0.030273 0.062012 0.013550
-0.203125 0.455566 0.958252 0.001221 -0.012329 0.060547
-0.093384 0.448975 0.956787 0.023560 -0.016357 0.116821
-0.216064 0.438599 0.964355 -0.043457 0.051147 -0.002319
-0.185791 0.401245 0.961304 -0.023804 0.015015 0.009888
-0.194336 0.395630 0.953369 -0.020996 0.001221 0.000244
-0.176392 0.394775 0.963501 -0.004761 -0.010498 0.027222
-0.137939 0.432373 0.962891 0.007446 -0.004761 0.079468
-0.096069 0.478882 0.956421 -0.022827 0.038940 0.025635
-0.198242 0.318970 0.957031 -0.012451 -0.001831 -0.005981
-0.146851 0.432617 0.958618 -0.005371 -0.007080 0.000610
-0.176147 0.412354 0.959839 -0.005859 -0.003174 0.006104
-0.166504 0.417847 0.958496 -0.004395 -0.001953 0.026855
-0.153076 0.441772 0.955322 -0.010254 0.002930 0.010132
-0.182617 0.423340 0.955444 -0.022827 0.004150 -0.028198
-0.190063 0.404785 0.957764 -0.022461 -0.006226 -0.038330
-0.166626 0.421387 0.955200 -0.020264 -0.009155 -0.033325
-0.170532 0.416260 0.957275 -0.024414 -0.005005 -0.037842
-0.180908 0.409668 0.959473 -0.022461 -0.004883 -0.018921
-0.167603 0.402466 0.957275 -0.022827 -0.004150 -0.009521
-0.159912 0.431152 0.950806 -0.018799 -0.000977 -0.003418
-0.189819 0.398926 0.959839 -0.022949 0.001099 -0.025757
-0.189331 0.405396 0.955566 -0.015503 -0.009033 -0.019287
-0.159790 0.429321 0.957642 -0.010010 -0.011230 -0.009644
-0.165894 0.419312 0.957886 -0.015015 -0.002075 -0.012695
-0.175049 0.413818 0.953979 -0.017944 0.003784 -0.004028
-0.184570 0.418091 0.958496 -0.020874 0.001221 -0.008179
-0.172974 0.411621 0.951538 -0.019775 -0.002563 -0.002563
-0.173828 0.404785 0.953735 -0.016724 -0.001221 0.005615
-0.184814 0.412598 0.955688 -0.013062 -0.000977 0.003662
-0.176758 0.428223 0.956421 -0.011353 -0.006958 0.023193
-0.163086 0.418579 0.958862 -0.017334 -0.004639 0.009033
-0.173584 0.422974 0.952881 -0.020142 0.002319 -0.007813
-0.192261 0.399902 0.960205 -0.020874 0.000244 -0.018433
-0.202148 0.400635 0.956299 -0.011597 -0.011841 0.003052
-0.184204 0.401123 0.958008 -0.006104 -0.022339 0.023682
-0.149780 0.430420 0.958618 -0.003540 -0.018677 0.038086
-0.161499 0.434937 0.953003 -0.015015 -0.003906 0.006958
-0.178223 0.421753 0.961426 -0.023804 0.003174 -0.020996
-0.187256 0.404907 0.956787 -0.021851 -0.001221 -0.026123
-0.188354 0.402832 0.961060 -0.016113 -0.007202 -0.007690
-0.177612 0.419189 0.955566 -0.012329 -0.010498 0.010376
-0.174561 0.419189 0.953003 -0.014404 -0.011108 0.007935
-0.170166 0.426758 0.954590 -0.020752 -0.008057 -0.008545
-0.175781 0.414917 0.958008 -0.027100 -0.003906 -0.019165
-0.179565 0.404663 0.961792 -0.026733 -0.004028 -0.018555
-0.183594 0.408936 0.961182 -0.021729 -0.005615 -0.011719
-0.181274 0.399170 0.954834 -0.014648 -0.009521 0.001343
-0.176025 0.415039 0.958374 -0.013062 -0.009521 0.008667
-0.175415 0.419312 0.956421 -0.014282 -0.008911 0.005371
-0.177979 0.409180 0.957397 -0.015747 -0.007446 0.003296
-0.179932 0.409058 0.965454 -0.011108 -0.008545 0.016724
