-0.280762 0.362671 0.949463 -0.021606 -0.004883 -0.010742
-0.301636 0.349976 0.953979 -0.020020 -0.007446 -0.014160
-0.317505 0.320679 0.955933 -0.007568 -0.020630 -0.006226
-0.287354 0.345825 0.947998 0.006836 -0.027222 0.020996
-0.267456 0.383667 0.950928 -0.001343 -0.019653 0.017090
-0.265503 0.383301 0.946045 -0.022339 -0.006958 -0.022095
-0.285400 0.355591 0.949829 -0.031494 -0.003052 -0.032959
-0.296997 0.335449 0.949463 -0.025024 -0.006470 -0.021240
-0.301514 0.328735 0.950317 -0.009644 -0.013794 -0.001221
-0.285278 0.341919 0.950317 -0.000122 -0.016602 0.018066
-0.276123 0.354736 0.953003 0.001221 -0.010742 0.029785
-0.282715 0.370239 0.950806 -0.006470 -0.003784 0.030273
-0.286743 0.363037 0.947144 -0.009033 -0.000366 0.042480
-0.267700 0.404907 0.943237 -0.031372 0.014526 0.052490
-0.291992 0.254028 0.951904 0.004395 -0.006592 0.102661
-0.250000 0.386841 0.945801 -0.013428 0.005371 0.068604
-0.273193 0.359619 0.947754 -0.024536 0.016479 0.066772
-0.245239 0.404419 0.947754 -0.048462 0.036133 0.046265
-0.276001 0.342163 0.951660 -0.013916 0.017212 0.092041
-0.306396 0.350464 0.943359 -0.065674 0.052490 0.037842
-0.331787 0.120972 0.946655 -0.089355 0.049805 0.058960
-0.334839 0.120972 0.965210 0.005005 -0.008179 0.204102
-0.150635 0.507202 0.981812 -0.013062 0.008179 0.173584
-0.086426 0.942993 0.909912 -0.185425 0.077759 -0.001099
-0.523560 0.022217 0.985229 -0.062378 0.017090 0.078491
-0.685791 0.417603 1.100342 -0.179810 0.006836 -0.098877
-0.307739 0.217163 0.901245 -0.178955 0.041748 -0.026611
-0.187988 0.710938 1.004272 -0.017822 -0.029175 0.177490
0.016479 0.251465 0.822510 -0.156616 0.052979 0.087524
-0.247437 0.444336 1.029419 -0.202271 0.023926 -0.053955
-0.291870 0.304077 0.979126 -0.309814 0.083740 -0.148560
-0.370361 0.744873 0.960693 -0.115601 -0.012329 0.031128
-0.251343 0.152466 0.917114 -0.071655 -0.002441 0.062866
-0.402222 -0.053955 0.933960 -0.155518 -0.053833 -0.034058
-0.306519 0.381592 0.977051 -0.043213 -0.029541 0.132324
-0.184570 0.491577 0.913208 -0.256470 -0.077026 -0.130981
-0.343384 0.466309 1.015747 -0.029785 -0.049194 0.085449
-0.299194 0.233398 0.947998 -0.115112 -0.132568 -0.147583
-0.446167 0.346069 0.991333 -0.068359 -0.137329 -0.136108
-0.011475 0.338989 0.962280 -0.024170 -0.130615 -0.147217
-0.377197 0.180908 1.069946 -0.002563 -0.171875 -0.191406
-0.282227 0.278198 0.950562 -0.039429 -0.159302 -0.267090
0.295654 0.365601 0.991943 0.009766 -0.079956 -0.248535
-0.059570 0.469360 0.923218 0.034912 -0.083008 -0.244263
-0.052368 0.642334 1.001465 -0.019409 -0.030396 -0.301025
-0.566895 -0.167725 0.958740 0.109985 -0.117310 -0.198486
-0.285767 0.412109 1.015137 -0.019287 -0.035645 -0.297485
-0.395508 0.640381 0.940674 0.072754 -0.079590 -0.218994
-0.185669 0.231567 0.972656 0.105591 -0.079712 -0.210327
-0.336792 0.021606 1.032959 0.098022 -0.044312 -0.226318
-0.219604 0.248535 1.007202 0.196411 -0.066162 -0.114868
-0.387573 0.047974 1.070313 0.225830 -0.075928 -0.063354
-0.257202 -0.313843 0.844482 0.113647 -0.024536 -0.176636
-0.248779 0.112061 0.950928 -0.022827 -0.027100 -0.328735
-0.510620 1.109863 1.060547 0.156738 -0.025879 -0.031616
-0.096802 -0.103271 0.924438 0.147827 0.020386 -0.006836
-0.313477 0.400757 0.992676 0.066650 0.014160 -0.027344
-0.236328 0.265381 0.919556 0.073608 0.021362 -0.028442
-0.392822 0.428711 1.026611 0.105103 0.040527 0.046631
-0.341797 0.720581 1.017212 0.010864 -0.014893 -0.027832
-0.276733 0.322632 1.033325 0.102539 0.051880 0.106812
-0.236206 0.284668 0.964233 0.005981 0.005737 -0.002197
0.240356 -0.177368 0.650146 0.127930 0.189453 0.208252
-0.216187 0.380981 0.939331 0.034912 0.048828 0.113525
-0.336426 0.307373 0.983521 0.035156 0.014404 0.104492
-0.399658 0.355957 1.012817 0.050659 0.021729 0.135132
-0.143555 0.372314 0.933350 0.026367 0.035522 0.087158
-0.368408 0.396606 0.984619 0.028442 -0.010132 0.091309
-0.149292 0.393921 0.935791 0.003784 0.090210 0.096313
-0.137817 0.494995 0.891235 -0.053223 0.107910 0.038574
-0.271118 0.495972 0.966797 0.006836 0.004517 0.072510
-0.204590 0.328979 0.921753 -0.004883 0.038940 0.078613
-0.328735 0.252563 0.968628 0.008911 0.005127 0.109985
-0.197632 0.470093 0.937744 -0.019409 0.030518 0.104370
-0.273071 0.308594 0.943848 0.005493 -0.004883 0.089600
-0.273926 0.384888 0.947266 -0.005615 -0.001831 0.040405
-0.262451 0.377197 0.942505 -0.023926 0.010010 0.022339
-0.276733 0.356812 0.951538 -0.021851 0.013428 0.039307
-0.226074 0.418091 0.934814 -0.034058 0.030518 0.043335
-0.316895 0.277466 0.961182 0.018311 -0.009644 0.108521
-0.233521 0.401489 0.948730 -0.011230 0.014404 0.081543
-0.372314 0.004150 0.951782 -0.033447 0.025146 0.071289
-0.246826 0.437378 0.949707 -0.052002 0.022217 0.037354
-0.262573 0.465332 0.944458 -0.005127 -0.010498 0.044678
-0.271118 0.402344 0.944946 -0.017578 0.002808 0.023682
-0.277954 0.379639 0.949219 -0.023682 0.010864 0.028320
-0.272705 0.426880 0.951050 -0.056885 0.034546 0.012329
-0.292847 0.268188 0.951294 0.009155 -0.015381 0.083618
-0.257202 0.354492 0.949097 0.002563 -0.005615 0.065918
-0.230103 0.430054 0.953613 -0.024780 0.016357 0.047241
-0.377930 0.142456 0.986694 -0.128418 0.061523 -0.050781
-0.238892 0.320313 0.955933 0.054077 -0.041748 0.161011
-0.181396 0.418091 0.933472 -0.000610 0.005493 0.086670
-0.413696 0.214111 0.957642 -0.023193 -0.007935 0.019531
-0.252441 0.379639 0.944458 -0.015381 -0.001099 0.029907
-0.280151 0.361450 0.950806 -0.022705 0.006348 0.035400
-0.270508 0.380127 0.947388 -0.022949 0.014038 0.050293
-0.202881 0.458130 0.955322 -0.037720 0.030151 0.059326
-0.247803 0.194214 0.937256 -0.031616 0.015869 0.056030
-0.272339 0.241333 0.942261 -0.032104 0.020874 0.050415
-0.272705 0.420166 0.953003 0.005615 -0.024658 0.059204
-0.258545 0.406494 0.953247 -0.044434 0.012329 0.012451
-0.275391 0.379150 0.941895 -0.016724 0.011108 0.062500
-0.180054 0.560791 0.956665 -0.083862 0.049316 -0.013306
-0.243286 0.525269 0.974243 -0.086792 0.033569 -0.018433
-0.250610 0.497314 0.934937 -0.050293 0.024170 0.056274
-0.437256 0.184814 0.953857 -0.012573 -0.018066 0.041504
-0.227417 0.416992 0.949707 -0.002686 -0.004517 0.064941
-0.252075 0.441528 0.958740 -0.091675 0.043823 -0.037354
-0.216431 -0.047485 0.927979 0.013794 0.000244 0.096680
-0.275391 0.346191 0.953247 -0.017334 0.000366 0.034668
-0.259521 0.241455 0.935669 -0.153687 0.062134 -0.100708
-0.416870 0.052368 0.947266 -0.020874 -0.009644 0.046021
-0.229736 0.418701 0.948975 0.012695 -0.016602 0.090698
-0.251343 0.418579 0.963867 -0.027466 0.010742 0.033813
-0.358398 -0.089722 0.956299 -0.093140 0.027710 -0.055298
-0.298584 0.223877 0.947632 0.003052 -0.010376 0.075195
-0.265381 0.375732 0.956665 -0.018921 -0.007813 0.038086
-0.267456 0.365601 0.948120 -0.031860 0.006714 0.027100
-0.331177 0.399292 0.925781 -0.132690 0.039917 -0.085327
-0.291626 0.418945 0.951416 -0.010498 -0.005127 0.059692
-0.279907 0.355591 0.950317 -0.003174 -0.004272 0.073853
-0.210938 0.548462 0.996216 -0.080688 0.028198 0.006348
-0.374634 0.125854 0.927124 -0.069336 0.004028 -0.015259
-0.313354 0.396973 0.939453 -0.124878 0.010132 -0.079956
-0.278320 0.255615 0.944336 -0.010376 -0.003540 0.045288
-0.279175 0.327148 0.954468 -0.020752 -0.001099 0.019043
-0.284546 0.361816 0.951538 -0.030762 0.002930 0.019409
-0.274170 0.438599 0.967407 -0.077026 0.015259 -0.059937
-0.320313 0.303223 0.954346 -0.017334 -0.001709 0.012207
-0.298584 0.312378 0.957642 -0.010254 -0.008789 0.029541
-0.198975 0.601318 0.962524 -0.106689 0.028687 -0.031250
-0.293457 0.561768 0.964600 -0.094482 0.015015 -0.041382
-0.323120 0.398438 0.955933 -0.013062 -0.007202 0.010864
-0.286499 0.344482 0.954468 -0.037842 -0.005249 -0.051514
-0.297974 0.296631 0.957275 -0.033447 -0.001465 -0.046143
-0.313232 0.289917 0.957397 -0.013062 -0.008423 -0.000122
-0.306030 0.317139 0.959229 -0.003784 -0.016113 0.015747
-0.285278 0.338379 0.954346 -0.010742 -0.013550 0.007568
-0.288452 0.326660 0.958740 -0.015381 -0.006836 0.001099
-0.287842 0.327271 0.955444 -0.021362 -0.002075 -0.030273
-0.312256 0.314575 0.957764 -0.022461 -0.003418 -0.027100
-0.307983 0.303101 0.962891 -0.006592 -0.008301 0.032349
-0.277222 0.344238 0.957275 -0.010864 -0.003784 0.034546
-0.293579 0.324585 0.952637 -0.015381 0.002686 0.027344
-0.316772 0.288818 0.958008 -0.005493 -0.003052 0.051880
-0.290405 0.316772 0.955566 0.004761 -0.008423 0.089111
-0.282837 0.339844 0.953491 -0.003906 -0.006104 0.055054
-0.291138 0.338013 0.957642 -0.015747 -0.002197 0.025757
-0.293213 0.339233 0.952515 -0.020874 -0.001221 0.009033
