0.346924 0.333008 0.956177 -0.021729 -0.024048 0.023193
0.357300 0.331177 0.952515 -0.014160 -0.017578 0.027222
0.348267 0.343262 0.955322 -0.007568 -0.012085 0.014893
0.318848 0.356445 0.953125 -0.009766 -0.019409 0.037964
0.354614 0.344116 0.952637 -0.014404 -0.028076 0.057007
0.354614 0.324219 0.951904 -0.010132 -0.027100 0.074829
0.393799 0.327515 0.956055 0.001953 -0.036377 0.116577
1.044434 0.016479 0.900269 0.065308 0.041382 0.045898
0.324463 0.458984 0.964111 0.018066 0.008423 0.098511
0.312866 0.255737 0.959717 -0.005493 -0.018555 0.083252
0.163086 0.281982 0.929688 0.035278 0.111328 -0.060181
0.446777 0.296021 0.968506 -0.002930 -0.032104 0.122559
0.309937 0.382690 0.954102 0.066406 0.130371 -0.002441
0.682861 0.281616 0.968262 0.008423 0.020386 0.094971
-0.041504 0.450562 0.930908 0.043945 0.156860 -0.128906
0.366699 0.404175 0.971924 -0.025391 -0.005981 0.097900
0.282104 0.393433 0.969238 -0.028076 0.006836 0.053101
0.675659 0.453491 0.956177 -0.061279 0.089722 0.005859
0.440186 0.189087 0.909180 -0.085693 0.083496 0.102661
0.167114 0.249634 0.968994 -0.062744 0.096069 0.103516
-0.021729 0.093506 0.790771 -0.062012 0.129639 0.039063
0.577393 0.637939 0.905884 -0.067505 0.099365 0.029541
0.302368 0.250000 0.928955 -0.059326 0.052490 -0.032471
0.304932 0.279907 0.948364 -0.074341 0.049438 -0.068848
0.283569 0.232178 0.961060 -0.057739 0.026123 -0.050903
0.266357 0.320313 0.979248 -0.080688 0.013672 -0.064575
0.230591 0.512817 0.997681 -0.070068 0.050537 -0.182739
0.385010 0.304077 1.010132 -0.092773 -0.021606 -0.183105
0.343994 0.192993 0.976074 -0.076782 -0.010132 -0.258545
0.032349 0.761719 0.948364 -0.041504 -0.012451 -0.166260
0.397095 0.139648 0.990112 -0.091431 -0.057251 -0.178101
0.525635 0.159546 1.043457 -0.127930 -0.162109 -0.083374
0.412720 0.311768 0.969727 -0.086426 -0.093018 -0.118164
0.375977 0.542603 0.921875 -0.079590 -0.145386 -0.054565
0.607666 0.308838 1.010010 -0.069214 -0.140137 -0.081909
0.309814 0.348999 0.943970 -0.032227 -0.066162 -0.161133
-0.202271 0.427734 0.895264 -0.020874 -0.005615 -0.253906
0.970581 0.161987 1.069336 -0.050537 -0.177490 -0.018799
0.684448 0.266479 1.027710 -0.028198 -0.115967 -0.118042
-0.082520 0.275879 0.896851 -0.008179 -0.062500 -0.135864
0.759888 0.438232 1.038574 0.004395 -0.108032 0.031738
0.229248 0.322632 0.943359 0.009644 -0.040039 -0.118530
0.428955 0.386475 0.997925 0.012817 -0.068359 0.033447
0.078735 0.206665 0.860840 0.002197 -0.040649 -0.039307
0.044678 0.136108 0.906494 0.020996 -0.057861 0.051758
0.280640 0.289429 0.972900 -0.009033 -0.032104 0.039063
0.464355 0.414673 0.940186 0.043945 -0.089111 0.167114
0.415527 0.455933 1.000366 0.006836 -0.048950 0.123291
0.302979 0.254028 0.962769 -0.004150 -0.037354 0.033447
0.384644 0.483154 0.989014 0.078491 -0.032471 0.112793
0.294678 0.371826 0.916992 0.091553 -0.010254 0.093018
0.250244 0.449463 0.956543 0.027100 -0.034912 0.092041
0.372925 0.288574 0.966064 -0.059692 -0.073120 0.092896
0.298828 0.489136 0.982422 0.038818 -0.043701 0.138428
0.369141 0.504272 0.972656 0.117798 0.030029 0.110352
0.450928 0.249512 0.958252 0.005249 -0.030640 0.097534
0.221436 0.452026 0.962158 0.075317 0.071411 0.068970
0.383789 0.330811 0.983521 0.030396 0.007080 0.081909
-0.032837 0.818481 0.967651 0.042480 0.053833 0.107788
0.456055 0.176880 0.955811 -0.014526 -0.021606 0.101929
0.308960 0.214722 0.911377 0.068115 0.081421 0.015137
0.597290 0.375488 0.942749 0.047852 0.036377 0.100586
0.185547 0.590698 0.963745 0.065063 0.081665 0.094116
-0.009033 0.736694 0.992920 0.087158 0.147339 -0.004761
0.372314 0.359131 0.945190 0.019409 0.040283 0.041138
0.438843 0.289429 0.954346 -0.023071 -0.027344 0.100342
0.417236 0.305664 0.955566 0.000000 -0.006592 0.045898
0.369141 0.341431 0.949829 0.013184 0.017700 -0.018921
0.335693 0.370117 0.949219 0.005859 0.025879 -0.055786
0.307495 0.388306 0.952881 -0.014404 0.012085 -0.047974
0.323730 0.346436 0.950317 -0.033081 -0.013428 -0.000854
0.372559 0.317505 0.952148 -0.027588 -0.020020 0.033447
0.417480 0.389282 0.950317 -0.014160 -0.004761 0.025269
0.408081 0.322632 0.951294 -0.007324 0.005249 0.005371
0.353882 0.374390 0.955200 -0.004639 0.011597 -0.006470
0.346802 0.342407 0.956787 -0.008057 -0.006104 0.012207
0.348267 0.366699 0.956055 -0.015137 -0.015869 0.035645
0.374512 0.335205 0.952881 -0.020020 -0.010864 0.018311
0.367676 0.340942 0.955811 -0.015869 0.002197 -0.030762
0.328369 0.360840 0.953979 -0.017456 0.005737 -0.070313
0.326050 0.355713 0.951050 -0.028687 -0.010742 -0.029419
0.363647 0.325439 0.950073 -0.030273 -0.018799 0.010254
0.375122 0.319336 0.953857 -0.017578 -0.006714 0.010010
0.345215 0.340210 0.953369 -0.006958 0.005127 -0.007080
0.338867 0.357422 0.949707 -0.011963 -0.000854 0.007813
0.344116 0.360352 0.957275 -0.019287 -0.011230 0.018799
0.364014 0.336060 0.947510 -0.019775 -0.011597 0.005127
0.362915 0.334229 0.953003 -0.016357 -0.005127 -0.010376
0.354248 0.342163 0.951294 -0.011108 0.000854 -0.024048
0.353638 0.344482 0.954102 -0.010986 0.001831 -0.026245
0.351440 0.350342 0.949707 -0.010742 0.005493 -0.023926
0.350464 0.349121 0.955078 -0.012451 0.004028 -0.027588
0.340210 0.349976 0.954956 -0.014160 0.003540 -0.031128
0.342163 0.354126 0.951416 -0.015991 -0.001953 -0.022095
0.344849 0.342529 0.955688 -0.015747 -0.005005 -0.008667
0.347290 0.337891 0.956299 -0.011841 -0.005127 0.006104
0.348389 0.348389 0.954590 -0.008423 -0.002686 0.002197
0.339111 0.368774 0.956787 -0.015137 -0.003540 -0.005615
0.342163 0.348755 0.954224 -0.020630 -0.005737 -0.006470
0.338257 0.343262 0.954102 -0.019165 -0.007813 -0.002686
0.335815 0.338379 0.953735 -0.013550 -0.010376 0.008545
0.344849 0.348022 0.953979 -0.010986 -0.011841 0.013062
0.351929 0.355469 0.951660 -0.014771 -0.008789 0.002075
0.344360 0.349487 0.952271 -0.018433 -0.004028 -0.009277
0.336060 0.345215 0.951416 -0.017578 -0.001343 -0.009888
0.337402 0.351440 0.955566 -0.013550 -0.005493 -0.001953
0.344238 0.353516 0.954102 -0.016602 -0.009277 0.005737
0.345215 0.346191 0.950195 -0.016113 -0.011719 0.010620
0.350098 0.338867 0.951416 -0.010986 -0.011841 0.007080
0.346680 0.358398 0.952637 -0.010010 -0.011963 0.004639
0.363770 0.350708 0.953735 -0.017212 -0.009399 0.008667
0.342529 0.338257 0.957764 -0.015503 -0.003052 0.003662
0.350586 0.346680 0.957886 -0.012939 -0.004150 0.007202
0.338867 0.351685 0.951416 -0.015381 -0.005981 0.005981
0.353394 0.329102 0.953003 -0.011841 -0.006836 0.011230
0.357178 0.316772 0.954956 0.000366 -0.003906 0.009644
0.421265 0.246582 0.953247 0.034302 0.011108 0.003418
0.332520 0.277344 0.955200 0.086914 0.057495 -0.028442
0.301636 0.506714 1.022705 0.083252 0.061035 -0.048096
0.048096 0.215576 1.172852 0.064697 -0.009766 -0.120483
0.441162 0.087158 1.051270 0.250488 -0.141602 -0.208130
0.418091 0.397583 0.810181 0.308228 -0.062012 -0.198853
0.423584 0.476440 0.823242 0.196655 -0.003296 -0.202271
0.303833 0.489990 0.877930 0.122437 0.046143 -0.196533
0.264404 0.529663 0.885498 0.074951 0.043823 -0.097778
0.281372 0.532227 0.876587 0.010010 0.027588 -0.046631
0.284790 0.504517 0.893799 -0.062622 0.013550 0.031738
0.300537 0.452759 0.923706 -0.106079 0.011719 0.053467
0.310669 0.402222 0.943481 -0.127075 -0.001953 0.064453
0.331543 0.341309 0.986694 -0.102051 -0.006836 0.062744
0.336060 0.338867 0.973267 -0.052979 -0.012451 0.033203
0.349365 0.375610 0.941528 -0.027466 -0.011597 0.012329
0.325806 0.425171 0.927612 -0.031494 -0.002441 0.000610
0.304321 0.440918 0.923096 -0.048340 0.003540 0.013062
0.303467 0.413086 0.937744 -0.071411 -0.013306 0.033691
0.311035 0.381348 0.947754 -0.069824 -0.013916 0.042969
0.329956 0.357910 0.949219 -0.059448 -0.022583 0.035522
0.343384 0.362549 0.953125 -0.039063 -0.012695 0.020752
0.335693 0.374512 0.952148 -0.025757 -0.011841 0.009155
0.334351 0.394409 0.937866 -0.024658 -0.011719 0.000122
0.329712 0.394287 0.941406 -0.026245 -0.005615 0.007813
0.325806 0.374268 0.948975 -0.030273 -0.015381 0.006470
0.336792 0.373291 0.941895 -0.020386 -0.010742 0.000732
0.333984 0.370728 0.958008 -0.015015 -0.009033 0.002197
0.333740 0.388062 0.935059 -0.007935 -0.003174 -0.002808
0.329834 0.410278 0.936768 -0.014160 -0.001465 0.006714
0.322876 0.378296 0.945557 -0.027466 -0.009766 0.000610
0.335693 0.375854 0.942505 -0.018677 -0.005493 -0.002441
0.325317 0.373291 0.954590 -0.016968 -0.001953 0.006470
0.340698 0.372681 0.953735 -0.008789 -0.008789 -0.003174
