-0.181519 0.419800 0.963501 -0.013550 -0.009766 -0.009033
-0.175903 0.417114 0.960571 -0.017212 -0.017456 -0.022949
-0.156006 0.404663 0.959229 -0.016113 -0.018433 0.000244
-0.143677 0.405640 0.960327 -0.010132 -0.005249 0.019775
-0.149902 0.419312 0.959961 -0.008179 0.008789 0.010986
-0.191650 0.411621 0.960449 -0.012695 0.010742 -0.007690
-0.201172 0.414917 0.959351 -0.012695 -0.004761 -0.001221
-0.191284 0.397461 0.962158 -0.008789 -0.023804 0.018066
-0.163574 0.385376 0.957153 0.000366 -0.025635 0.058105
-0.139282 0.411865 0.960083 0.012817 -0.013550 0.103394
-0.129517 0.417358 0.959839 0.014404 -0.000488 0.098999
-0.135742 0.404053 0.957642 0.021973 0.014038 0.092896
-0.007446 0.518799 0.917969 0.013184 0.043701 0.097900
-0.208130 0.540649 1.024658 -0.019897 0.107178 0.074829
0.001587 0.486938 0.951172 -0.003906 -0.010376 0.145508
-0.111328 0.394531 0.967773 -0.013672 0.004272 0.125977
-0.239136 0.413452 0.970947 -0.075317 0.069214 0.036377
-0.126953 0.376587 0.928101 -0.125366 0.116455 0.011475
-0.078979 0.614624 0.987793 0.019287 -0.010864 0.226074
-0.369995 0.458374 0.959351 -0.115723 0.080811 -0.042969
-0.197388 0.247681 0.965210 -0.065186 0.011597 0.071289
-0.021362 0.496216 0.982300 -0.104004 0.053101 0.056274
-0.105957 0.398682 0.980103 -0.053833 0.041504 0.114136
-0.072510 0.562012 0.842163 -0.133179 0.044922 0.029663
-0.148682 0.572144 0.983276 -0.058228 0.012573 0.015991
-0.246582 0.560791 0.954834 -0.085571 -0.009521 0.018188
-0.237183 0.502930 1.010132 -0.032959 -0.008789 0.161621
-0.030884 0.660034 0.973511 -0.115601 0.000610 0.164307
-0.171631 0.602051 1.004883 -0.091309 0.028564 0.096191
-0.241821 0.538452 1.032959 -0.089111 0.029907 -0.024780
-0.248291 0.563843 1.000732 -0.061401 0.031860 -0.063721
-0.219604 0.405151 0.958252 -0.051025 -0.004028 0.006714
-0.182617 0.350464 0.961548 -0.055298 -0.041138 0.017334
-0.264771 0.406616 1.009033 -0.051636 -0.050171 -0.003906
-0.148926 0.432617 0.987915 -0.038330 -0.024658 -0.076904
-0.446533 0.194824 0.984375 -0.082031 -0.006592 -0.187744
-0.318115 0.321777 0.991333 -0.056030 -0.062866 -0.082764
-0.207642 0.373535 0.970703 -0.051880 -0.039429 -0.116699
-0.204224 0.333862 0.979370 -0.036133 -0.091553 -0.101074
-0.520508 0.286621 0.963867 -0.028076 -0.097412 -0.144531
-0.291016 0.258179 0.992432 -0.019287 -0.107788 -0.143066
-0.330444 0.016846 0.887207 -0.003784 -0.110596 -0.148193
-0.438354 0.216919 0.970093 -0.012817 -0.086548 -0.216064
-0.021851 0.075562 0.951050 -0.030762 -0.052979 -0.240967
-0.493774 0.129639 0.981445 -0.010254 -0.033325 -0.188232
-0.119507 0.519653 0.984741 0.037842 -0.054199 -0.101074
-0.242676 0.295654 0.985596 -0.054199 -0.000366 -0.232544
-0.330933 0.074219 0.973999 0.040771 -0.080688 -0.112183
0.007202 0.727295 0.936401 0.123535 -0.115967 0.051025
-0.258789 0.343750 0.981689 -0.018921 0.008545 -0.184814
0.124390 0.787964 0.975342 0.067505 -0.098022 0.013184
0.022827 0.777832 1.010132 0.120728 -0.085327 0.030396
-0.182129 0.360352 0.974854 -0.018433 -0.002075 -0.174927
-0.223389 0.099243 0.858154 0.072998 -0.005249 -0.031982
-0.223633 0.104004 0.930420 0.009766 -0.018921 -0.119873
-0.006592 1.065918 1.043213 0.141235 -0.067261 0.164185
-0.121094 0.408936 0.969360 -0.007813 -0.023193 -0.119263
-0.162231 0.413452 0.994141 0.052124 -0.001465 -0.031372
-0.304932 0.477173 1.026123 0.046753 0.022949 -0.036499
-0.152832 0.312622 0.961548 -0.014160 -0.001709 -0.086792
-0.051636 -0.248535 0.703125 0.063843 0.017456 0.011597
-0.114746 0.224243 0.967651 -0.034546 -0.051636 -0.059814
-0.138062 0.242920 0.893066 0.064331 -0.014648 0.057007
-0.090088 0.414917 0.978760 0.007935 -0.050293 0.043091
-0.155518 0.495605 0.977539 0.031738 0.002197 0.036011
-0.025024 0.111206 0.887695 0.043091 0.069092 -0.003418
-0.382690 0.482300 1.024536 0.023071 0.003662 0.109131
-0.394531 0.517334 1.082397 0.072632 0.014160 0.108276
-0.124268 0.406128 0.961182 0.011230 -0.037354 0.041870
0.001587 0.381958 0.932251 0.019897 0.029907 0.047485
-0.058105 0.396606 0.929810 0.039307 0.023193 0.112915
-0.075928 0.375977 0.963867 0.009888 -0.039795 0.109253
-0.146851 0.388184 0.941162 0.022949 0.005371 0.085327
-0.179688 0.410889 0.966675 0.017944 0.046875 0.080566
-0.081543 0.433472 0.950195 0.005371 -0.018433 0.090332
-0.215454 0.331543 0.983276 -0.006714 0.019653 0.077515
-0.067261 0.420898 0.956299 0.013184 -0.026489 0.110596
-0.422241 0.404053 1.017822 -0.027466 0.127686 0.039551
-0.136353 0.412720 0.968994 0.015015 -0.038452 0.123291
-0.076782 0.451416 0.946655 0.007568 -0.019409 0.094238
-0.149536 0.435425 0.955200 -0.012695 0.018799 0.015869
-0.097290 0.437744 0.938599 -0.021973 0.046753 0.008789
-0.174561 0.422852 0.956909 -0.002319 0.026611 0.081421
0.059448 0.397705 0.941406 -0.009033 -0.002808 0.088867
-0.086548 0.456543 0.960449 -0.002686 -0.003296 0.075439
-0.073120 0.475098 0.949097 0.009521 -0.015625 0.085449
-0.426025 0.320801 0.983521 -0.050537 0.070435 -0.030396
-0.031860 0.472290 0.948730 -0.021729 0.008423 0.042969
-0.270264 0.398926 0.967529 -0.062622 0.068970 0.004761
-0.192383 0.414063 0.954956 -0.052612 0.044434 0.025269
-0.134277 0.458496 0.956177 -0.004639 -0.012939 0.080322
-0.154419 0.401611 0.962646 -0.008667 0.001709 0.055542
-0.173218 0.386963 0.945557 -0.022705 0.052856 0.083374
-0.429810 0.258667 0.993164 -0.063599 0.103027 0.057251
-0.075806 0.487915 0.954590 -0.015747 -0.003052 0.089600
-0.113525 0.443604 0.952637 -0.025146 0.000488 -0.018799
-0.157349 0.428589 0.956177 -0.029053 0.014893 -0.052734
-0.185547 0.424194 0.960571 -0.024658 0.007324 -0.025269
-0.173950 0.423096 0.953613 -0.019897 -0.007690 -0.021606
-0.160156 0.417725 0.956055 -0.017578 -0.011230 -0.019653
-0.149292 0.426270 0.955322 -0.016357 -0.007568 -0.013428
-0.167480 0.416992 0.957275 -0.015869 -0.003174 -0.006470
-0.172485 0.419312 0.958008 -0.012695 -0.008179 0.008057
-0.162720 0.431519 0.954712 -0.008179 -0.012207 0.014893
-0.145874 0.433960 0.956299 -0.009033 -0.007324 0.021362
-0.159546 0.435669 0.955566 -0.015381 -0.001465 -0.001343
-0.166138 0.419922 0.957886 -0.020508 -0.001343 -0.019043
-0.177612 0.414307 0.954468 -0.016235 -0.002930 -0.002686
-0.164551 0.418579 0.958008 -0.010254 -0.008545 0.013428
-0.147339 0.430420 0.951538 -0.010864 -0.006470 0.009644
-0.161011 0.432251 0.953979 -0.018188 0.003052 -0.025391
-0.163086 0.431519 0.955078 -0.024658 0.003052 -0.058350
-0.192871 0.397583 0.956665 -0.025146 -0.000488 -0.044922
-0.165161 0.413452 0.957642 -0.014282 -0.010864 0.010376
-0.156128 0.421387 0.953979 -0.012207 -0.009766 0.014160
-0.148071 0.432251 0.956177 -0.015869 -0.003052 0.000122
-0.173584 0.420288 0.958862 -0.021118 -0.000366 -0.021851
-0.173462 0.416382 0.955566 -0.017944 -0.004639 -0.017212
-0.159912 0.419800 0.953979 -0.015747 -0.005981 -0.011719
-0.168335 0.429077 0.953247 -0.015015 -0.004272 -0.014648
-0.159912 0.430420 0.950317 -0.014771 -0.002808 -0.012207
-0.168213 0.434082 0.952515 -0.021851 0.000977 -0.026978
-0.176025 0.426636 0.952637 -0.026489 -0.003540 -0.044800
-0.175049 0.414551 0.958252 -0.028076 -0.008179 -0.054932
-0.183472 0.399292 0.955933 -0.017334 -0.009277 -0.010010
-0.167480 0.415405 0.954834 -0.004517 -0.011719 0.033325
-0.169312 0.427368 0.953735 -0.003540 -0.010010 0.030273
-0.171387 0.431641 0.959961 -0.011230 -0.011108 -0.003906
-0.154053 0.430908 0.958496 -0.022583 -0.007324 -0.011108
-0.156982 0.420044 0.956665 -0.027954 0.002319 -0.021851
-0.181885 0.407104 0.955566 -0.023560 0.005127 -0.018799
-0.196045 0.416626 0.957886 -0.015747 -0.005615 0.000244
-0.162720 0.416992 0.956299 -0.011475 -0.016968 0.010498
-0.151489 0.425171 0.958740 -0.012817 -0.010010 0.003784
-0.175781 0.417236 0.958252 -0.012695 -0.003540 0.006226
-0.177612 0.424805 0.955078 -0.016846 -0.008667 -0.013184
-0.163818 0.415039 0.954956 -0.016113 -0.011475 -0.013672
-0.171143 0.415161 0.953979 -0.013306 -0.005493 -0.000122
-0.164795 0.426392 0.956177 -0.013672 -0.002930 0.008179
-0.177979 0.417480 0.960449 -0.017334 -0.002075 0.000244
-0.174683 0.414429 0.957886 -0.018188 -0.004395 -0.000732
-0.184814 0.413452 0.954346 -0.013794 -0.009033 0.005981
-0.168213 0.417480 0.958618 -0.009033 -0.016479 0.018555
-0.166138 0.425903 0.955933 -0.008057 -0.013916 0.008545
-0.153320 0.429199 0.958252 -0.012085 -0.005005 -0.002197
-0.173706 0.423584 0.951904 -0.018433 -0.000122 -0.013672
-0.174194 0.418945 0.955078 -0.019043 -0.003418 0.002686
-0.170654 0.419189 0.957642 -0.018921 -0.003784 0.011108
-0.169312 0.419067 0.952271 -0.020996 -0.003174 -0.002075
-0.174194 0.411865 0.958740 -0.019287 -0.000977 0.001831
