0.366943 0.330200 0.947388 -0.018433 -0.008179 0.014771
0.364258 0.331787 0.952271 -0.013916 -0.004761 0.010010
0.362549 0.339844 0.947144 -0.011719 -0.005005 0.005127
0.356812 0.345947 0.951294 -0.012573 -0.007568 0.001587
0.357788 0.350220 0.942383 -0.017334 -0.010498 0.003784
0.359375 0.345093 0.948242 -0.023315 -0.012573 0.007935
0.370239 0.329590 0.946289 -0.021729 -0.013184 0.006714
0.356445 0.330811 0.949097 -0.015015 -0.011963 0.019897
0.372314 0.328003 0.949097 -0.006470 -0.014038 0.044312
0.450928 0.359131 0.943604 0.003174 -0.016602 0.047363
0.374878 0.386353 0.949585 0.004883 -0.011108 0.088501
0.286987 0.339111 0.941895 0.015259 0.034180 0.030151
0.333252 0.398193 0.963623 0.043335 0.052368 0.044312
0.491943 0.299561 0.877686 0.088745 0.125000 -0.004517
0.460083 0.423096 0.975952 0.046021 0.020386 0.119507
0.470215 0.372803 0.952881 0.050537 0.102295 0.013550
0.667480 0.253052 0.985352 0.018921 0.096924 -0.037964
0.457642 0.311523 0.939697 0.017090 0.023926 0.042480
0.609741 0.324707 1.017334 -0.010742 -0.016235 0.119751
-0.037476 0.332397 0.906982 -0.010010 0.085938 0.000000
0.390625 0.317017 0.908325 -0.037964 0.102539 0.099976
0.450806 0.161011 0.903809 -0.081055 0.103271 0.077148
0.456909 0.494141 0.986938 -0.017700 0.013306 0.100342
0.280762 0.338867 0.979492 -0.082520 0.053467 -0.108643
0.519409 0.735596 1.091064 -0.076660 0.036865 -0.045776
0.310669 0.124512 0.961304 -0.070313 0.018433 -0.085938
0.528076 0.042480 0.946411 -0.129517 0.012817 -0.105713
0.502441 0.248291 0.911377 -0.142822 0.007935 -0.146118
0.741699 -0.003418 0.970581 -0.102173 -0.019775 -0.218140
0.352295 0.123413 0.942261 -0.144043 -0.072510 -0.106567
-0.079712 0.346069 0.848022 -0.124878 -0.038086 -0.197754
0.129761 0.477661 0.920166 -0.089966 -0.025024 -0.232788
0.153198 0.368286 0.924927 -0.112183 -0.107300 -0.143311
0.451660 0.430420 0.976440 -0.030151 -0.025024 -0.148071
0.507935 0.413086 0.962280 -0.037964 -0.032593 -0.063110
0.439819 0.303711 0.981323 -0.097046 -0.193237 0.020874
0.271484 0.370117 0.959839 -0.005005 0.013550 -0.162476
0.204224 0.387207 0.860718 -0.039429 -0.270874 0.091064
0.247925 0.360352 0.973389 -0.007935 0.039429 -0.199341
0.090942 0.358521 0.963257 -0.017456 0.005615 -0.185669
0.834229 0.339600 1.008911 -0.016724 -0.269409 0.172852
0.306030 0.307129 0.964355 -0.027344 0.009888 -0.111328
0.354370 0.338501 0.950439 -0.006226 -0.018311 -0.065430
0.324341 0.425781 1.006958 0.045410 -0.129272 0.131104
0.446045 0.386963 0.977661 -0.006226 -0.054688 0.030273
0.064697 0.143555 0.853027 0.016113 -0.062866 -0.000488
0.362427 0.274414 0.968750 -0.036255 -0.059204 0.023682
0.339111 0.156860 0.894287 0.037720 -0.093262 0.055176
0.486328 0.356079 0.949951 0.027344 -0.042725 0.136719
0.647339 0.143066 0.989746 0.021240 -0.080078 0.167725
0.349854 0.131470 0.888428 0.003418 -0.041992 0.036011
0.596191 0.154541 0.943970 0.039185 -0.045776 0.078735
0.389893 0.380249 0.944702 0.016235 -0.028687 0.091797
0.380737 0.325317 0.936523 0.032349 -0.017700 0.105957
0.425049 0.250000 0.940552 0.005493 -0.024048 0.099609
0.174194 0.553589 0.970337 0.072266 0.045532 0.088867
0.380981 0.293335 0.949707 -0.018677 -0.025269 0.083252
0.421265 0.303101 0.950195 0.014404 -0.001831 0.062256
0.444580 0.343140 0.953613 0.029419 0.024292 0.028198
0.240479 0.461060 0.938477 0.030396 0.046875 0.026367
0.247803 0.393311 0.952637 0.019653 0.027710 0.051514
0.404785 0.269409 0.938232 0.005615 0.021362 0.039551
0.561890 0.252563 0.944336 0.013062 0.005859 0.060181
0.279297 0.400635 0.945557 0.018066 0.035400 0.031616
0.432739 0.284302 0.953247 -0.009888 -0.011353 0.085083
0.251221 0.347534 0.948120 0.017700 0.021606 0.057739
-0.008911 0.645996 0.918945 0.081299 0.138916 0.003052
0.343262 0.372070 0.956055 0.025513 0.034424 0.046265
0.317627 0.413574 0.947632 0.031738 0.041748 0.049316
0.332397 0.359131 0.953613 0.007080 0.017212 0.042114
0.288330 0.415283 0.949585 0.020630 0.041992 0.001953
0.398193 0.316406 0.946655 -0.025391 -0.028809 0.090576
0.563843 0.187012 0.917969 0.029297 0.029297 0.040405
0.641235 0.279297 0.935425 0.025757 0.031982 0.022461
0.449707 0.347168 0.941284 -0.014160 -0.014160 0.010864
0.401367 0.348633 0.942749 -0.016846 -0.002930 -0.026001
0.368042 0.342773 0.944946 -0.018677 0.003052 -0.049072
0.363647 0.342407 0.950439 -0.018066 -0.002808 -0.024536
0.363647 0.338623 0.949463 -0.013550 -0.002686 -0.021851
0.371826 0.347168 0.946167 -0.013550 -0.002197 -0.028076
0.358765 0.357056 0.949219 -0.016479 -0.003174 -0.038940
0.349976 0.354858 0.947021 -0.027222 -0.010742 -0.026978
0.392456 0.341064 0.943726 -0.028076 -0.004395 -0.045776
0.369141 0.340210 0.946777 -0.023071 0.009155 -0.108276
0.358276 0.346680 0.948364 -0.027710 0.003784 -0.117188
0.371826 0.351807 0.951416 -0.028809 0.000977 -0.118774
0.419800 0.518921 0.874390 -0.093994 -0.137329 -0.021851
0.047241 0.397339 0.926758 -0.031982 0.011719 -0.162354
0.171631 0.424072 0.921509 -0.082397 -0.078857 -0.095215
0.402954 0.400024 0.951172 -0.000977 0.020630 -0.184204
0.381836 0.478149 0.937622 -0.066040 -0.085083 -0.074829
0.262695 0.400879 0.953003 -0.010864 0.020996 -0.094971
0.376221 0.340332 0.944580 -0.035889 -0.028931 -0.021484
0.612183 0.260620 0.945923 -0.046021 -0.056152 -0.012939
0.375366 0.395508 0.948120 -0.010376 -0.002930 -0.033691
0.549194 0.328003 0.953857 -0.036865 -0.044800 -0.024902
0.334839 0.378174 0.949097 -0.023315 -0.008423 -0.034790
0.523560 0.316650 0.946289 -0.031006 -0.039551 0.020996
0.390381 0.350586 0.950073 -0.004272 0.002319 -0.005127
0.355347 0.372314 0.950439 -0.009644 0.001465 -0.007935
0.341797 0.358521 0.946533 -0.019775 -0.004761 -0.004883
0.352661 0.344360 0.947144 -0.021606 -0.016235 0.021484
0.361206 0.337280 0.949585 -0.015991 -0.016846 0.029175
0.364624 0.357910 0.951538 -0.013306 -0.014893 0.024414
0.360596 0.337646 0.948242 -0.014771 -0.013184 0.028687
0.369629 0.324097 0.948486 -0.006470 -0.012451 0.046021
0.450195 0.215576 0.953491 0.031738 0.014404 0.032837
0.337158 0.194580 1.005249 0.104126 0.075684 -0.048706
0.302490 0.143433 1.232910 0.286133 -0.084839 -0.128540
0.487061 0.281982 0.845703 0.413452 -0.073486 -0.285034
0.376953 0.516479 0.780884 0.329712 0.045288 -0.249390
0.291992 0.590942 0.848877 0.221313 0.082520 -0.207764
0.257690 0.636475 0.821411 0.115845 0.093872 -0.140259
0.225220 0.609741 0.845093 -0.021362 0.065674 -0.013428
0.224609 0.496704 0.911499 -0.106567 0.042114 0.044678
0.301514 0.405396 0.918457 -0.144653 0.012451 0.088501
0.362183 0.356934 0.941650 -0.136841 -0.010742 0.120483
0.382935 0.336426 0.965454 -0.093872 0.008301 0.081543
0.356934 0.363159 0.944946 -0.056763 0.019653 0.037964
0.333496 0.401733 0.945679 -0.041504 0.010010 0.057007
0.319092 0.398438 0.933228 -0.048706 0.001465 0.041504
0.339600 0.425781 0.914185 -0.061768 -0.004639 0.059814
0.328003 0.396729 0.929199 -0.076050 0.002930 0.048218
0.345703 0.374146 0.946289 -0.077393 -0.004272 0.040039
0.345093 0.341431 0.965576 -0.055298 -0.005981 0.031738
0.366699 0.341797 0.952026 -0.030640 -0.011475 0.010986
0.340820 0.368774 0.951538 -0.003174 0.002319 0.004272
0.334106 0.399780 0.927734 -0.001221 0.003296 0.008301
0.312866 0.414551 0.938599 -0.014526 0.006348 0.006714
0.338623 0.398926 0.930298 -0.024658 -0.001099 0.016235
0.333618 0.388550 0.952637 -0.028687 -0.003662 0.027100
0.350098 0.359741 0.946655 -0.016968 -0.005615 0.012451
0.330811 0.379761 0.943237 -0.008911 -0.004272 -0.001709
0.341309 0.392212 0.940674 -0.008179 -0.001099 0.000610
0.328247 0.416260 0.933228 -0.013794 0.006714 0.018677
0.332275 0.403564 0.937134 -0.024780 0.003906 0.030273
0.346924 0.377686 0.942139 -0.028564 0.002441 0.025879
0.333130 0.381348 0.948364 -0.026367 -0.001587 0.011841
0.336182 0.374634 0.955078 -0.019653 -0.005127 0.006348
0.327881 0.387085 0.941772 -0.018311 -0.007202 -0.000366
0.357666 0.370483 0.940552 -0.013428 -0.013916 -0.000122
0.339233 0.398804 0.927124 -0.012573 -0.002686 -0.008789
0.334351 0.389404 0.942261 -0.019165 -0.003052 -0.002441
0.326050 0.387451 0.942749 -0.015869 -0.001099 -0.001831
0.334961 0.371216 0.947510 -0.018066 -0.008057 0.007202
0.333984 0.373413 0.948364 -0.012207 -0.003418 0.006470
0.336548 0.381836 0.942505 -0.010742 -0.006836 0.001953
0.348022 0.388916 0.936401 -0.008301 -0.003174 -0.004272
0.322998 0.401245 0.935669 -0.020264 -0.006104 -0.005737
0.334106 0.389771 0.943726 -0.024170 -0.004150 0.004517
