-0.284668 0.354858 0.957764 -0.003418 -0.016602 0.000732
-0.278320 0.358521 0.953979 -0.004150 -0.020752 0.005249
-0.270386 0.360962 0.954346 -0.007446 -0.020508 -0.001709
-0.263428 0.338379 0.957153 -0.005615 -0.014526 0.002808
-0.261230 0.351685 0.959595 0.000610 -0.006714 0.010986
-0.276978 0.348267 0.955566 0.005981 -0.002686 0.020142
-0.266724 0.356445 0.952148 0.013306 0.003662 0.030273
-0.274536 0.364380 0.940918 0.010498 0.008911 0.036377
-0.268677 0.374756 0.953369 0.013184 0.015503 0.073120
-0.201904 0.614868 0.928467 -0.067749 0.059448 0.049316
-0.228882 0.487671 0.908691 -0.059082 0.043091 0.094604
-0.312866 0.415649 0.945435 -0.068726 0.021729 0.092163
-0.195313 0.520386 0.974731 -0.019653 -0.009644 0.091553
-0.459595 -0.025635 0.937500 -0.122681 0.054565 -0.031250
-0.243652 0.401123 0.960083 0.002319 -0.007813 0.098145
-0.206665 0.464722 0.977051 -0.187622 0.095703 -0.018555
-0.468140 0.280029 0.988892 -0.072510 0.058838 0.120972
-0.319336 0.403442 0.947998 -0.087402 0.017578 0.094482
-0.273315 0.250122 0.948730 -0.052490 0.008667 0.068970
-0.225342 0.565918 0.950073 -0.095215 0.043335 0.049805
-0.296387 0.186401 0.987671 -0.143677 0.048096 -0.025513
-0.172119 0.492554 0.950439 -0.145508 0.039063 0.026855
-0.346802 0.556396 0.952393 -0.149658 0.044922 0.009399
-0.453369 0.678101 0.987793 -0.126953 0.026733 0.056396
-0.281006 0.582153 0.976807 0.001465 -0.010620 0.220093
-0.248535 0.555786 1.024536 -0.113525 0.028564 0.153931
-0.183594 0.514282 0.940796 -0.230957 -0.021851 0.076660
-0.260742 0.577026 1.012085 -0.053711 -0.027710 0.273804
-0.274902 0.323975 0.948242 -0.013794 -0.036255 0.229004
-0.331909 0.452271 1.064331 -0.071045 -0.065430 0.066162
-0.254517 0.355469 0.971680 -0.072144 -0.095703 -0.021851
-0.568115 0.310547 1.032349 -0.095459 -0.072754 -0.065674
0.404907 0.070435 0.867798 -0.121704 -0.173340 -0.165771
-0.290649 0.122925 0.973389 -0.091797 -0.020752 -0.142456
-0.126587 0.288818 0.939697 -0.069580 -0.075317 -0.133301
-0.003174 0.283691 0.928955 -0.067993 -0.148560 -0.179688
-0.236694 0.397339 0.954224 0.031860 -0.107544 -0.141724
-0.107788 0.455200 0.994995 0.029053 -0.149658 -0.198608
0.453735 0.960571 0.883911 0.110962 -0.194458 -0.191650
-0.075195 0.137451 0.879272 0.107178 -0.252075 -0.179321
-0.352051 0.418091 0.952881 0.057617 -0.084717 -0.184570
-0.430908 0.180542 0.992920 0.062134 -0.103638 -0.231567
-0.318359 0.173706 0.959229 0.059448 -0.097168 -0.246948
-0.289063 -0.348389 0.854614 0.037109 -0.099243 -0.272461
-0.219849 0.293091 0.850952 0.130493 -0.120483 -0.176025
-0.198486 0.035278 0.965210 0.004517 -0.081055 -0.287231
-0.178833 0.312744 0.966187 0.088623 -0.097046 -0.164185
-0.278809 0.327881 0.999390 0.122437 -0.115479 -0.140259
-0.244141 0.672241 0.984619 0.085327 -0.053955 -0.142822
-0.115845 0.473999 1.076660 0.204712 -0.103516 -0.063721
-0.224976 0.224365 0.987183 -0.056274 -0.024536 -0.269775
-0.173096 0.567505 1.032959 0.202881 -0.049683 0.016846
-0.215942 0.198242 0.961182 -0.057251 -0.015625 -0.250610
-0.122559 0.156250 0.875610 0.286743 -0.034302 0.051514
-0.153076 0.072144 0.928101 -0.072510 -0.013550 -0.295532
-0.174683 0.277466 0.874756 0.069702 0.016602 -0.086792
-0.102173 0.444458 0.966797 0.103638 0.027466 -0.051758
-0.347046 0.474976 0.966309 0.115723 0.049438 0.010864
-0.226318 0.254150 0.966187 0.003784 0.033936 -0.081787
-0.238403 0.456177 1.238403 0.134033 0.070190 0.087646
-0.188232 0.205933 0.933594 -0.016846 0.001343 -0.122803
-0.322632 0.405151 0.997192 0.056763 0.043213 0.085083
-0.205933 0.373413 0.957275 0.004150 -0.004028 -0.003540
-0.150635 0.319702 0.938232 -0.004028 0.018433 -0.010986
-0.193237 0.340942 0.924316 0.010620 0.050537 0.041992
-0.714111 0.371338 1.095337 0.049194 0.121582 0.202637
-0.222412 0.303345 0.931274 0.016479 0.010498 0.072632
-0.382568 0.393433 0.990234 0.030762 0.074707 0.153442
-0.201172 0.362183 0.954956 0.013672 -0.023315 0.086182
0.254150 0.387939 0.800903 0.011963 0.062378 0.125488
-0.195435 0.528564 0.951660 0.006470 0.060791 0.197021
-0.297607 0.184326 0.962646 -0.030884 0.063354 0.155151
-0.209595 0.216309 0.931641 -0.015747 0.041138 0.158447
-0.254639 0.350708 0.940918 -0.007568 0.017090 0.147949
-0.274902 0.283203 0.958252 0.012817 0.009644 0.118164
-0.195801 0.408203 0.944092 -0.027100 0.029297 0.067017
-0.476685 0.129272 0.960083 -0.074707 0.069824 0.026123
-0.575073 -0.011108 1.002441 -0.154053 0.114868 0.002075
-0.480713 0.206543 0.970337 -0.053467 0.037231 0.082275
-0.206787 0.471558 0.955566 0.010132 -0.013306 0.111694
-0.287720 0.616821 0.950562 -0.102417 0.080322 0.048340
-0.250732 0.243286 0.946777 -0.011963 -0.007813 0.062744
-0.235229 0.369019 0.947632 -0.003052 -0.007568 0.052734
-0.246582 0.384521 0.955322 -0.012939 0.010498 0.046997
-0.427612 0.297729 0.955200 -0.123169 0.083008 -0.001587
-0.143188 0.515381 0.928467 -0.053589 0.037964 0.075806
-0.312012 0.143433 0.950562 -0.003906 -0.000122 0.101563
-0.049194 0.628174 0.888672 -0.120117 0.050903 0.019775
-0.248901 0.437378 0.937256 -0.080078 0.045532 0.052612
-0.105103 0.638062 0.946289 -0.025513 0.018799 0.082642
-0.247681 0.394653 0.947998 -0.119751 0.057617 -0.046875
-0.277954 0.348999 0.955811 -0.028564 0.011353 0.091431
-0.218506 0.464844 0.955566 -0.081421 0.032104 0.025391
-0.346924 0.192505 0.937378 -0.071289 0.030762 0.036255
-0.288330 0.513428 0.981567 -0.066650 0.027954 0.064453
-0.313110 0.258545 0.906982 -0.129883 0.064819 -0.024414
-0.202271 0.240234 0.920532 -0.091553 0.036133 0.066406
-0.462769 0.120239 0.988525 -0.120605 0.053833 0.054321
-0.239746 0.305054 0.949951 -0.013672 0.008301 0.124268
-0.221924 0.391846 0.962769 -0.096924 0.048584 -0.012573
-0.296631 0.340088 0.948730 -0.030273 0.020996 0.007324
-0.237305 0.484131 0.966064 -0.037720 0.023804 0.027466
-0.294312 0.451904 0.986694 -0.063721 0.034058 0.028320
-0.235474 0.490601 0.934814 -0.073120 0.016357 0.039307
-0.329346 0.149536 0.936768 -0.086792 0.017090 -0.034546
-0.269653 0.358154 0.953003 -0.031738 0.000000 -0.045654
-0.296875 0.317627 0.955688 -0.041626 0.009644 -0.051514
-0.306396 0.309204 0.956177 -0.026001 0.006714 -0.009521
-0.304077 0.310669 0.956055 -0.008911 -0.003784 -0.006226
-0.294678 0.356201 0.958008 0.002686 -0.018799 -0.000610
-0.265381 0.359497 0.955688 -0.008789 -0.012817 -0.000122
-0.275879 0.358398 0.956421 -0.019653 -0.002808 -0.011719
-0.292480 0.333862 0.956909 -0.029419 0.003296 -0.030762
-0.297363 0.338623 0.960693 -0.029175 0.000732 -0.022949
-0.285522 0.323608 0.953369 -0.019409 -0.000732 0.011108
-0.276001 0.355713 0.956299 -0.021606 0.004639 0.006348
-0.305298 0.326172 0.955566 -0.019897 0.008301 0.009033
-0.295898 0.341064 0.958008 -0.022339 0.003418 0.013062
-0.297363 0.339478 0.960327 -0.031250 0.003174 -0.010864
-0.291992 0.334351 0.957764 -0.033203 0.003418 -0.024658
-0.298096 0.326538 0.959473 -0.029053 0.003906 -0.022461
-0.310181 0.327393 0.957031 -0.022095 -0.001099 -0.008911
-0.298584 0.333984 0.953735 -0.022095 -0.006592 -0.008789
-0.293457 0.338867 0.954712 -0.027710 -0.005615 -0.020874
-0.290405 0.314209 0.956177 -0.027710 -0.005981 -0.026367
-0.292236 0.333862 0.960571 -0.017700 -0.005615 0.010620
-0.286499 0.338623 0.956299 -0.022705 -0.000488 0.010620
-0.298096 0.331421 0.960083 -0.026367 0.001953 -0.008179
-0.300659 0.317139 0.956421 -0.023804 -0.000244 -0.014404
-0.301025 0.314331 0.958130 -0.014526 -0.005127 0.000366
-0.299194 0.330933 0.956543 -0.006470 -0.009644 0.016113
-0.297119 0.340088 0.955566 -0.010620 -0.011719 0.007568
-0.283691 0.339722 0.952759 -0.018799 -0.009277 -0.004272
-0.285278 0.321167 0.953857 -0.021729 -0.003174 -0.014160
-0.308594 0.310547 0.963379 -0.018677 -0.003296 -0.014282
-0.307495 0.316406 0.959717 -0.008179 -0.008057 0.013794
-0.297485 0.332520 0.959595 -0.001465 -0.011597 0.037231
-0.277222 0.348633 0.954712 -0.007813 -0.008301 0.022583
-0.287231 0.345215 0.951660 -0.019287 -0.000732 0.003052
-0.295166 0.338257 0.953857 -0.026245 0.002808 -0.009277
-0.316162 0.317749 0.958130 -0.027466 -0.003906 -0.023193
-0.303101 0.316772 0.958862 -0.021240 -0.012085 -0.022583
-0.290649 0.330811 0.952271 -0.016846 -0.012817 -0.013794
-0.286499 0.334106 0.961182 -0.019653 -0.004517 -0.010742
-0.301147 0.323242 0.952271 -0.019287 0.000610 -0.000244
-0.310791 0.320923 0.958008 -0.015747 -0.002808 0.000977
-0.298218 0.323486 0.957397 -0.010620 -0.007813 0.012695
-0.303589 0.329834 0.953613 -0.010742 -0.007690 0.008911
-0.291138 0.337280 0.953979 -0.015137 -0.005981 0.007690
-0.301514 0.317261 0.955322 -0.019409 -0.003052 0.001953
