-0.249268 0.324463 0.974243 -0.005371 -0.003418 0.018188
-0.247559 0.334473 0.974121 -0.005981 -0.001587 0.016235
-0.248535 0.319458 0.971558 0.001953 -0.001953 0.038452
-0.250244 0.341309 0.974609 0.001221 -0.004761 0.018799
-0.251221 0.326660 0.972534 -0.001343 -0.002319 0.028442
-0.250488 0.318115 0.972412 0.012817 -0.000122 0.078979
-0.141602 0.369995 0.959717 0.006226 0.031616 0.098755
-0.296021 0.418701 0.966187 -0.108276 0.090454 -0.003906
-0.140137 0.432983 0.970947 0.026978 -0.002563 0.069824
-0.711060 -0.006470 1.066040 -0.108032 0.087646 -0.033569
-0.111084 0.651489 0.969971 -0.071167 0.070923 0.033447
-0.270386 0.496948 0.973511 0.033936 0.015503 0.128296
-0.685181 0.247314 1.037720 -0.182373 0.080688 -0.161987
-0.202393 0.385132 0.973145 -0.009888 0.029419 0.082520
-0.396118 0.304565 1.003174 -0.203491 0.085693 -0.134644
-0.177002 0.751709 0.956665 -0.132690 0.043335 0.021851
-0.233887 0.334229 0.951294 0.052979 -0.023804 0.194092
-0.208984 0.407227 0.990601 -0.043213 0.010498 0.015625
-0.139526 0.585083 0.927612 -0.279419 0.065796 -0.161133
-0.273315 0.216064 0.968628 -0.027466 0.014771 0.165527
-0.210205 0.326904 0.934937 -0.136597 0.003418 0.013550
-0.207886 -0.031372 0.948242 -0.043091 -0.005371 0.058838
-0.180054 -0.135498 0.924194 0.002197 0.002441 0.102783
-0.282104 0.386963 1.005249 -0.037354 -0.015015 0.057739
-0.269165 0.341675 0.976440 -0.040649 -0.000366 0.028931
-0.093628 -0.228638 0.930298 -0.055298 -0.023193 -0.045410
-0.257202 0.359253 0.993774 -0.132080 -0.066528 -0.150757
-0.354248 0.419434 1.003418 -0.041016 -0.023315 -0.033203
-0.106812 0.049316 0.911499 -0.044922 -0.084229 -0.131470
-0.334229 0.254395 0.997803 -0.030151 -0.027832 -0.061035
-0.123901 0.240723 0.946167 -0.059570 -0.140991 -0.138306
-0.180054 0.298706 0.953613 -0.056030 -0.007080 -0.099121
-0.333740 0.048096 0.985107 -0.020874 -0.133057 -0.083252
-0.329590 0.263794 0.985229 -0.038574 -0.076172 -0.077393
-0.097778 0.227661 0.972656 0.011475 -0.085327 -0.027832
-0.061279 0.288452 0.957520 -0.003784 -0.067993 -0.086060
-0.411377 0.378540 0.989624 -0.044434 -0.018677 -0.139648
-0.251953 0.141479 0.979126 0.032227 -0.068848 -0.109009
-0.250244 0.443970 0.998901 -0.038086 -0.019775 -0.164429
-0.400391 0.276978 0.964966 0.036011 -0.076172 -0.107544
-0.177490 0.360474 1.018066 0.017700 -0.016357 -0.103638
-0.111328 0.398560 1.050781 0.072144 -0.077881 -0.045532
-0.287598 0.278931 0.991943 0.022095 -0.018921 -0.086426
-0.297974 0.268188 0.996582 -0.014771 -0.012939 -0.122314
-0.172852 0.299683 1.009155 0.145996 -0.055054 0.010132
-0.261475 0.165405 0.988892 -0.029785 -0.000610 -0.175781
-0.213867 0.815552 1.018188 -0.008057 -0.009644 -0.096924
-0.280518 -0.277466 0.880737 0.158447 -0.015503 0.045532
-0.290039 0.439331 0.995850 -0.062012 -0.002930 -0.160156
-0.315063 0.282959 0.926025 0.089111 -0.009644 -0.017456
-0.277954 0.431763 0.997803 -0.060059 -0.019043 -0.170166
-0.366089 0.246948 1.002197 0.137573 0.003662 0.085083
-0.256836 0.283081 1.000122 0.007202 -0.011841 -0.053833
-0.252319 0.506836 0.991943 0.050781 0.012695 0.000122
-0.237549 0.293335 0.969971 0.000122 -0.008057 -0.085083
-0.229126 0.153809 1.011963 0.084595 0.027832 0.043213
-0.243530 0.423706 0.959229 0.088013 0.016235 0.078735
-0.198120 0.256470 0.963623 0.062256 -0.006836 0.041992
-0.327271 0.348755 1.000610 0.082764 0.015991 0.133179
-0.158569 0.271729 0.959839 0.012329 -0.004639 0.016602
-0.233032 0.330200 0.973022 0.009766 0.015381 0.002075
-0.312012 0.336182 1.002930 0.038818 0.046997 0.052979
-0.270996 0.301514 0.976807 0.026978 -0.024170 -0.013550
-0.224854 0.142212 1.019531 0.095215 0.035767 0.171875
-0.136230 0.322266 0.952881 0.031128 0.008301 0.095459
-0.331665 0.401123 0.995728 0.021362 0.031372 0.118164
-0.274414 0.373901 0.983643 0.006470 0.021973 0.105835
-0.571289 0.306030 1.051270 0.004028 -0.007690 0.086182
-0.213379 0.346191 0.951782 -0.005859 0.010498 0.065918
-0.187012 0.375122 0.960693 0.005127 0.026489 0.094849
-0.050049 0.368042 0.894287 -0.017090 0.083130 0.140381
-0.176514 0.758301 0.975952 -0.056396 0.048462 0.070923
-0.163208 0.501099 0.962891 0.000732 -0.002075 0.044800
-0.571655 0.106079 0.988037 -0.055420 0.045410 -0.035522
-0.239380 0.339233 0.959595 -0.020996 -0.002075 -0.010132
-0.156250 0.462769 0.941650 -0.055420 0.056274 0.001221
-0.388306 0.279175 0.985718 -0.002808 -0.015137 0.072876
-0.140259 0.433838 0.955811 -0.021973 0.027710 0.071289
-0.454834 -0.366577 0.993408 -0.019409 0.036499 0.058594
-0.232056 0.321655 0.969116 -0.025024 0.011963 0.033203
-0.237427 0.132690 0.968384 -0.002686 0.002808 0.059814
-0.164795 0.410889 0.957153 -0.043945 0.037231 0.039307
-0.419922 0.155640 0.978149 -0.037354 0.031738 0.060425
-0.330078 0.147583 0.952881 -0.024902 0.027588 0.096436
-0.297485 -0.278564 0.953979 0.033569 -0.004761 0.169434
-0.208374 0.411865 0.967163 -0.031494 0.025146 0.041748
-0.450439 0.057861 0.949585 -0.098633 0.032349 -0.078735
-0.251587 0.370483 0.962158 -0.029907 0.004761 -0.046997
-0.273682 0.353394 0.960083 -0.031616 -0.002808 -0.055786
-0.279419 0.325684 0.967529 -0.016968 -0.010254 -0.011597
-0.255005 0.348999 0.965210 -0.005493 -0.007690 0.022095
-0.267212 0.355591 0.963379 -0.013184 -0.003052 0.001953
-0.276855 0.349731 0.962036 -0.026489 -0.006226 -0.026978
-0.270142 0.341187 0.964355 -0.031006 -0.010132 -0.045044
-0.270508 0.331055 0.964966 -0.029785 -0.010498 -0.046021
-0.272217 0.311523 0.964355 -0.016846 -0.011475 -0.020752
-0.265991 0.334839 0.961670 -0.014648 -0.010498 -0.020020
-0.264648 0.333862 0.960205 -0.016235 -0.007202 -0.017334
-0.270386 0.346313 0.960938 -0.018921 -0.007446 -0.020264
-0.268066 0.335815 0.962036 -0.019165 -0.007690 -0.012817
-0.276245 0.331299 0.960693 -0.017822 -0.010620 -0.014404
-0.267334 0.333252 0.963623 -0.015503 -0.009888 -0.008179
-0.273926 0.332886 0.963501 -0.011108 -0.008057 0.000732
-0.276855 0.328979 0.969604 -0.008423 -0.011475 0.010864
-0.277466 0.339844 0.963501 -0.008179 -0.016724 0.004395
-0.258545 0.337280 0.961548 -0.009033 -0.013062 -0.003296
-0.258179 0.351563 0.963867 -0.014282 -0.005127 -0.000977
-0.266479 0.356079 0.962280 -0.022705 0.001221 -0.010132
-0.286133 0.339722 0.964233 -0.030884 -0.004883 -0.021240
-0.279907 0.306763 0.966553 -0.019775 -0.010132 0.002563
-0.267578 0.326172 0.964600 -0.011597 -0.010010 0.003418
-0.264160 0.326782 0.964844 -0.009888 -0.005127 0.008545
-0.272095 0.336548 0.963013 -0.010376 -0.007324 0.020020
-0.271606 0.328979 0.964233 -0.013672 -0.009155 0.008911
-0.261475 0.340698 0.968262 -0.015381 -0.005005 -0.004150
-0.270386 0.338135 0.957764 -0.015991 -0.001953 -0.011475
-0.275635 0.338867 0.966309 -0.016724 -0.005493 -0.010864
-0.271851 0.343018 0.967041 -0.022461 -0.007446 -0.018677
-0.273438 0.322998 0.966919 -0.026611 -0.008423 -0.030884
-0.264282 0.318604 0.969360 -0.024170 -0.003662 -0.023315
-0.269409 0.329834 0.960815 -0.019287 0.000366 -0.006104
-0.272949 0.329224 0.963379 -0.017456 -0.002319 0.008667
-0.270752 0.339600 0.962524 -0.020386 -0.003174 0.006714
-0.271973 0.332397 0.968262 -0.023926 -0.003418 0.003418
-0.266113 0.332275 0.963989 -0.022949 -0.000366 0.003418
-0.272217 0.324585 0.965698 -0.019653 0.000732 0.018555
-0.276001 0.315674 0.958374 -0.010254 -0.001953 0.029419
-0.280640 0.334473 0.966553 -0.009888 -0.008179 0.018433
-0.274048 0.332397 0.969482 -0.010376 -0.010986 0.017578
-0.263550 0.341431 0.966309 -0.018433 -0.009155 0.007324
-0.274658 0.329712 0.962891 -0.015259 -0.007324 0.007446
-0.277466 0.319092 0.965210 -0.011475 -0.012329 -0.001953
-0.264893 0.338501 0.961792 -0.013184 -0.012207 -0.000854
-0.268188 0.356934 0.966064 -0.023193 -0.007935 -0.008545
-0.263306 0.331665 0.966064 -0.026001 -0.004883 -0.018921
-0.266479 0.320679 0.963623 -0.020020 -0.001099 -0.005493
-0.274536 0.322266 0.965820 -0.015137 0.000854 0.005615
-0.294067 0.324341 0.964478 -0.012817 -0.008911 -0.010132
-0.284546 0.328979 0.964233 -0.010254 -0.020508 -0.008057
-0.263794 0.331787 0.964722 -0.009766 -0.019897 0.011597
-0.252563 0.346924 0.962769 -0.016113 -0.008057 0.005249
-0.266602 0.342285 0.963013 -0.024292 -0.000732 -0.007813
-0.280396 0.328369 0.966553 -0.024414 -0.001221 -0.014526
-0.282715 0.316406 0.966064 -0.019165 -0.005859 -0.008667
-0.279175 0.315308 0.966553 -0.009033 -0.013062 0.006714
-0.269653 0.333496 0.964111 -0.006592 -0.013916 0.003906
-0.253906 0.341309 0.962158 -0.012207 -0.005859 0.004517
-0.270142 0.329956 0.967041 -0.016113 -0.000977 0.000854
-0.280762 0.319214 0.963623 -0.013916 -0.005981 -0.002197
-0.278076 0.326904 0.966309 -0.009277 -0.010376 0.007202
