0.333374 0.353027 0.949341 -0.011719 0.006714 -0.008179
0.333862 0.368652 0.949951 -0.018311 0.000977 -0.016602
0.332031 0.356079 0.955811 -0.025391 -0.006714 -0.021484
0.343018 0.349487 0.962036 -0.027466 -0.009399 -0.031250
0.340820 0.352295 0.953003 -0.024048 -0.009155 -0.011230
0.336548 0.357666 0.955811 -0.022949 -0.008179 -0.013184
0.350830 0.350830 0.955444 -0.024902 -0.005737 -0.021240
0.349243 0.346069 0.955078 -0.020508 -0.003540 -0.033203
0.336426 0.348145 0.953369 -0.015503 -0.003540 -0.045288
0.305298 0.381592 0.950684 -0.017822 -0.010742 -0.013062
0.305054 0.373535 0.954956 -0.034180 -0.025635 0.008423
0.334717 0.340210 0.952637 -0.037354 -0.040161 0.054810
0.333374 0.330566 0.954590 -0.024292 -0.045044 0.107178
0.381470 0.326050 0.954956 0.005127 -0.027710 0.127075
0.411011 0.299561 0.954468 0.023560 0.000610 0.106445
0.188965 0.415039 0.937134 0.067383 0.068970 0.063354
0.023193 0.511353 0.952881 0.049561 0.102539 0.015259
0.470703 0.252441 0.983398 -0.032959 -0.036621 0.154663
-0.133179 0.176514 0.938721 0.023926 0.080811 -0.048218
0.463989 0.255493 0.957153 0.006958 -0.000854 0.092407
0.232178 0.509399 0.975464 0.061890 0.115967 0.004517
0.327148 0.262329 0.956421 -0.013794 0.002319 0.091064
0.543579 0.285889 0.955933 0.010010 0.059937 0.027588
0.364014 0.327393 0.964111 0.010132 0.004150 0.145874
-0.016968 0.517334 0.944580 0.012939 0.201904 -0.074097
0.392578 0.397583 0.964233 -0.006104 -0.015137 0.245972
0.542480 0.352783 0.958008 -0.056763 0.056519 0.112793
0.250488 0.310425 0.952881 -0.022583 0.027710 0.037231
0.024902 0.223145 0.912720 -0.048096 0.071411 -0.121460
0.506348 0.476807 1.024414 -0.055176 0.056152 -0.034058
0.406860 0.352539 0.971802 -0.029785 0.012085 0.041870
0.338867 0.267822 0.954590 -0.052612 0.045044 -0.066162
0.300537 -0.153809 0.888794 -0.128174 0.038208 -0.141235
0.350586 0.272705 0.939453 -0.078003 0.022705 -0.118530
0.365479 0.356812 0.967773 -0.045898 0.007202 -0.100464
0.246216 0.458008 0.977539 -0.028809 0.018433 -0.116455
0.564087 0.126831 0.968018 -0.089966 -0.057739 -0.107178
0.305054 0.294067 0.956421 -0.052490 -0.034058 -0.104492
0.491089 0.208496 0.963135 -0.110962 -0.083862 -0.077026
0.275391 0.401245 0.967285 -0.050781 -0.025513 -0.127197
0.390015 0.336426 0.967529 -0.063965 -0.039673 -0.103394
0.216797 0.396606 0.945068 -0.033691 -0.033081 -0.126953
0.334839 0.378174 0.969360 -0.024292 -0.002441 -0.193237
0.567139 0.238892 0.982788 -0.061401 -0.126465 -0.071045
0.431274 0.363403 0.967041 -0.035034 -0.069336 -0.069824
0.923218 0.301636 0.988159 -0.089111 -0.163696 0.070801
0.651367 0.339233 1.000122 -0.043335 -0.114624 -0.005737
0.316528 0.349365 0.969482 -0.032227 -0.019653 -0.123291
0.332764 0.332764 0.965210 -0.026978 -0.028931 -0.106201
0.329346 0.313843 0.961182 -0.009521 -0.017578 -0.104248
0.176147 0.301880 0.896606 0.016235 -0.044678 -0.099365
0.539795 0.521240 1.002686 -0.004517 -0.075684 0.008179
0.211060 0.311646 0.929321 -0.026001 -0.086182 -0.025269
0.427734 0.355591 0.984131 -0.032104 -0.087524 0.051392
0.343506 0.265747 0.950195 -0.015259 -0.043945 0.028442
0.332886 0.250000 0.928345 0.039917 -0.030151 0.081421
0.317505 0.399902 0.973145 0.014282 -0.003296 0.023071
0.307251 0.349854 0.953857 -0.001831 -0.010620 -0.050781
0.322388 0.371704 0.963501 -0.032471 -0.032959 -0.009155
0.307861 0.320801 0.958130 -0.036377 -0.047729 0.051147
0.380127 0.213135 0.929077 0.007568 -0.040894 0.116821
0.258911 0.657959 1.023071 0.070190 -0.007813 0.183716
0.335693 0.248535 0.941772 -0.026123 -0.030151 0.032593
0.395752 0.474976 0.993408 -0.006104 -0.039917 0.112305
0.332153 0.281982 0.953003 -0.035645 -0.034546 0.029053
0.300781 0.473145 0.969604 0.019775 -0.018311 0.089233
0.374146 0.292114 0.945557 0.008911 -0.006470 0.049194
0.466309 0.059204 0.896729 0.033813 -0.005127 0.069214
0.352783 0.363647 0.956909 -0.023682 -0.026367 0.093628
0.396118 0.284790 0.952393 -0.006226 -0.022461 0.073853
0.388428 0.289917 0.952515 0.046997 0.032593 0.056030
0.325806 0.351563 0.956177 -0.009644 -0.009644 0.104858
0.325562 0.487549 0.948730 0.047607 0.066650 0.059937
0.410156 0.305176 0.949219 -0.028442 -0.034790 0.104370
0.388062 0.327881 0.953491 -0.009521 -0.018799 0.063354
0.344971 0.354004 0.950562 -0.004272 -0.012817 0.046875
0.382446 0.339478 0.958374 -0.002441 -0.016235 0.101929
0.190552 0.693481 1.008545 0.150391 0.205200 -0.047729
0.386963 0.287842 0.949707 -0.032715 -0.022949 0.067261
0.384033 0.335938 0.951172 -0.010864 -0.008057 0.025879
0.397949 0.321655 0.946411 0.004272 0.009155 0.028931
0.420654 0.322144 0.955200 0.015991 0.028564 0.020996
0.364380 0.366943 0.954712 -0.005249 -0.008911 0.074585
0.670532 0.370239 0.967041 0.048584 0.078369 0.059326
0.440674 0.262573 0.953613 -0.016724 -0.023315 0.056885
0.397339 0.345459 0.952881 -0.005737 -0.001099 0.002930
0.317261 0.368286 0.951416 -0.015015 0.000488 -0.018188
0.314331 0.345337 0.953857 -0.017944 -0.019409 0.073853
0.481323 0.280884 0.964966 0.021606 0.034546 0.054688
0.041992 0.444702 0.934448 -0.000122 0.025757 0.006104
0.352173 0.377686 0.951782 -0.012939 0.000732 -0.022095
0.317993 0.370483 0.957642 -0.026001 -0.006836 -0.006470
0.335571 0.338013 0.959595 -0.024658 -0.019531 0.108276
0.369507 0.319946 0.955078 -0.004150 -0.009521 0.131836
0.373047 0.345215 0.956299 0.006470 0.004639 0.086426
0.356201 0.372314 0.950195 -0.003418 0.006958 -0.005981
0.325073 0.373779 0.952271 -0.018921 -0.000977 0.026611
0.342529 0.332153 0.958984 -0.016113 -0.010376 0.132813
0.393677 0.342041 0.960205 -0.008057 0.013672 0.088379
0.097412 0.379761 0.918701 -0.010010 0.033813 -0.071655
0.341064 0.374023 0.952637 -0.021729 0.000122 -0.069580
0.352051 0.350952 0.955078 -0.028198 -0.003784 -0.066650
0.350952 0.312622 0.955200 -0.014404 0.000610 -0.064087
0.327637 0.335938 0.952881 0.001465 0.001343 -0.054199
0.342407 0.362671 0.952881 0.002441 0.002441 -0.062134
0.355957 0.334473 0.957153 0.002930 0.003906 -0.106812
0.287842 0.301025 0.949951 0.024658 -0.012573 -0.091797
0.375854 0.249390 1.150635 0.178101 -0.055054 -0.116211
0.410278 0.072388 1.048340 0.327881 -0.105225 -0.216064
0.447266 0.344238 0.846313 0.337524 0.017822 -0.240356
0.379761 0.499512 0.858154 0.269165 0.068726 -0.281372
0.276245 0.533325 0.856201 0.199341 0.085938 -0.221680
0.234131 0.559326 0.862915 0.122192 0.081543 -0.092407
0.240601 0.528320 0.911377 0.051392 0.051514 -0.049438
0.279297 0.485229 0.914063 0.010254 0.020630 -0.012939
0.286743 0.474976 0.905762 -0.020752 0.011108 -0.026245
0.298828 0.427490 0.942017 -0.025024 0.001099 -0.003906
0.320435 0.395630 0.961182 0.008179 0.020142 -0.017944
0.328369 0.398926 0.938599 0.036011 0.028076 -0.001709
0.314697 0.444458 0.926392 0.037231 0.029907 0.021484
0.304077 0.463745 0.913330 0.024414 0.034668 0.017700
0.274658 0.459839 0.927734 0.010986 0.019165 0.028687
0.283325 0.462036 0.920044 -0.006348 0.004028 0.046143
0.280518 0.473755 0.911133 -0.032959 -0.004761 0.026367
0.291870 0.454956 0.926392 -0.046997 -0.017456 0.026489
0.307983 0.441284 0.915649 -0.046753 -0.012085 0.023438
0.298096 0.432007 0.927124 -0.045898 -0.008667 0.025879
0.307861 0.432861 0.934570 -0.037964 -0.002441 0.032227
0.310669 0.431519 0.924072 -0.038452 -0.000610 0.019775
0.289551 0.439453 0.936890 -0.040527 -0.005859 0.030396
0.312622 0.421753 0.927734 -0.036987 -0.013550 0.029785
0.299927 0.427490 0.937744 -0.041260 -0.008057 0.018433
0.304565 0.405029 0.942505 -0.031250 -0.012695 0.012329
0.298462 0.417969 0.935791 -0.023315 -0.012817 0.015503
0.318848 0.421021 0.931030 -0.020996 -0.013672 0.005249
0.314453 0.437744 0.916992 -0.022339 -0.002686 0.018311
0.311279 0.430542 0.921021 -0.032593 -0.004883 0.018555
0.304199 0.428711 0.929688 -0.034790 -0.004517 0.029907
0.304688 0.422852 0.943726 -0.039185 -0.016357 0.021362
0.305542 0.425415 0.933228 -0.032715 -0.016357 0.002808
0.314331 0.408447 0.930054 -0.029541 -0.010376 0.007813
0.333008 0.398560 0.947876 -0.011230 0.001831 -0.005981
0.328735 0.404541 0.937134 0.004272 0.004028 -0.017700
0.294922 0.429810 0.940186 0.007568 -0.001587 -0.026978
0.298340 0.440918 0.922119 0.000122 -0.005127 -0.019165
0.295166 0.448730 0.932251 -0.007568 0.002563 0.002808
0.301880 0.428833 0.935547 -0.013184 -0.014160 0.007080
0.311890 0.446533 0.912476 -0.020630 -0.005615 -0.003296
0.311279 0.431519 0.934326 -0.032104 -0.014282 0.007446
0.308594 0.429810 0.922241 -0.030029 -0.010498 0.001221
