0.336304 0.312134 0.966919 -0.039551 -0.009277 -0.025391
0.332764 0.299805 0.967651 -0.031372 -0.009277 -0.014771
0.316650 0.308716 0.972778 -0.016479 -0.010254 0.015991
0.318726 0.331543 0.966431 -0.014648 -0.016602 0.040771
0.309692 0.343262 0.963867 -0.023071 -0.028442 0.072998
0.315186 0.328125 0.958496 -0.031006 -0.038086 0.065430
0.355957 0.291992 0.967773 -0.029297 -0.048950 0.042358
0.321289 0.309448 0.963257 -0.014526 -0.049072 0.035034
0.656494 0.239624 1.020508 0.099854 0.006348 0.014648
0.353027 0.388184 0.963623 -0.008545 -0.059204 0.157471
0.466675 0.477417 0.934082 0.150146 0.089478 0.096191
0.235596 0.186035 0.965698 -0.049438 -0.014648 0.079346
0.380615 0.155396 0.903809 0.030396 0.057495 0.011963
0.266602 0.341431 0.972412 -0.031982 -0.049805 0.182373
0.524170 0.301880 0.995972 0.067749 0.017212 0.092041
0.130127 0.998413 1.032593 0.171143 0.274780 -0.139893
-0.029419 0.281616 0.948730 -0.041504 0.012329 0.070557
1.074219 0.046997 0.941406 0.024170 0.034058 0.092163
0.114136 0.187744 0.973022 -0.011230 -0.025024 0.171387
0.476685 0.219971 0.932129 0.027466 0.097778 0.090454
0.518311 0.298828 0.961304 0.069946 0.126343 0.126831
0.344971 0.205322 0.929443 0.036011 0.094360 0.142456
0.340942 0.333618 0.963501 -0.001953 0.032593 0.093384
0.317627 0.314087 0.955933 -0.008667 0.021851 0.052368
0.977173 0.198975 0.961304 0.022705 0.064697 0.044067
0.267822 0.304565 0.976074 -0.021851 -0.013184 0.166626
0.522217 0.191040 1.000732 -0.001831 0.113403 0.024902
0.466309 0.323730 0.904907 0.033936 0.206665 -0.040527
0.993042 0.293823 1.017700 -0.014404 0.011353 0.136963
0.013184 0.296143 0.936035 -0.022705 0.116089 -0.046021
0.789307 0.210815 0.997070 0.006348 0.086182 0.002563
0.311890 0.267334 0.974976 -0.016235 -0.024048 0.110229
0.960693 0.445190 1.073486 -0.042480 0.085083 -0.001709
0.345703 0.341064 0.980469 -0.008301 -0.000610 0.062622
0.373291 0.299072 0.969604 -0.078369 0.140747 -0.035889
0.322632 0.394043 0.983276 0.011719 -0.001831 0.069824
0.332520 0.312378 0.969604 -0.078003 0.227539 -0.146851
0.130005 0.058228 0.964844 -0.096924 0.103516 -0.121460
0.153076 0.330322 1.022827 -0.016602 0.103638 -0.143066
0.470947 0.592896 1.078857 -0.039063 0.066040 -0.062866
0.457764 0.413574 0.993286 -0.035156 0.012329 -0.048218
0.192505 0.363037 1.000366 -0.021484 0.018555 -0.050171
0.619385 0.540649 0.991455 -0.091064 0.082764 -0.056763
0.144531 0.307617 1.003662 -0.111694 0.110840 -0.133301
0.335693 0.474243 1.029785 -0.042236 0.019653 -0.082397
0.451172 0.676636 1.103516 -0.042725 0.052124 -0.149170
-0.070313 0.295410 0.987549 -0.096558 0.042603 -0.220093
0.259277 0.455322 1.015747 -0.101807 0.018188 -0.110474
0.300781 0.571899 1.047852 -0.105347 -0.008667 -0.064453
0.234619 0.283936 1.006958 -0.087646 -0.031616 -0.096313
0.011108 0.046997 1.025269 -0.173950 0.015503 -0.292480
0.044312 0.559937 0.975586 -0.173340 -0.038696 -0.168457
0.406738 0.291992 1.021606 -0.181885 -0.045532 -0.275513
0.573853 -0.289795 0.980591 -0.222900 -0.095947 -0.284424
0.838623 -0.491211 1.036987 -0.290039 -0.198486 -0.161377
-0.067261 0.653687 1.009888 -0.131470 -0.135986 -0.119873
-0.169556 0.531982 0.995850 -0.106201 -0.059937 -0.248779
0.060547 -0.032227 0.992920 -0.249634 -0.249878 -0.114624
0.395020 0.339722 1.031616 -0.163818 -0.124268 -0.228638
0.122681 0.085083 1.021851 -0.165527 -0.151855 -0.190796
0.138306 0.206299 1.024658 -0.173218 -0.212891 -0.148804
0.805298 0.064209 1.044434 -0.085205 -0.137207 -0.175293
-0.541260 0.563599 0.941528 -0.023438 -0.041504 -0.208740
-0.542603 0.514648 0.972168 -0.052246 -0.144775 -0.120850
-0.886597 0.701172 0.925415 -0.082397 -0.190674 -0.095337
-0.064453 0.395874 0.976440 -0.013062 -0.104370 -0.125977
0.165405 0.429443 0.893555 -0.096802 -0.225464 0.049194
0.566284 0.177368 1.043091 -0.073853 -0.140625 -0.071411
-0.604736 0.253418 0.963501 -0.038330 -0.170410 -0.066528
0.112671 0.257690 0.990112 0.039185 0.021118 -0.201172
0.335205 0.458008 0.964600 0.043457 -0.124023 -0.064697
0.533569 0.211792 1.063721 -0.028320 -0.165771 -0.091919
0.148926 0.298706 1.003906 -0.027344 -0.082397 -0.130249
0.328003 0.170898 0.918579 -0.054321 -0.183838 0.071167
0.140625 0.224121 1.005981 -0.016357 0.032959 -0.193604
0.041016 0.213379 0.950317 0.008301 -0.006470 -0.162476
0.179321 0.231445 0.995361 -0.004639 0.021118 -0.198608
0.826172 0.323486 1.046997 -0.014160 -0.159302 0.087891
0.034302 0.239746 1.008301 -0.027100 -0.116333 -0.056763
0.091797 0.237793 0.976196 -0.006958 -0.093628 -0.085693
0.261597 0.227905 0.995605 -0.015991 -0.006836 -0.190918
-0.022705 0.114258 0.925293 0.036499 -0.079224 -0.127930
0.293213 0.236572 0.997314 -0.006226 -0.005371 -0.188477
0.752808 0.814087 1.185547 0.119751 -0.256592 0.072632
0.243164 0.265259 0.929077 0.014771 -0.109741 0.025269
0.245361 0.186279 0.989014 -0.041138 -0.043335 -0.047241
0.288818 0.163696 0.975464 0.043213 -0.087769 0.088257
0.267212 0.098633 0.965698 0.038452 -0.014648 0.032349
0.423828 0.288086 0.998291 0.078369 -0.026001 0.136597
0.463623 0.716797 1.009644 0.158569 -0.083130 0.348633
0.208496 0.693970 1.102173 0.029907 -0.084961 0.223755
0.318359 0.136353 0.977051 -0.050415 -0.059326 0.073242
0.430420 -0.081665 0.900146 0.075073 -0.093140 0.208130
0.405640 0.073120 0.965454 -0.029297 -0.020264 0.066406
0.459717 -0.185913 0.870483 0.033936 -0.062744 0.215454
0.197876 0.141846 0.910400 0.068970 -0.045166 0.246338
0.165894 1.034302 1.071289 0.079712 -0.042480 0.210571
0.300903 0.967163 1.262573 0.160889 -0.072144 0.193970
0.264282 0.354980 0.986084 0.006348 -0.024536 0.109619
0.399170 -0.075562 0.883789 0.047119 -0.014404 0.079102
0.273560 0.181274 0.857422 0.058960 -0.010742 0.149292
0.241333 0.821899 1.045166 0.082397 -0.039307 0.226074
0.411255 0.121582 0.949341 -0.003662 -0.031860 0.148438
0.422119 0.500244 0.990356 0.032227 -0.025391 0.217285
0.387817 0.106201 0.945801 0.005005 -0.020752 0.109375
0.396362 0.242554 0.964966 0.010376 -0.011719 0.110352
0.443604 0.140015 0.947144 0.037109 -0.010864 0.118530
0.475342 0.177246 0.937988 0.022339 -0.019287 0.130249
0.536011 0.046387 0.917969 0.012695 -0.024536 0.151245
0.529175 0.214355 0.961548 0.035522 -0.047485 0.215332
0.442627 0.467773 0.977417 0.072754 0.040527 0.101074
0.373291 0.208740 0.964844 0.001221 -0.000122 0.049805
0.410767 0.255859 0.964722 0.010620 -0.004272 0.070313
0.384033 0.292969 0.963135 0.008789 0.000366 0.039795
0.369629 0.279541 0.961182 -0.001099 -0.008911 0.049927
0.570435 0.290039 0.981567 0.106201 0.030273 0.068115
0.416870 0.197998 0.964233 -0.036987 -0.027710 0.077637
0.438965 0.227905 0.961792 0.001465 -0.009521 0.030640
0.390259 0.281738 0.960815 0.011353 -0.001099 0.012329
0.385010 0.286743 0.958130 0.000610 -0.006592 0.026611
0.364746 0.286987 0.958618 -0.010132 -0.015015 0.031738
0.426636 0.222046 0.958496 -0.006104 -0.021729 0.083496
0.155884 0.372681 0.947021 0.118530 0.101929 0.015625
0.135742 0.393066 0.963135 0.004150 0.021240 0.042969
0.418457 0.228638 0.958862 -0.017090 -0.017212 0.047119
0.416626 0.261963 0.961060 0.005615 0.000977 0.004639
0.358276 0.296997 0.957031 0.005249 -0.000488 0.011230
0.382690 0.267212 0.960571 0.000977 -0.018799 0.069092
0.582397 0.094116 0.941040 0.047119 0.011230 0.065918
0.461182 0.323853 0.954224 -0.006836 -0.021973 0.077026
0.382080 0.364624 0.948486 0.034302 0.042480 -0.007202
0.415771 0.230347 0.958008 -0.002686 -0.005981 0.005615
0.418213 0.274170 0.954102 0.018311 0.012329 -0.003784
0.392456 0.283691 0.959717 -0.002441 -0.007690 0.001465
0.440552 0.260742 0.958862 0.009277 0.003784 0.010864
0.402100 0.237549 0.949951 0.027954 0.016235 -0.002808
0.223633 0.113159 0.965088 0.000122 0.034912 -0.075806
0.440796 0.267456 0.961426 -0.010620 -0.005371 -0.026367
0.401001 0.297852 0.956299 -0.003296 -0.002075 -0.021729
0.383911 0.308594 0.959106 -0.009277 -0.002808 -0.009155
0.380737 0.285278 0.961670 -0.017822 -0.009155 0.021118
0.391113 0.249268 0.955933 -0.008057 -0.025024 0.061890
0.407471 0.274414 0.955933 0.019043 -0.017944 0.040039
0.392090 0.324707 0.954346 0.018311 -0.006470 -0.018433
0.351074 0.327148 0.953003 -0.007324 -0.013184 -0.025513
0.415527 0.235474 0.956909 -0.010254 -0.034424 0.021240
0.140015 0.552979 0.979858 0.078735 0.040649 0.052368
0.340820 0.290405 0.950195 -0.003662 -0.016846 0.028931
0.434448 0.264771 0.955811 -0.001221 -0.014771 -0.022339
0.411011 0.296631 0.956909 0.002686 0.009155 -0.068237
