-0.352417 0.264038 0.952637 -0.007202 -0.012695 0.000366
-0.348511 0.267456 0.955078 -0.010376 -0.010742 0.001221
-0.359619 0.262573 0.952148 -0.013184 -0.005493 0.000488
-0.366089 0.259277 0.955444 -0.009521 -0.006836 0.006104
-0.363647 0.267090 0.951782 -0.007568 -0.009888 0.003662
-0.361938 0.267334 0.953857 -0.008911 -0.012573 -0.002808
-0.357300 0.246094 0.955200 -0.010132 -0.014771 -0.003784
-0.354248 0.249146 0.953369 0.000122 -0.015381 0.007935
-0.353027 0.260010 0.954956 0.010132 -0.013672 0.025879
-0.348022 0.279053 0.955811 0.010010 -0.009521 0.040161
-0.357544 0.281616 0.949707 0.002319 -0.007324 0.032837
-0.380371 0.267090 0.953003 -0.006226 -0.000122 0.056152
-0.335205 0.279175 0.952881 -0.016235 0.003662 0.052368
-0.347778 0.220093 0.955444 -0.000854 0.006470 0.095337
-0.341187 0.250366 0.951660 0.010742 0.006470 0.124634
-0.197144 0.543579 0.932495 -0.028198 0.030151 0.118774
-0.417847 -0.288818 0.898438 -0.173950 0.027588 0.019653
-0.232178 0.296875 0.932007 -0.008789 0.006470 0.196533
-0.247437 0.229248 0.941040 -0.113037 0.016479 0.110840
-0.308105 0.086060 0.989014 -0.105103 0.020874 0.130981
-0.346436 0.372925 0.981567 -0.102783 0.006470 0.129761
-0.278076 0.276611 0.884399 -0.205322 0.029175 0.027710
-0.189453 0.758301 0.845459 -0.101929 -0.003174 0.144775
-0.290771 0.058716 0.944214 -0.054932 -0.038452 0.171143
-0.260620 -0.245117 0.918213 -0.120483 -0.050293 -0.048828
-0.289063 0.150269 0.970581 -0.054443 -0.054932 0.005737
-0.179077 0.049683 0.914551 -0.082397 -0.057495 -0.001709
-0.174561 0.184814 0.950684 -0.077515 -0.087280 0.038086
-0.108154 0.029053 0.899414 -0.062378 -0.049927 0.038696
-0.351440 0.297974 0.998657 -0.044556 -0.046387 0.021484
-0.443726 0.211792 0.958252 -0.052002 -0.088623 -0.070801
-0.550049 0.307251 1.013062 -0.032349 -0.071167 -0.092529
-0.384399 0.183228 0.992676 -0.046387 -0.044800 -0.146362
-0.338501 0.298584 1.021606 -0.034546 -0.072632 -0.168579
-0.196655 0.222656 0.951782 -0.039551 -0.102051 -0.188721
-0.134644 0.329346 0.990723 0.020996 -0.128784 -0.115601
-0.374146 0.145264 0.962646 -0.018677 -0.057373 -0.146606
-0.625244 -0.022705 0.988281 0.014038 -0.062256 -0.107178
-0.324341 0.151611 0.974487 -0.018799 -0.058960 -0.157471
-0.356934 0.287842 0.975586 0.040283 -0.076904 -0.125366
-0.289429 0.354736 0.970337 0.080322 -0.086182 -0.116699
-0.164551 0.295166 0.942505 0.015137 -0.091797 -0.194336
-0.400024 0.608765 0.976685 0.101074 -0.052124 -0.118286
-0.418213 0.261230 0.981445 -0.006958 -0.031372 -0.233032
-0.479126 -0.093750 0.957642 0.044312 -0.032227 -0.154053
-0.255371 0.261353 0.950439 0.084717 -0.052246 -0.146729
-0.283936 0.293945 0.982178 -0.000488 -0.036133 -0.225830
-0.201050 0.555542 1.003784 0.147095 -0.061890 -0.092163
-0.280029 0.387451 0.943359 0.148804 -0.044556 -0.097046
-0.426025 0.265747 0.982788 -0.044922 -0.013794 -0.254517
-0.390625 0.066895 0.843262 0.163940 -0.056885 -0.097412
-0.270752 0.253418 0.988281 0.116943 -0.032959 -0.125854
-0.260376 -0.085938 0.931519 -0.041870 -0.035889 -0.277100
-0.371216 0.766968 1.025635 0.213867 0.001465 0.012085
-0.328857 0.386475 0.986694 0.027954 -0.004150 -0.210693
-0.594971 0.642578 1.017456 0.202637 0.074463 0.062256
-0.238892 0.086426 0.953857 -0.052979 -0.019043 -0.209229
-0.142700 -0.126953 0.932251 0.133057 0.052856 0.004150
-0.171021 0.093628 0.939941 -0.065430 -0.028564 -0.232056
-0.500122 0.505615 0.988281 0.049561 0.046875 0.051147
-0.227051 0.167358 0.887207 0.052002 0.048828 0.084717
-0.254272 0.265259 0.938354 0.013550 0.004150 0.028931
-0.345703 0.321045 0.967163 0.037720 0.039551 0.083984
-0.370117 0.342041 0.975464 0.009521 0.016968 0.051758
-0.108032 0.216919 0.837769 -0.009644 0.055786 0.026733
-0.359863 0.371460 0.965820 0.026733 0.022217 0.118896
-0.325439 0.260254 0.983398 0.021484 0.037720 0.106567
-0.256226 0.282104 0.944458 0.012817 0.016846 0.056274
-0.298340 0.307251 0.951904 0.017578 0.005249 0.076538
-0.303711 0.276367 0.919434 0.001709 0.066528 0.105713
-0.360352 0.245605 0.958618 -0.024658 0.033813 0.101807
-0.194580 0.305664 0.917114 0.014526 0.002197 0.101685
-0.352173 0.288940 0.974365 -0.048462 0.042969 0.089478
-0.288086 0.354736 0.942871 0.008545 0.005981 0.102539
-0.374756 0.303589 0.962280 -0.002686 0.025635 0.100586
-0.276611 0.380127 0.938843 -0.036255 0.035400 0.069458
-0.492310 -0.056396 0.976440 -0.096313 0.044067 0.032959
-0.205688 0.461304 0.939087 -0.028442 0.013794 0.055298
-0.459106 -0.124390 0.983643 -0.076172 0.046631 0.054321
-0.267334 0.279541 0.941772 -0.003662 -0.009033 0.066040
-0.262573 0.409790 0.938843 -0.030640 0.028076 0.062500
-0.300415 0.271606 0.954590 -0.082153 0.046509 0.042847
-0.286255 0.377563 0.948975 -0.076904 0.031250 0.050171
-0.342773 0.338867 0.947021 -0.017578 0.021240 0.097656
-0.342773 0.274536 0.947876 -0.039063 0.020508 0.026733
-0.353149 0.263306 0.948853 -0.044189 0.016357 0.008301
-0.297485 0.393066 0.954102 -0.052734 0.026978 0.021729
-0.321533 0.067017 0.945068 -0.168457 0.058716 -0.056519
-0.338989 0.359253 0.941528 -0.015991 0.009888 0.075195
-0.386963 0.276733 0.952759 -0.068848 0.028687 0.015747
-0.359497 0.282959 0.949341 -0.046997 0.013916 0.008179
-0.366333 0.274170 0.946167 -0.048950 0.011597 -0.002075
-0.363770 0.273315 0.944336 -0.056885 0.013428 -0.013550
-0.393555 0.269287 0.942993 -0.064941 0.020142 -0.002563
-0.365967 0.292236 0.946899 -0.016968 0.003540 0.041992
-0.348877 0.311646 0.939941 -0.028931 0.017334 0.038330
-0.509888 0.100464 0.969727 -0.107056 0.037964 -0.000854
-0.342529 0.321167 0.948120 -0.025269 0.004883 0.044678
-0.361572 0.314087 0.954590 -0.047852 0.017944 0.022827
-0.361084 0.277344 0.949341 -0.055176 0.020142 0.021118
-0.330688 0.385254 0.956665 -0.076416 0.032349 0.021851
-0.437500 0.047363 0.971802 -0.163696 0.069824 -0.010986
-0.440308 0.068848 0.967651 -0.064697 0.030884 0.059448
-0.323242 0.296387 0.946655 -0.056152 0.020386 0.036987
-0.455933 0.067261 0.946289 -0.169312 0.049194 -0.065186
-0.262207 0.507324 0.943237 -0.110840 0.044556 -0.014526
-0.432983 0.095337 0.945313 -0.161377 0.052612 -0.034424
-0.355713 0.257324 0.953125 -0.121704 0.054321 -0.008423
-0.375366 0.111572 0.952393 -0.151245 0.055664 -0.043091
-0.396240 0.182129 0.948486 -0.135864 0.049072 -0.029541
-0.390259 0.201904 0.944702 -0.114136 0.038818 -0.035278
-0.404907 0.236328 0.952881 -0.105103 0.033325 -0.038574
-0.406128 0.134155 0.951416 -0.072632 0.011841 -0.025024
-0.399414 0.175659 0.958862 -0.032715 -0.002441 -0.015015
-0.393066 0.201660 0.954834 -0.015015 -0.007324 -0.001099
-0.369995 0.243164 0.952759 -0.021606 -0.005005 -0.001831
-0.384521 0.239380 0.950684 -0.038574 0.004028 -0.014160
-0.403198 0.206787 0.952393 -0.041992 0.001099 -0.021118
-0.393799 0.176392 0.954834 -0.031128 -0.005005 -0.017578
-0.394287 0.189209 0.954224 -0.009888 -0.010986 0.000854
-0.387451 0.214966 0.945068 -0.003296 -0.008789 0.009766
-0.398071 0.223999 0.947754 -0.005981 -0.006104 0.012329
-0.399780 0.210327 0.948975 -0.011963 -0.010498 0.001099
-0.397095 0.195679 0.950684 -0.008179 -0.013550 -0.003052
-0.391235 0.207520 0.950317 -0.001953 -0.015869 -0.003174
-0.401123 0.206665 0.953979 0.003906 -0.017822 -0.001465
-0.387695 0.217773 0.956421 0.007324 -0.020874 0.000000
-0.382324 0.233765 0.950562 0.003174 -0.019043 0.001465
-0.390137 0.226440 0.952637 -0.009644 -0.014771 -0.013550
-0.384766 0.199097 0.954102 -0.009521 -0.014282 -0.012207
-0.388916 0.206177 0.952637 0.001465 -0.011597 0.011475
-0.390991 0.225830 0.949341 0.002808 -0.014038 0.014771
-0.379883 0.234863 0.948120 -0.006958 -0.011963 0.004272
-0.382568 0.222046 0.954956 -0.019043 -0.005981 -0.006836
-0.386963 0.212646 0.953491 -0.021118 -0.002808 -0.006348
-0.396118 0.216064 0.955322 -0.017334 -0.005249 -0.004272
-0.390137 0.218872 0.952026 -0.015991 -0.009155 -0.008911
-0.389771 0.218384 0.955322 -0.014648 -0.008057 -0.003662
-0.390869 0.211182 0.948486 -0.014648 -0.006836 -0.003418
-0.386841 0.210083 0.950073 -0.009155 -0.006226 0.005127
-0.389160 0.215942 0.958252 -0.006348 -0.007080 0.009155
-0.382935 0.221558 0.951538 -0.009766 -0.007568 0.002441
-0.394531 0.223145 0.951172 -0.011108 -0.009766 -0.003906
-0.390991 0.215820 0.953003 -0.008789 -0.013672 -0.004883
-0.382080 0.218506 0.953613 -0.006592 -0.012817 -0.000122
-0.382324 0.227783 0.954590 -0.006958 -0.010010 -0.000854
-0.378174 0.222290 0.951904 -0.010986 -0.007935 0.002808
-0.386597 0.217407 0.952515 -0.014404 -0.003662 0.002441
-0.391479 0.215820 0.950928 -0.011597 -0.006714 0.004639
-0.384888 0.214966 0.945313 -0.011719 -0.009399 0.002563
