-0.177246 0.399292 0.969727 -0.010620 -0.005981 0.016479
-0.183594 0.402588 0.963257 -0.016846 -0.009521 -0.004395
-0.164063 0.402954 0.963989 -0.018555 -0.010986 -0.014404
-0.171143 0.395996 0.963257 -0.017822 -0.005615 -0.022217
-0.188232 0.388428 0.962524 -0.011719 -0.007813 -0.018799
-0.178833 0.393799 0.964966 -0.006714 -0.014893 -0.008423
-0.180176 0.408936 0.966064 -0.005493 -0.017334 -0.010010
-0.176514 0.416626 0.961792 -0.007324 -0.020630 -0.008179
-0.162109 0.404541 0.960815 -0.010498 -0.015381 -0.008423
-0.173706 0.391968 0.962769 -0.008789 -0.009521 -0.006836
-0.178101 0.398560 0.962891 -0.005615 -0.008423 0.004150
-0.173340 0.410767 0.961914 -0.000244 -0.008545 0.021973
-0.167236 0.405396 0.967651 -0.000488 -0.006714 0.019897
-0.181763 0.391724 0.963257 -0.002563 -0.004150 0.015015
-0.188843 0.400269 0.963013 -0.000610 -0.008423 0.010498
-0.179688 0.387573 0.962891 0.002075 -0.012817 0.010376
-0.170288 0.400024 0.961182 0.003052 -0.003906 0.012573
-0.132446 0.417603 0.959839 0.011475 0.001099 0.032837
-0.450806 0.184082 0.960693 -0.088013 0.084473 -0.055908
-0.056641 0.292603 0.961914 0.004883 -0.033813 0.058228
-0.241699 0.237427 0.972046 -0.003174 -0.010498 0.019897
0.109863 0.583008 0.919434 -0.012573 0.036011 0.033203
-0.164185 0.400757 0.961670 0.025757 -0.025391 0.105957
0.055786 0.621826 0.980347 -0.017334 0.046509 0.041260
-0.248779 0.191650 0.924927 -0.087524 0.043457 -0.067627
-0.584351 -0.010376 0.959961 -0.121948 0.043945 -0.116455
0.170654 0.684448 0.979492 -0.023193 -0.022217 -0.004517
-0.466187 0.040039 0.958252 -0.102173 0.042480 -0.116943
-0.233765 0.597046 1.011475 -0.096924 0.037842 -0.005981
-0.104370 0.537964 0.960083 -0.072266 0.040405 0.041504
-0.479370 -0.094971 0.921753 -0.216919 0.075806 -0.079102
-0.093262 0.480957 0.966797 0.019531 -0.040039 0.105347
-0.098633 0.544556 0.947998 -0.061646 0.023560 -0.023315
-0.177246 0.399902 0.969727 -0.008301 0.003662 0.050415
-0.210205 0.798096 1.048950 -0.058838 0.002319 0.079102
-0.299561 -0.009277 0.932251 -0.086426 0.022217 0.068115
-0.242065 0.878906 0.997437 -0.071411 -0.014648 0.111572
-0.237549 0.345459 0.952148 -0.026001 -0.006714 0.096924
-0.220459 0.416504 0.952148 -0.095215 -0.039185 0.020386
-0.316406 0.697998 1.022095 -0.098511 -0.063599 -0.009033
-0.225586 0.874023 1.070435 -0.065918 -0.079590 0.028442
-0.056885 0.463501 0.929077 -0.063354 -0.078247 -0.019287
-0.195435 0.376343 0.975220 -0.030762 0.000488 -0.020630
-0.288574 0.454468 1.015869 -0.060303 -0.035767 -0.054688
-0.041504 0.099854 0.938965 -0.075928 -0.043823 -0.127075
-0.502319 0.530518 1.078003 -0.031616 -0.035645 -0.017700
-0.139526 0.299561 0.943726 -0.052490 -0.127075 -0.041382
-0.448975 0.411743 1.009766 -0.028931 -0.036133 -0.084595
-0.262207 0.325439 0.980835 -0.027344 -0.022705 -0.118896
-0.159668 0.354736 1.005371 0.014038 -0.120728 -0.089844
-0.119751 0.322510 0.959106 -0.030396 -0.055420 -0.188721
-0.309570 0.430908 0.983887 0.017456 -0.070679 -0.149780
-0.178833 0.323364 0.983765 -0.016479 -0.039673 -0.147827
0.064819 0.309082 0.982910 0.040771 -0.124023 -0.101440
-0.218994 0.313232 0.975220 -0.012573 -0.041626 -0.188843
-0.364380 0.488647 0.972168 0.073486 -0.089233 -0.143188
-0.308838 0.209961 0.993774 -0.064575 0.022583 -0.294800
0.135376 0.374756 0.955566 0.048218 -0.109375 -0.131714
-0.237671 0.214600 0.988159 -0.077759 0.030518 -0.217896
-0.600342 -0.056274 0.929688 0.106689 -0.102783 -0.062622
-0.178101 0.226563 0.969849 0.065796 -0.066772 -0.130737
-0.278442 0.075928 0.955566 0.052246 -0.062744 -0.132935
-0.142578 0.381714 0.987549 0.042725 -0.037354 -0.084229
-0.220581 0.080200 0.925049 0.012817 -0.015503 -0.102661
-0.127319 0.370483 1.120850 0.138428 -0.040161 0.044312
-0.179077 0.302734 0.973877 0.008911 -0.014404 -0.104736
-0.221924 0.200317 0.947754 0.092285 -0.037598 -0.035522
-0.119751 0.732544 1.024780 0.035034 -0.028442 -0.043579
-0.170166 0.211670 0.943970 0.039673 -0.013916 -0.030518
-0.160767 0.443115 0.980957 -0.002319 -0.002075 -0.049438
-0.190063 0.001953 0.895386 0.133423 0.010010 0.106323
-0.199707 0.447021 0.959839 0.064453 -0.002319 0.059692
-0.109009 0.341431 0.966675 0.014893 -0.013916 0.006104
-0.327881 0.661499 1.034546 0.056274 0.010010 0.104614
-0.376221 0.597412 1.051270 0.032593 -0.023438 0.096191
-0.110229 0.327393 0.942139 0.036621 0.027954 0.054443
-0.098389 0.384888 0.951294 0.021362 0.033569 0.050049
-0.167236 0.358765 0.940308 0.050049 0.026489 0.103271
-0.091797 0.371948 0.962036 0.027100 -0.028809 0.067993
-0.639282 0.751953 1.057129 0.041870 -0.039063 0.113037
-0.145874 0.391113 0.968628 0.008057 -0.012207 0.035645
-0.103027 0.443726 0.954590 0.005493 0.015015 0.042969
-0.318604 0.427734 0.992065 -0.001221 0.051514 0.057373
-0.144165 0.421021 0.962158 -0.000122 0.006104 0.068970
-0.117432 0.496094 0.947266 -0.007568 0.089966 0.082520
-0.057617 0.319336 0.963257 0.012451 -0.000244 0.106812
-0.002441 0.397827 0.919922 -0.000977 0.082153 0.058105
-0.334106 0.401245 1.030884 -0.038696 0.043213 0.045532
-0.120972 0.431519 0.957520 0.003418 -0.020874 0.062500
-0.069946 0.452393 0.947632 0.006226 0.026611 0.065308
-0.144165 0.415039 0.958130 -0.029541 0.063232 0.051270
-0.283447 0.365723 0.968994 -0.015991 0.020508 0.073486
-0.237427 0.518799 0.951904 -0.065674 0.061401 0.011108
-0.209961 0.496704 0.962158 -0.005371 -0.001587 0.079224
-0.044556 0.507324 0.944336 -0.031860 0.043335 0.035278
-0.472900 0.317871 1.008911 -0.109619 0.109985 -0.087402
-0.102417 0.482544 0.950562 -0.017090 0.001221 0.051758
-0.140991 0.211670 0.955811 0.011230 -0.017334 0.075073
-0.025879 0.519531 0.942261 -0.047119 0.053711 0.013672
-0.160156 0.488403 0.949585 -0.028442 0.026001 0.037842
-0.239746 0.304443 0.960571 0.000000 -0.009033 0.090332
-0.049194 0.493042 0.955566 -0.037109 0.050415 0.039063
-0.424561 0.215576 0.976685 -0.037109 0.007080 -0.023926
-0.186035 0.398804 0.962158 -0.016235 -0.014038 -0.016479
-0.194824 0.404175 0.952271 -0.008911 -0.017822 0.003662
-0.170532 0.408081 0.955566 0.002319 -0.013916 0.052124
-0.159058 0.427856 0.951294 0.000732 -0.000732 0.072876
-0.188721 0.463013 0.958374 -0.016113 0.009033 0.024170
-0.182251 0.421387 0.957520 -0.017212 0.004150 -0.006958
-0.192505 0.409302 0.959717 -0.010864 -0.004883 0.001465
-0.176880 0.403442 0.957397 -0.005249 -0.006958 0.016235
-0.175171 0.414429 0.957520 -0.002197 0.001099 0.041870
-0.685425 0.298584 1.011597 -0.136353 0.083130 -0.115234
-0.131958 0.407349 0.945190 -0.015747 -0.011963 0.058716
-0.131104 0.464233 0.950928 -0.022461 0.012939 -0.015625
-0.219727 0.412720 0.950317 -0.033203 0.008545 -0.055664
-0.194336 0.421997 0.954712 -0.019043 -0.011963 -0.035278
-0.183716 0.417847 0.953125 -0.020386 -0.010864 -0.040161
-0.181152 0.413086 0.953735 -0.024658 -0.004150 -0.058228
-0.197144 0.400513 0.957397 -0.022217 -0.004272 -0.043823
-0.201294 0.399536 0.956299 -0.012329 -0.010010 -0.015015
-0.183472 0.406250 0.955811 -0.004517 -0.011108 0.005615
-0.193726 0.419434 0.956177 -0.007202 -0.011597 0.004395
-0.177856 0.410645 0.958862 -0.012451 -0.006348 0.001587
-0.186523 0.415771 0.959229 -0.016357 -0.000732 -0.000854
-0.190674 0.411865 0.954102 -0.014648 -0.003052 0.008911
-0.204102 0.408569 0.955444 -0.012207 -0.007568 0.011719
-0.188843 0.382446 0.956055 0.003540 -0.004028 0.052368
-0.151245 0.412354 0.963379 0.025757 0.013428 0.101196
-0.179443 0.555298 1.020264 -0.027344 0.022461 0.004761
-0.184570 0.205444 1.082275 0.010620 0.073120 -0.104858
-0.150757 0.418457 1.004761 0.101929 0.104980 -0.162476
-0.176025 0.452393 0.877563 0.097778 0.103394 -0.094727
-0.197632 0.551392 0.878906 -0.022461 0.098022 -0.182373
-0.226318 0.427246 0.905762 -0.045776 0.092285 -0.099243
-0.209473 0.441528 0.915771 -0.070679 0.093140 -0.102417
-0.239380 0.418945 0.930664 -0.065308 0.085938 -0.050659
-0.250854 0.372314 0.964966 -0.054321 0.081055 -0.047119
-0.273193 0.412354 0.928345 -0.043091 0.064087 -0.033203
-0.298096 0.386108 0.918823 -0.034058 0.030396 0.000488
-0.269287 0.397461 0.927490 -0.031006 -0.002563 0.029541
-0.248047 0.411499 0.929321 -0.038818 -0.006470 0.020508
-0.224121 0.406982 0.959229 -0.032349 -0.003540 0.016357
-0.224487 0.405396 0.954712 -0.029785 0.008545 0.003784
-0.235474 0.409302 0.951782 -0.031738 0.010986 -0.005615
-0.244263 0.398315 0.947632 -0.029907 0.011475 -0.000366
-0.242676 0.396118 0.944336 -0.028564 0.007935 0.012451
-0.245972 0.402832 0.942749 -0.025513 0.003784 0.023926
-0.258667 0.395142 0.940308 -0.025513 -0.002441 0.022705
-0.242920 0.404419 0.957153 -0.020142 -0.003540 0.010376
