0.346680 0.337769 0.956665 -0.022461 -0.015381 0.010742
0.360229 0.328003 0.954102 -0.021729 -0.014771 0.020386
0.362427 0.319702 0.952026 -0.015137 -0.012207 0.019287
0.353760 0.331177 0.951050 -0.010742 -0.009888 0.020264
0.366821 0.336792 0.954346 -0.008789 -0.010742 0.024414
0.346924 0.356445 0.948975 -0.015137 -0.011841 0.027588
0.366821 0.339600 0.944824 -0.024780 -0.026245 0.046631
0.327026 0.308838 0.957520 -0.013306 -0.030762 0.056152
0.369385 0.314575 0.953979 0.005371 -0.025879 0.058960
0.473267 0.257690 0.953369 0.129761 0.070190 0.031494
0.432129 0.288086 0.958374 -0.002319 -0.041260 0.107178
0.849609 0.189941 0.923096 0.159546 0.104736 0.028687
0.265503 0.416992 0.940674 0.049316 0.068481 0.074341
0.382813 0.466187 0.960571 0.011475 -0.001221 0.125610
0.096313 0.535278 0.958618 0.022095 0.017944 0.114502
0.502075 0.185303 0.961182 0.016846 0.013916 0.078369
0.510010 0.175781 0.963135 0.060181 0.153931 -0.165405
0.173340 0.466064 0.943481 0.037842 0.111694 0.001099
0.229370 0.530640 0.955566 0.031128 0.078979 0.070190
-0.134033 0.395508 0.942383 -0.009644 0.097290 0.020752
0.455933 0.337769 0.964355 0.010010 0.119873 0.008057
0.484253 0.321411 0.957275 -0.002808 -0.010498 0.201782
0.689819 0.394531 0.952271 0.006714 0.233398 -0.098999
0.424194 0.408691 0.963623 0.004028 -0.003662 0.119873
0.302490 0.372437 0.958618 -0.044067 0.037720 0.010620
-0.184326 0.139526 0.867065 -0.083496 0.127686 -0.072510
0.456055 0.138428 0.957397 -0.104980 0.109497 0.023682
0.426025 0.264648 0.987305 -0.071533 0.088501 -0.000122
0.206543 0.170654 0.970581 -0.067993 0.090820 -0.100464
0.401245 -0.037598 0.937866 -0.131592 0.075195 -0.098389
0.165161 0.418335 0.927368 -0.126343 0.073853 -0.200684
0.326660 0.369629 0.990723 -0.056885 0.013184 -0.168701
0.297974 0.468628 1.030029 -0.093872 -0.031372 -0.221924
0.271729 0.064087 0.973389 -0.112549 -0.077515 -0.156250
0.100342 0.532349 0.790894 -0.119629 -0.136963 -0.130005
0.531738 0.300537 0.978638 -0.069580 -0.099731 -0.160034
0.817505 0.309570 0.997192 -0.072998 -0.165161 -0.025513
0.182739 0.264526 0.915771 -0.081787 -0.159058 -0.051270
0.103638 0.324585 0.942383 -0.033691 -0.029419 -0.205444
0.433960 0.227295 0.945435 -0.085327 -0.269043 0.094238
-0.133301 0.317871 0.855225 -0.029541 -0.067261 -0.167236
0.632813 0.362183 1.002563 -0.016113 -0.064575 -0.045044
0.415405 0.358521 0.966187 0.009766 -0.072876 -0.048706
0.427368 0.310913 0.967651 0.007813 -0.038208 -0.066895
0.145264 0.488892 1.008667 0.062012 -0.102539 -0.049561
0.107788 0.509766 1.104126 0.052856 -0.122314 -0.037354
0.320068 0.324097 0.964844 -0.035522 -0.096680 0.041016
0.383545 0.183228 0.961792 0.011597 -0.108643 0.182373
0.384521 0.422485 0.987183 0.031616 -0.044189 0.191040
0.398926 0.349487 0.982910 0.110718 0.003540 0.162842
0.554077 0.251465 0.926392 0.064575 0.033813 0.115723
0.278809 0.528198 1.028320 0.055054 -0.022949 0.143066
0.608887 0.253296 0.975830 0.044800 0.000000 0.078369
0.260376 0.700928 0.970825 0.041748 0.007080 0.133667
0.459473 0.235474 0.957031 -0.016724 -0.039795 0.122437
0.399658 0.291260 0.954834 0.022827 -0.000366 0.064697
0.352905 0.360474 0.956055 0.031250 0.014404 0.030151
0.365845 0.345459 0.954346 0.018066 0.018555 -0.004639
0.227417 0.446411 0.958984 0.020874 0.051025 -0.008911
0.336060 0.308228 0.949463 -0.016602 -0.000610 0.011230
0.359863 0.340210 0.953857 -0.011353 -0.010986 0.012573
0.363647 0.333740 0.950195 -0.012329 -0.011719 0.012085
0.345093 0.353516 0.950562 -0.014038 -0.012085 -0.005249
0.374146 0.325562 0.949097 -0.023804 -0.016357 0.008789
0.386597 0.314575 0.955444 -0.012451 -0.004272 -0.021851
0.359375 0.282349 0.953857 0.004272 0.011963 -0.056396
0.372925 0.278442 0.959351 0.032959 0.023926 -0.086426
0.370483 0.287476 1.078979 0.066162 0.028198 -0.087158
0.276367 0.129150 1.149414 0.166626 -0.066650 -0.189941
0.490723 0.261353 0.915527 0.312378 -0.096436 -0.238403
0.416138 0.428467 0.825439 0.278687 -0.021729 -0.198730
0.366089 0.486084 0.851929 0.201050 0.052490 -0.220703
0.324463 0.504272 0.863647 0.151978 0.073486 -0.175415
0.263794 0.552002 0.880493 0.081421 0.048584 -0.073486
0.286621 0.511597 0.884888 0.003540 0.032471 -0.043823
0.250122 0.475098 0.918335 -0.050903 0.015381 0.031128
0.318848 0.428345 0.932617 -0.077515 0.001343 0.058105
0.305908 0.378296 0.965454 -0.078247 -0.010742 0.053589
0.346924 0.345215 0.972778 -0.046753 -0.034668 0.024780
0.352173 0.371704 0.938843 -0.011719 -0.024536 -0.010498
0.331421 0.415527 0.925171 -0.009766 -0.017700 0.002197
0.359009 0.423950 0.903931 -0.020630 -0.004150 -0.010498
0.326294 0.433472 0.911377 -0.034912 0.006470 0.004150
0.328491 0.422119 0.926514 -0.051514 0.000854 0.031006
0.333618 0.409058 0.932007 -0.063232 -0.011719 0.043213
0.325317 0.391357 0.946411 -0.062378 -0.003174 0.044189
0.359009 0.368530 0.940063 -0.055908 -0.005981 0.041260
0.351318 0.369873 0.940430 -0.042603 0.006348 0.009033
0.329956 0.378540 0.941772 -0.028931 0.005737 0.014648
0.328125 0.399536 0.944580 -0.030396 -0.003174 0.008301
0.348267 0.385498 0.932861 -0.031006 -0.004761 0.008301
0.316650 0.391479 0.948120 -0.027344 -0.002441 0.012329
0.337769 0.372314 0.956543 -0.018311 -0.016235 0.007568
0.334717 0.387207 0.935059 -0.007080 -0.013550 -0.003418
0.335327 0.397461 0.936035 -0.013062 -0.015625 0.006226
0.339844 0.398438 0.933594 -0.012573 -0.006104 0.009277
0.332764 0.395752 0.937012 -0.020264 -0.011108 0.002930
0.346558 0.379517 0.939819 -0.017456 -0.013428 0.000977
0.341187 0.383423 0.935181 -0.011108 -0.008911 0.000488
0.346558 0.387817 0.932983 -0.008057 0.002075 0.009277
0.329712 0.397217 0.937744 -0.007935 0.004028 0.009277
0.325562 0.392578 0.943481 -0.013184 -0.005371 0.001587
0.327515 0.392212 0.942139 -0.015747 -0.011841 0.001953
0.336914 0.388428 0.943726 -0.017090 -0.012939 0.003906
0.343262 0.384155 0.943359 -0.012451 -0.014038 0.009766
0.354004 0.388428 0.924805 -0.010376 -0.004395 0.010864
0.347534 0.395630 0.929810 -0.013428 0.007690 0.009521
0.327637 0.399902 0.937500 -0.012695 0.005737 0.004395
0.330933 0.390625 0.936890 -0.018188 -0.000732 -0.000977
0.335938 0.390259 0.944336 -0.015503 -0.007690 0.005493
0.336670 0.389526 0.938477 -0.011230 -0.005005 0.007935
0.334106 0.390503 0.933228 -0.014526 -0.003906 0.009399
0.339111 0.398804 0.928711 -0.015869 -0.000610 0.006226
0.329712 0.390747 0.946045 -0.023682 -0.002808 0.008911
0.342529 0.385986 0.937256 -0.022583 -0.009399 0.006714
0.338501 0.383667 0.944580 -0.017212 -0.005615 0.006714
0.347168 0.381104 0.947266 -0.015137 -0.008301 0.001831
0.334595 0.386841 0.940308 -0.008911 -0.006592 -0.005859
0.330078 0.401978 0.936401 -0.013550 -0.011230 0.000366
0.331421 0.395752 0.932495 -0.019165 -0.007202 0.014038
0.332642 0.392212 0.935913 -0.023315 -0.006104 0.014160
0.340698 0.385742 0.935181 -0.021973 -0.003174 0.006592
0.334351 0.384399 0.945923 -0.020020 -0.005737 0.012451
0.347656 0.379395 0.943481 -0.016724 -0.012329 0.009888
0.342285 0.379883 0.937622 -0.015869 -0.009888 0.000732
0.342407 0.386353 0.945313 -0.015625 -0.008179 0.003418
0.327393 0.393066 0.938599 -0.013428 -0.001099 -0.000366
0.339600 0.394653 0.940918 -0.016602 -0.009399 0.000488
0.326660 0.395264 0.937988 -0.018311 -0.006592 0.002930
0.334717 0.391235 0.944702 -0.028320 -0.011108 0.012207
0.341309 0.379272 0.938477 -0.031494 -0.008911 0.010254
0.332275 0.377075 0.943726 -0.021606 -0.004150 0.008057
0.354736 0.381348 0.933838 -0.016846 -0.009766 0.019043
0.340576 0.386475 0.940552 -0.012817 -0.006104 0.005371
0.339600 0.389893 0.936401 -0.016113 -0.003784 0.005005
0.328003 0.394287 0.947754 -0.018311 -0.007568 0.008911
0.343628 0.373535 0.945923 -0.019531 -0.012939 0.005493
0.347412 0.382568 0.941284 -0.013306 -0.009155 0.003296
0.346924 0.379395 0.936646 -0.013550 -0.005371 0.006226
0.335449 0.381958 0.935913 -0.011719 -0.002319 0.007202
0.336914 0.384399 0.942993 -0.009399 -0.004150 0.011475
0.336792 0.392334 0.933838 -0.012329 -0.009033 0.010498
0.342651 0.388916 0.938843 -0.015991 -0.005859 0.009644
0.336426 0.389282 0.946655 -0.017700 -0.010620 0.008911
0.345093 0.382324 0.941040 -0.015381 -0.004517 0.001953
0.342407 0.382568 0.943848 -0.014526 -0.005127 0.004639
0.337769 0.379761 0.942383 -0.010986 -0.004517 0.007446
0.330322 0.393188 0.941284 -0.009277 -0.006836 0.004272
0.338623 0.382446 0.942383 -0.017700 -0.011108 0.003174
0.355225 0.381714 0.939819 -0.015015 -0.008057 0.003418
