0.264282 0.262695 1.003906 -0.016724 0.014771 -0.010864
0.264404 0.252319 1.001587 -0.019165 -0.002319 -0.003418
0.298096 0.262939 1.008789 -0.022583 -0.012207 0.006958
0.310181 0.254517 1.009399 -0.026489 -0.003540 -0.003906
0.296875 0.226807 1.001709 -0.027588 0.004517 -0.037109
0.294678 0.214844 1.001831 -0.005249 0.016968 -0.050903
0.262451 0.260376 1.005981 0.010742 0.019897 -0.031616
0.246704 0.290161 1.004639 -0.000488 0.010010 0.011597
0.259888 0.273804 1.004883 -0.021973 -0.004150 0.008423
0.264771 0.235229 1.005981 -0.025879 -0.017090 0.013184
0.279785 0.253540 1.001709 -0.017456 -0.026123 0.046021
0.281494 0.278931 0.998169 -0.020996 -0.027344 0.070923
0.284912 0.257446 0.999878 -0.032837 -0.026367 0.072021
0.270264 0.237183 1.003906 -0.036865 -0.029663 0.065918
0.288208 0.212036 1.011963 -0.021240 -0.032349 0.051147
0.244019 0.738159 1.015503 0.119507 0.016724 0.093994
0.188599 0.247559 1.009399 -0.030518 -0.041260 0.123535
0.696167 0.271362 1.067383 0.209229 0.095093 0.060669
0.446167 0.134766 1.001587 -0.032349 -0.041748 0.196533
-0.225464 0.690796 1.012329 0.095825 0.081909 0.147339
0.520508 0.029663 1.010010 0.086670 0.094238 0.156128
0.671509 0.309570 1.091797 0.127930 0.096436 0.228271
0.023560 0.448608 0.995239 0.070313 0.089966 0.134155
0.681152 0.005737 1.034546 0.021362 -0.013550 0.111816
-1.013672 0.674072 0.946655 0.090576 0.273926 -0.075439
0.037109 0.411621 1.010132 0.080444 0.315552 -0.125244
-0.393799 0.319580 1.001099 0.028931 0.287842 -0.063721
0.581177 0.110962 1.053101 -0.036011 -0.011475 0.158203
-0.044800 -0.167236 0.981201 -0.003784 0.214722 -0.029785
-0.226685 0.282104 0.985474 0.022217 0.094482 0.058472
0.605103 0.392822 1.002808 -0.005493 0.165894 0.004150
-0.430054 0.399780 0.945923 -0.022095 0.217773 -0.156128
0.283813 0.501099 1.084961 -0.022339 0.024536 0.050415
-0.251343 0.319702 0.859863 -0.133667 0.229492 -0.199951
0.415771 0.440063 1.097778 -0.040894 0.045654 0.014404
0.017578 0.009277 0.987915 -0.155273 0.107544 -0.197876
0.135132 0.713745 0.928467 -0.061523 0.082153 -0.134277
0.050903 1.082275 0.877197 -0.083984 0.046631 -0.231201
0.742065 -0.661499 1.046631 -0.177002 -0.038208 -0.210693
0.553467 0.490845 1.032227 -0.073975 -0.072144 -0.155640
0.380127 -0.252197 1.097900 -0.197388 -0.112671 -0.146362
0.064087 0.577759 1.040039 -0.003174 -0.016968 -0.148071
0.548096 -0.098877 1.058838 -0.086548 -0.095825 -0.136353
-0.421387 0.863892 1.019043 0.025513 0.041504 -0.170288
0.732178 -0.076294 1.027344 -0.196899 -0.193481 -0.105103
0.923950 -0.253052 1.033813 -0.169312 -0.173950 -0.079956
0.079712 0.331909 1.020264 -0.109863 -0.081421 -0.132202
0.381714 0.033203 1.031250 -0.092163 -0.118774 -0.134766
0.162476 0.199707 0.987305 -0.001587 -0.093872 -0.063110
0.493286 0.095581 1.025269 0.020630 -0.053711 -0.095581
0.075684 0.248657 1.086548 -0.049561 -0.199585 -0.009521
0.130127 0.283569 1.020020 0.021851 0.021118 -0.114990
-0.331665 0.423950 1.033081 -0.055908 -0.148438 -0.026489
0.064209 0.275269 1.026611 0.026611 0.040039 -0.156494
1.051636 0.004395 1.060303 -0.025635 -0.158691 0.019287
0.021484 0.330322 1.012207 0.002197 -0.026855 -0.093018
0.338379 -0.016968 0.953369 -0.127563 -0.267334 0.098755
0.469116 0.197266 1.038696 -0.010132 -0.068970 -0.057617
0.251343 0.215820 1.014648 0.008667 -0.044678 -0.078979
0.496704 0.198975 1.034790 0.016968 -0.066895 0.008911
-0.334839 0.334717 0.881592 0.035278 -0.085815 -0.003784
-0.062500 0.339966 0.989380 0.001343 -0.014526 -0.068604
-0.528442 -0.073120 0.848755 0.003540 -0.083130 0.034302
-0.285767 0.275513 0.962402 0.002319 -0.076538 0.030151
0.620483 0.217773 1.069824 -0.009155 -0.090210 0.130493
-0.129150 0.966675 0.989502 0.110474 -0.164307 0.169678
-0.006104 0.226196 0.993286 -0.058716 -0.032349 -0.006592
0.404663 0.114136 1.027100 -0.034180 -0.081543 0.148438
0.253662 -0.033691 0.925049 -0.009155 -0.071045 0.106079
0.304321 0.186890 1.006592 0.004639 -0.038574 0.091431
0.309937 0.308350 1.023560 0.042725 -0.026001 0.099365
0.231445 1.286011 1.179321 0.146362 -0.017456 0.140991
0.466675 -0.243286 0.878418 0.056519 -0.033203 0.051025
0.328369 0.156494 1.010742 -0.062378 -0.037720 0.091064
0.339844 0.172119 1.008789 -0.013428 -0.022583 0.089722
0.297119 0.240479 0.991699 0.035645 -0.004272 0.108398
0.307739 0.261841 1.002319 0.036865 -0.000122 0.111938
-0.109009 0.125610 0.932983 0.112061 0.128052 -0.001709
0.408203 0.130249 0.997314 -0.036133 -0.034546 0.055298
0.233032 0.246094 0.987183 0.035767 0.027710 0.022461
0.300903 0.277222 1.014648 -0.006592 -0.015381 0.075928
0.398804 0.133667 0.998291 0.005981 -0.008789 0.083374
0.141235 0.348022 1.020874 0.025635 0.023560 0.047119
0.281982 0.242798 0.994629 -0.017700 -0.012329 0.044556
-0.011475 0.443237 0.988525 0.072144 0.085693 -0.011108
0.380859 0.167358 1.000000 -0.069580 -0.050049 0.091309
0.363037 0.166016 1.002808 -0.017456 -0.016846 0.038574
0.343750 0.228271 1.001465 0.015259 0.011353 -0.024658
0.293213 0.294434 1.000488 0.016602 0.027588 -0.061279
0.276978 0.286255 0.998657 -0.012817 0.020508 -0.046387
0.280151 0.246826 0.999390 -0.021362 0.006592 -0.006104
0.285278 0.234741 1.004150 -0.010986 0.004395 0.010254
0.271240 0.276001 1.002686 -0.000854 0.002563 -0.027466
0.244507 0.320801 1.000244 -0.020508 -0.013306 -0.015015
0.260376 0.275635 1.002319 -0.058472 -0.043091 0.039185
0.335571 0.187500 1.001221 -0.054199 -0.045654 0.046143
0.357422 0.192505 1.000122 -0.013916 -0.013184 0.019043
0.333130 0.230591 1.000732 0.017700 0.019531 -0.009277
0.279785 0.309814 0.991455 0.014282 0.030884 -0.047119
0.261230 0.317017 0.999146 -0.028320 0.015259 -0.040161
0.253052 0.247925 1.006714 -0.056152 -0.008667 0.009644
0.306885 0.169678 0.999756 -0.041748 -0.022949 0.051758
0.275757 0.189209 1.004150 0.012573 -0.020630 0.024902
0.239380 0.196899 1.006226 0.050781 -0.048218 0.024780
0.223145 0.058228 1.363281 0.081299 -0.124268 -0.034058
0.417358 0.203003 0.954590 0.258667 -0.256104 -0.142822
0.397705 0.346313 0.796875 0.227295 -0.075928 -0.173828
0.415039 0.271973 0.951050 0.198364 0.020386 -0.139771
0.312256 0.391113 0.884399 0.193115 0.096436 -0.165283
0.218262 0.424316 0.981934 0.110596 0.093018 -0.089966
0.203613 0.373291 1.048462 0.050781 0.009766 -0.046753
0.276489 0.323120 0.980469 0.032104 -0.051392 -0.042236
0.340332 0.245850 0.980835 0.047119 -0.031860 -0.056152
0.358887 0.216553 0.987427 0.095459 0.001709 -0.085815
0.355347 0.252075 0.964111 0.148926 0.035156 -0.128174
0.288452 0.332153 0.975586 0.160156 0.051880 -0.132080
0.302979 0.347778 0.984497 0.172241 0.047485 -0.080933
0.268799 0.414429 0.941772 0.167480 0.046997 -0.079468
0.280151 0.462891 0.921631 0.109253 0.035034 -0.064087
0.255493 0.438843 0.930908 0.049438 0.035522 -0.014282
0.249634 0.421997 0.948120 0.010742 0.030151 0.008911
0.248291 0.429810 0.948120 -0.023071 0.027100 0.037109
0.256958 0.398193 0.962769 -0.057739 0.025757 0.079346
0.277954 0.364624 0.954590 -0.079834 0.016846 0.064697
0.295166 0.315552 0.969604 -0.080078 0.013916 0.030029
0.299194 0.290405 0.988892 -0.054077 0.018188 0.018433
0.275757 0.318970 0.991577 -0.019897 0.019653 -0.000854
0.244263 0.386230 0.972412 -0.009399 0.011475 -0.009888
0.247559 0.425415 0.956299 -0.031738 0.002686 0.023315
0.250244 0.395264 0.961548 -0.067383 0.003174 0.061157
0.260742 0.354614 0.994019 -0.085938 -0.011841 0.066162
0.285645 0.317993 0.973267 -0.088379 -0.024658 0.039429
0.296021 0.340820 0.969849 -0.076416 -0.012085 0.023804
0.280273 0.333862 0.986938 -0.079834 -0.006714 0.020264
0.269653 0.320557 0.995972 -0.067505 -0.008301 0.020142
0.251953 0.304321 1.011230 -0.046387 -0.012573 0.020020
0.287231 0.312988 0.993164 -0.022705 -0.020752 0.015503
0.267090 0.348389 0.977905 -0.016235 -0.019043 0.020142
0.293823 0.353516 0.963135 -0.036987 -0.028198 0.011108
0.279907 0.358765 0.958374 -0.046997 -0.018555 0.009888
0.277466 0.329956 0.989380 -0.056519 -0.015259 0.025146
0.294800 0.308472 0.983032 -0.049072 -0.017944 0.037231
0.303467 0.302002 0.981445 -0.032104 -0.001465 0.031738
0.271606 0.321899 1.000122 -0.034058 -0.007935 0.015503
0.294800 0.305908 0.977661 -0.028198 -0.017944 0.009644
0.264160 0.340332 0.982910 -0.024048 -0.012329 0.012573
0.265625 0.329956 0.991333 -0.043213 -0.038330 0.005859
0.296021 0.338135 0.960449 -0.038452 -0.033447 0.009888
0.265137 0.338135 0.989746 -0.055298 -0.031494 0.027588
0.273926 0.314697 0.989746 -0.058472 -0.042114 0.023804
