0.309692 0.372681 0.967773 -0.016602 -0.006592 -0.014893
0.280518 0.341431 0.966064 -0.010742 -0.000732 -0.014160
0.298218 0.377930 0.962036 -0.006714 -0.007446 0.003540
0.308105 0.387939 0.964844 -0.018311 -0.011963 0.004272
0.303101 0.369751 0.959839 -0.030762 -0.010742 -0.000122
0.294922 0.344849 0.964355 -0.028442 -0.010254 0.003906
0.297119 0.356812 0.961670 -0.020630 -0.014648 0.013062
0.298584 0.362915 0.957764 -0.018311 -0.020142 0.024170
0.317871 0.366943 0.961182 -0.021606 -0.018555 0.020386
0.321167 0.358643 0.962402 -0.022095 -0.008789 0.008789
0.304810 0.354004 0.965332 -0.018677 0.001709 -0.010986
0.295288 0.370483 0.961670 -0.016968 0.001465 -0.005859
0.287720 0.365845 0.958496 -0.020386 -0.003540 0.010742
0.312134 0.363159 0.964844 -0.023560 -0.010376 0.014648
0.300049 0.350830 0.961548 -0.024292 -0.011353 0.009888
0.357910 0.375977 0.960083 -0.012817 -0.012817 0.016602
0.303955 0.344604 0.971313 -0.007202 -0.003906 0.012939
0.294434 0.371582 0.965210 -0.002808 -0.005493 0.024536
0.321655 0.356567 0.964966 -0.004028 -0.007446 0.043945
0.279297 0.401978 0.959106 0.016968 0.031616 0.015259
0.327393 0.353271 0.960571 0.000488 0.020020 0.027344
0.347290 0.356934 0.959717 -0.019775 -0.018433 0.060791
0.330566 0.334473 0.960205 -0.007813 -0.006470 0.039551
0.375732 0.335938 0.971191 0.011719 0.022217 0.012329
-0.326538 0.440918 0.957520 -0.013062 -0.022583 0.056274
0.358887 0.313354 0.963867 0.008301 0.021118 0.036865
0.005371 0.307251 0.943481 0.013672 0.063843 -0.009399
-0.017700 0.367432 0.967651 -0.003296 0.003296 0.058228
0.318237 0.315552 0.968628 -0.009644 0.000000 0.024902
0.283081 0.355103 0.963013 -0.004639 0.003662 0.030273
0.310791 0.364380 0.964111 -0.000366 0.015015 0.026001
0.389648 0.359375 0.969849 0.014526 0.072021 -0.038574
0.094849 0.273926 0.964722 -0.024780 -0.039429 0.076904
0.352173 0.339355 0.968018 -0.014893 -0.001709 0.055176
0.331543 0.330933 0.965210 0.004272 0.066406 -0.040771
0.341797 0.393921 0.962646 -0.020630 -0.005737 0.038452
0.298828 0.359741 0.967773 -0.017334 -0.000977 0.053101
0.422607 0.412354 0.976440 -0.020996 0.096191 -0.022217
0.277954 0.344849 0.964844 -0.011719 -0.003174 0.106079
0.432739 0.347656 0.978516 -0.007813 0.070068 -0.002563
0.313477 0.417358 0.961182 -0.018066 -0.010254 0.088745
0.365967 0.354126 0.989014 -0.026489 0.030396 0.072998
0.175781 0.334839 0.937500 -0.019775 0.034058 0.061646
0.303345 0.353271 0.985352 -0.012939 0.014526 0.079468
0.258057 0.340210 0.956787 -0.027100 0.044800 -0.023071
0.357056 0.418335 0.996338 -0.038208 0.043945 -0.008911
0.275024 0.344727 0.950073 -0.019531 0.002930 0.065063
0.285889 0.373535 0.982666 -0.029175 0.007446 0.078491
0.266724 0.442505 0.964111 -0.082153 0.079224 -0.047729
0.203003 0.287109 0.935425 -0.026001 0.039429 -0.043335
0.283569 0.396606 0.969727 -0.023071 0.005981 -0.025879
0.271484 0.384399 0.987915 -0.046265 0.011475 -0.034790
0.240356 0.290894 0.967773 -0.053955 0.013428 -0.060059
0.265869 0.316650 0.960693 0.000732 0.018677 -0.047729
0.249023 0.406860 0.979126 -0.023438 0.017334 -0.061890
0.252686 0.374512 0.984619 -0.059326 -0.000366 -0.045776
0.351196 0.177368 0.968506 -0.053467 -0.018677 -0.058594
0.269775 0.419556 0.985352 -0.015137 0.004639 -0.041016
0.159058 0.420654 0.980347 -0.099854 -0.037720 -0.034546
0.227417 0.372437 0.968018 0.005737 0.014404 -0.063232
0.222046 0.406738 0.978516 -0.030029 0.003418 -0.050049
0.236572 0.349731 0.985840 -0.031860 -0.007446 -0.026367
0.352905 0.311279 0.981567 -0.047729 -0.022339 -0.034424
0.258423 0.359253 0.975464 -0.021606 -0.008057 -0.039429
0.217773 0.382324 0.988037 -0.043701 -0.031860 -0.018066
0.249634 0.323486 0.982666 -0.044312 -0.031738 -0.024414
0.229614 0.369141 0.976074 -0.015015 -0.005005 -0.042603
0.259033 0.360962 0.972290 -0.054199 -0.034546 -0.034668
0.314819 0.324951 0.980835 -0.026978 -0.020508 -0.045776
0.297852 0.322388 0.976929 -0.031982 -0.033081 -0.041748
0.387329 0.390503 0.986328 -0.053589 -0.050293 -0.020508
0.218140 0.352417 0.979004 -0.008545 -0.002930 -0.052612
0.356567 0.285400 0.973267 -0.027100 -0.031006 -0.048706
0.223511 0.374634 0.982422 -0.028931 -0.018799 -0.062622
0.263916 0.319214 0.972412 -0.036133 -0.066406 -0.012695
0.304688 0.362671 0.990112 -0.027710 -0.042603 -0.020874
0.099365 0.404785 0.976563 -0.033569 -0.061523 -0.003540
0.289917 0.276855 0.969971 -0.019531 -0.050049 -0.033691
0.299194 0.347412 0.977539 -0.035156 -0.055176 -0.021851
0.136841 0.382568 0.972168 -0.036865 -0.058350 -0.024780
0.316895 0.326660 0.980957 -0.016235 -0.028809 -0.059448
0.261475 0.355591 0.985474 -0.013794 -0.002563 -0.109497
-0.171509 0.410034 0.931396 -0.044312 -0.159912 0.011841
0.407959 0.393799 1.008423 -0.019043 -0.046875 -0.076294
0.138062 0.384644 0.968872 -0.026733 -0.058716 -0.068726
-0.060425 0.459106 0.987183 -0.051880 -0.167847 0.053223
0.198608 0.346069 0.967407 -0.034546 -0.066406 -0.029541
0.239868 0.328735 0.982910 -0.030518 -0.026245 -0.047485
0.180054 0.326050 0.965088 -0.010010 -0.062866 -0.014648
0.683838 0.367676 1.031616 -0.042847 -0.028076 -0.025635
0.281372 0.300293 0.964966 -0.030029 -0.037354 -0.062256
0.158569 0.328369 0.925415 -0.003052 -0.112549 0.009155
0.336426 0.339844 1.001221 -0.032837 -0.068604 0.009521
0.276001 0.302612 0.979004 -0.031494 -0.031250 -0.026367
0.312988 0.324585 0.975342 -0.013062 -0.021118 -0.013306
0.278320 0.338379 0.966675 -0.004761 -0.026123 -0.020996
0.204834 0.325684 0.944092 0.001709 -0.068115 0.043579
0.256226 0.346313 0.955811 0.003296 -0.076050 0.043213
0.186646 0.313477 0.936646 0.001343 -0.087769 0.054565
0.186646 0.249512 0.935791 0.023560 -0.071777 0.073364
0.283936 0.295410 0.978760 -0.031250 -0.025879 -0.013062
0.308105 0.307373 0.957031 0.000854 -0.040771 0.030273
0.401733 0.385986 0.975464 -0.011719 -0.028198 0.032349
0.324707 0.323608 0.960693 0.003418 -0.020874 0.045776
0.318604 0.366943 0.974609 -0.007446 -0.015381 0.038330
0.317627 0.315430 0.956299 0.003784 -0.012695 0.025391
0.285889 0.381714 0.973022 -0.005493 -0.015869 0.041016
0.316040 0.317749 0.962646 -0.008057 -0.025024 0.058838
0.270142 0.352417 0.940552 0.025879 -0.021729 0.088379
0.308960 0.390747 0.968018 0.003174 -0.015747 0.058472
0.297241 0.399292 0.977051 -0.006348 -0.021606 0.064697
0.326782 0.307251 0.964844 -0.005859 -0.013306 0.053711
0.342285 0.329224 0.958496 -0.007446 -0.018677 0.054443
0.340332 0.343872 0.966064 -0.000122 -0.007813 0.033203
0.302734 0.405640 0.956299 0.006470 0.013062 0.032593
0.337646 0.335815 0.960327 -0.013794 -0.008911 0.050049
0.298340 0.332520 0.967651 -0.020142 -0.017944 0.058228
0.332397 0.316040 0.962280 -0.003052 -0.010010 0.068359
0.334839 0.363525 0.952881 0.020142 0.021606 0.067993
0.356323 0.333496 0.960693 0.000732 0.005005 0.051025
0.148071 0.574951 0.973389 0.001221 0.011475 0.032104
0.246216 0.298218 0.968628 -0.014404 0.031128 -0.004517
0.367065 0.312866 0.965088 -0.029541 -0.025513 0.035889
0.364868 0.312622 0.962402 0.001465 -0.004639 0.027588
0.363647 0.325317 0.961548 0.011963 0.018066 0.015259
0.314331 0.369019 0.960083 0.006592 0.026978 0.012817
0.298462 0.369995 0.962036 0.008057 0.033691 0.025513
0.328003 0.332642 0.958984 -0.014648 0.002441 0.035278
0.434204 0.291870 0.956909 0.020508 0.041748 -0.016479
0.356567 0.364868 0.962280 -0.026001 -0.015381 0.019287
0.344849 0.321167 0.962524 -0.007568 -0.006958 0.041748
0.311646 0.335327 0.958740 -0.002686 -0.001587 0.043579
0.335938 0.340942 0.960205 0.004028 0.010376 0.033569
0.313232 0.364258 0.953125 0.007324 0.033081 0.011230
0.346680 0.334839 0.961426 -0.020142 -0.008911 0.027710
0.338013 0.322266 0.964478 -0.007080 -0.002075 0.018677
0.327026 0.340088 0.963013 0.001831 0.006348 0.013672
0.315063 0.370483 0.961792 -0.006592 0.003784 0.010132
0.317749 0.352295 0.962036 -0.013794 -0.000122 0.004517
0.301514 0.351929 0.956177 -0.011353 0.003418 -0.001587
0.320679 0.342773 0.966675 -0.015381 -0.012939 0.035767
0.335327 0.323853 0.963501 -0.000366 -0.001831 0.046143
0.332275 0.351074 0.960693 0.014160 0.021729 0.024414
0.340332 0.354248 0.960327 -0.004272 0.008789 0.003052
0.316528 0.359131 0.959106 -0.015137 0.008301 -0.030396
0.316528 0.344849 0.964966 -0.020142 0.003662 -0.035522
0.306274 0.343140 0.965088 -0.015503 -0.004272 -0.009766
0.314697 0.343140 0.965820 -0.012695 -0.008179 0.013306
0.338745 0.338501 0.963989 -0.006226 -0.002441 -0.001831
0.323364 0.350098 0.958496 -0.006226 0.004150 -0.038818
