-0.258545 0.356812 0.953247 -0.009399 -0.010742 -0.001343
-0.257080 0.355225 0.955688 -0.010376 -0.008911 0.000366
-0.266235 0.372192 0.956543 -0.010620 -0.005127 -0.007324
-0.269165 0.352173 0.959717 -0.007935 -0.010742 0.012573
-0.272461 0.349243 0.948975 0.000977 -0.014160 0.030273
-0.247314 0.370972 0.950073 0.007202 -0.015259 0.033325
-0.257202 0.377441 0.953735 0.005493 -0.009155 0.020630
-0.260132 0.372925 0.956543 0.002075 -0.006470 0.019165
-0.269897 0.360352 0.953979 0.002197 -0.005249 0.037842
-0.258911 0.359497 0.945679 0.004639 -0.006348 0.063599
-0.200317 0.416382 0.951294 -0.000122 0.008179 0.074097
-0.219360 0.197754 0.945313 -0.074951 0.045288 0.016357
-0.324707 0.159058 0.966431 -0.050537 0.024170 0.046387
-0.150391 0.449097 0.932739 -0.007202 -0.000244 0.073120
-0.238770 0.438477 0.959229 -0.035645 0.037720 0.039917
-0.229126 0.415527 0.956177 -0.001953 0.011230 0.098511
-0.339111 -0.176392 0.947510 -0.087891 0.038086 -0.046387
-0.221680 0.695801 0.917725 -0.114624 0.064697 -0.013794
-0.261475 0.619873 0.979980 0.014160 0.005493 0.088501
-0.410278 0.117310 0.952026 -0.163452 0.088257 -0.174072
-0.193970 0.313354 0.945679 -0.032227 -0.011230 -0.008789
-0.510254 -0.048584 0.987061 -0.153442 0.050659 -0.126709
-0.079956 0.970947 0.935181 -0.050171 0.007935 0.022339
-0.440063 0.028687 0.949829 -0.104980 0.019775 -0.050659
-0.247437 0.381470 0.943115 -0.182251 0.033081 -0.103271
-0.189453 0.195801 0.961426 -0.001221 -0.019775 0.093140
-0.474487 0.003906 0.961792 -0.220581 0.031982 -0.152832
-0.290894 -0.012207 0.933228 -0.124512 -0.017090 -0.071289
-0.189697 0.212646 0.947021 -0.139160 -0.049438 -0.037109
-0.259277 0.195435 0.983521 -0.031494 -0.022095 0.068237
-0.030151 -0.167969 0.838623 -0.201904 -0.083618 -0.140137
-0.308350 0.473511 0.937622 -0.146362 -0.046021 -0.054199
-0.353638 0.472412 1.015869 -0.030151 -0.004028 0.074463
-0.357544 0.425781 0.972290 -0.075073 -0.080200 -0.014404
-0.323853 0.340942 0.982300 -0.048340 -0.014282 0.042236
0.017944 0.344727 0.930298 -0.096069 -0.140503 -0.095459
-0.164917 0.377441 0.960083 -0.063110 -0.063843 -0.052612
-0.424683 0.309448 1.049683 -0.046631 -0.017334 -0.001221
0.150513 0.377197 0.902100 -0.059692 -0.145386 -0.062988
-0.220215 0.211182 0.969238 -0.043701 -0.063599 -0.047607
-0.180542 0.394043 0.964355 -0.046143 -0.104980 -0.066895
0.210693 0.569336 0.947998 0.027588 -0.132446 -0.006714
-0.390015 0.186890 0.962402 0.000000 -0.103394 -0.057007
-0.493530 0.079590 0.993164 -0.075439 -0.011719 -0.167236
-0.372681 -0.044556 0.959839 -0.027710 -0.081177 -0.177490
-0.197266 0.444824 0.992920 0.094238 -0.091064 -0.098145
-0.341064 0.130127 0.985229 -0.064941 -0.004150 -0.194458
0.037109 0.299194 0.975220 0.083374 -0.128174 -0.097656
-0.222778 0.291382 0.988525 0.064209 -0.052124 -0.113159
-0.072021 0.426270 0.995117 0.004028 -0.046875 -0.176514
0.068848 0.589722 0.986206 0.125244 -0.114868 -0.062134
-0.363159 0.147217 0.993164 -0.049438 0.002930 -0.201538
-0.396973 -0.198975 0.971680 0.080688 -0.062378 -0.108276
0.108521 0.640015 1.031494 0.114502 -0.063354 -0.102295
-0.226929 0.151123 1.054199 0.108276 -0.048218 -0.094971
-0.285278 0.434692 0.991699 -0.033813 0.004028 -0.147217
-0.296631 0.215454 0.980225 0.128052 -0.020020 -0.059204
-0.243164 0.293091 0.984619 0.056152 -0.007202 -0.109619
-0.213013 -0.333496 0.893921 0.036377 0.010620 -0.180420
-0.237793 0.204346 0.913208 0.080566 0.008179 -0.086914
-0.246948 0.199219 0.978638 -0.057495 0.009155 -0.179199
-0.255493 -0.002808 0.919922 0.093506 0.011597 -0.023071
-0.255737 0.109009 0.951172 -0.012939 -0.004272 -0.136230
-0.279053 0.232544 0.934570 0.093872 0.014526 0.003906
-0.286499 0.411255 0.989014 0.012085 -0.002930 -0.048340
-0.266602 0.394409 0.969604 0.028076 -0.000854 -0.065308
-0.268311 0.324829 0.966064 0.023560 0.005371 -0.049194
-0.150269 0.427368 0.918335 0.099854 0.049561 0.116821
-0.156738 0.249268 0.935059 0.000244 -0.010132 -0.002808
-0.368652 0.307983 0.984375 0.027954 0.046143 0.026733
-0.308105 0.306274 0.984985 0.024292 -0.007324 0.015137
-0.223755 0.326538 0.954590 0.022095 -0.013306 -0.002686
-0.529175 0.378662 0.966309 0.071045 0.085815 0.118652
0.002563 0.314697 0.915161 0.031250 0.042603 0.104126
-0.482544 0.315430 1.022095 0.032104 0.072998 0.090454
-0.198853 0.430054 0.927124 0.024658 0.062256 0.061646
-0.226440 0.375366 0.967651 0.057129 -0.026489 0.113770
-0.160767 0.345337 0.947510 0.037109 -0.028564 0.100342
-0.175171 0.404175 0.929443 0.008789 0.039917 0.077515
-0.455322 0.270874 0.972168 -0.046631 0.089478 0.066040
-0.219116 0.353027 0.959717 0.012573 -0.028564 0.083740
-0.229370 0.380127 0.953735 0.006348 -0.008789 0.070068
-0.265381 0.383667 0.952026 -0.009766 0.009521 0.049805
-0.287598 0.355713 0.952026 -0.021484 0.008667 0.021484
-0.255981 0.350464 0.949829 -0.015137 0.004150 0.013306
-0.812256 0.230835 1.021729 -0.130005 0.153198 0.024292
-0.192139 0.415405 0.956299 0.048950 -0.075562 0.117798
-0.165161 0.466919 0.952637 0.025024 -0.031128 0.072632
-0.237061 0.403687 0.948853 -0.023315 0.015869 -0.007568
-0.290405 0.339355 0.955322 -0.031738 0.026855 0.007202
-0.163086 0.578613 0.905029 -0.054688 0.058838 0.040039
-0.296509 0.445435 0.953003 0.018555 -0.018677 0.104248
-0.248657 0.359131 0.939941 -0.029785 0.010742 0.036621
-0.050903 0.317993 0.880005 -0.079712 0.033081 -0.035156
-0.248779 0.469604 0.954834 0.025757 -0.038696 0.057739
-0.232910 0.442139 0.951294 -0.003540 0.000854 -0.012329
-0.272217 0.379395 0.945313 -0.029663 0.019775 -0.054932
-0.295166 0.348999 0.951904 -0.029907 0.016479 -0.040405
-0.056885 0.637085 0.909180 -0.047729 0.035889 -0.033325
-0.341187 0.404907 0.956055 0.004883 -0.010254 0.020142
-0.238892 0.410034 0.951660 -0.008301 -0.007568 0.006226
-0.301270 0.168213 0.957642 -0.048218 0.005737 -0.051636
-0.274658 0.335205 0.945190 -0.010864 -0.011597 -0.000610
-0.275757 0.357788 0.950073 -0.012695 -0.004150 0.010864
-0.284790 0.351807 0.952271 -0.013062 -0.000977 0.025391
-0.283691 0.345337 0.961548 -0.011963 -0.002197 0.030151
-0.283813 0.352661 0.954102 -0.011963 -0.003540 0.010132
-0.275269 0.348633 0.955444 -0.013794 -0.001221 0.001831
-0.290771 0.329224 0.948364 -0.007813 -0.005249 0.015381
-0.273193 0.343628 0.952759 -0.001953 -0.002075 0.038330
-0.287598 0.423218 0.972168 -0.028076 0.037354 0.072510
-0.276367 0.310425 0.962646 -0.054932 0.039551 0.044922
-0.368286 0.021606 0.952759 -0.078369 0.004883 -0.014404
-0.210938 0.426880 0.951050 0.002930 -0.014648 0.061523
-0.263794 0.376709 0.953735 -0.037231 0.017944 -0.011475
-0.304565 0.326904 0.958252 -0.034912 0.019287 0.007080
-0.269531 0.341919 0.954346 -0.026245 0.018921 0.054565
-0.425049 0.677246 0.985352 -0.089844 0.060303 0.045166
-0.348877 -0.032471 0.946655 -0.059326 0.007080 0.007202
-0.256226 0.335815 0.950562 -0.006104 -0.023193 0.009399
-0.275391 0.342285 0.955322 -0.024414 -0.005371 -0.022461
-0.298462 0.337280 0.951050 -0.025146 -0.002686 -0.018188
-0.293335 0.337646 0.953735 -0.014038 -0.008911 0.007690
-0.274414 0.347900 0.955078 -0.017700 -0.008179 0.000854
-0.287354 0.342407 0.954102 -0.017944 -0.003906 0.002930
-0.287476 0.342163 0.955933 -0.017822 -0.004883 0.000000
-0.286743 0.351929 0.954346 -0.016968 -0.007690 0.003052
-0.298584 0.302856 0.952881 -0.013306 -0.008789 0.016724
-0.284546 0.310059 0.956665 0.005737 -0.010864 0.083008
-0.253296 0.381226 0.950195 0.012817 -0.000244 0.135620
-0.276489 0.386230 0.948608 -0.020874 0.015381 0.043091
-0.312256 0.321289 0.946533 -0.037598 0.019409 0.003174
-0.277832 0.320923 0.956909 -0.010498 0.000488 0.050293
-0.248779 0.501587 0.976318 -0.033081 0.033325 0.095337
-0.236694 0.362549 0.947510 0.014282 -0.008179 0.096191
-0.287354 0.382813 0.949585 -0.014404 -0.000977 -0.007935
-0.292480 0.348267 0.953735 -0.031128 -0.006592 -0.058594
-0.290283 0.322876 0.951050 -0.026855 -0.008667 -0.051392
-0.291382 0.313721 0.953247 -0.010010 -0.010742 0.003906
-0.262329 0.362305 0.956299 0.005005 -0.005127 0.065308
-0.280396 0.386353 0.949341 -0.008911 0.004883 0.045654
-0.313477 0.339355 0.955078 -0.022217 -0.001953 -0.008057
-0.294312 0.345337 0.947144 -0.014771 -0.016846 -0.011353
-0.279053 0.345459 0.953491 -0.008423 -0.015625 0.000488
-0.277466 0.357422 0.948975 -0.005737 -0.009644 0.020020
-0.290894 0.366699 0.951782 -0.011475 -0.001953 0.015381
-0.335205 0.322632 0.958740 -0.012695 -0.015259 -0.015259
-0.341187 0.338379 0.955322 0.002686 -0.046509 -0.019531
-0.299683 0.283203 0.956055 0.047852 -0.079224 0.028198
-0.050537 0.409180 1.058838 0.101563 -0.052612 0.102051
