0.363525 0.325562 0.958862 -0.011719 -0.009155 0.016968
0.352783 0.335449 0.957397 -0.015869 -0.003540 0.013306
0.343262 0.337646 0.955322 -0.020386 -0.004517 0.000000
0.333618 0.344360 0.958740 -0.027222 -0.015869 -0.001953
0.362549 0.339844 0.959961 -0.033447 -0.017334 -0.002197
0.369141 0.333008 0.960571 -0.035522 -0.004883 -0.003784
0.343018 0.330811 0.952148 -0.038330 -0.005981 0.004028
0.341675 0.304810 0.963379 -0.031494 -0.018555 0.031738
0.346680 0.279419 0.957642 -0.003540 -0.015747 0.049438
0.383667 0.311279 0.956787 0.015869 -0.003418 0.044556
0.427856 0.282227 0.950806 0.079468 0.067261 -0.007080
0.031738 0.396484 0.938843 0.036743 0.073853 -0.015991
0.477051 0.203735 0.961792 0.003540 -0.000610 0.090576
-0.019897 0.416260 0.956543 0.033325 0.032959 0.027222
0.260742 0.492798 0.991089 0.063232 0.175415 -0.140747
0.449585 0.308472 0.999268 -0.014282 0.043457 0.109131
0.379395 0.340454 0.965820 -0.003418 0.096802 0.103516
-0.097534 0.472046 0.936523 -0.021729 -0.021484 0.166870
0.443481 0.337891 0.999146 -0.020508 0.061035 0.127075
0.530884 0.342163 1.064575 -0.026855 0.094727 0.133423
0.458984 0.406006 1.027954 -0.015015 0.062134 0.103027
0.316040 0.242920 0.882568 -0.020630 0.102173 -0.058716
0.314819 0.440063 0.962402 -0.016846 0.008667 0.039307
0.398438 0.142822 0.882813 -0.074219 0.098633 -0.190186
0.208740 0.354004 0.983398 -0.041260 0.039429 -0.140869
0.319214 0.276611 0.930298 -0.058960 0.013428 -0.140747
0.337646 0.478638 1.002075 -0.074097 0.019531 -0.131470
0.025024 0.559570 0.979370 -0.110352 -0.015259 -0.143555
0.543579 -0.504761 0.960693 -0.170044 -0.025146 -0.163818
0.089233 0.619141 1.014038 -0.053589 -0.015503 -0.102539
0.436768 0.059570 0.947266 -0.128296 -0.100708 -0.140137
0.140015 0.289673 0.967529 -0.087158 -0.066040 -0.117065
0.235107 0.382690 0.996094 -0.078857 -0.099121 -0.085327
0.378296 0.157593 1.065674 -0.101563 -0.181396 0.021118
0.098267 0.429810 0.967285 -0.034424 -0.019531 -0.117798
1.031250 -0.089966 1.028687 -0.111572 -0.197510 0.078491
0.077026 0.302368 0.931030 -0.036255 -0.051880 -0.079468
0.671753 0.255615 0.997070 -0.042603 -0.093018 -0.010498
0.505127 0.267822 0.993530 -0.020752 -0.099609 -0.034912
0.866211 0.380493 1.052490 -0.016846 -0.130615 0.028320
0.262695 0.301514 0.959595 -0.027954 -0.028320 -0.051147
0.393433 0.328979 0.976685 -0.021484 -0.047852 0.000122
0.203613 0.234375 0.925537 -0.012329 -0.065918 -0.000366
0.037598 0.170166 0.834229 0.008911 -0.107300 0.031738
0.570313 0.755005 1.069458 0.016602 -0.088867 0.129761
0.332153 0.245728 0.964722 -0.052979 -0.034302 -0.027710
0.192993 -0.052368 0.817017 0.027222 -0.048462 0.005127
0.382690 0.285522 0.993896 -0.028809 -0.038818 0.065796
0.326050 0.096069 0.907471 -0.001099 -0.051636 0.049927
0.519897 0.114380 0.975586 -0.071777 -0.055542 0.094727
0.410156 0.232910 0.968628 -0.025269 -0.034058 0.060547
0.362915 0.281860 0.959839 0.004639 -0.009033 0.036377
0.401123 0.175171 0.925415 0.036377 -0.001221 0.051025
0.534790 0.291870 1.024658 0.067993 0.002808 0.068237
0.391602 0.235474 0.961548 -0.055908 -0.037720 0.047119
0.450928 0.233887 0.946411 0.043823 0.010742 -0.006348
0.279663 0.366211 0.980347 0.047363 0.021484 -0.003174
0.346313 0.276367 0.962891 -0.031616 -0.022827 0.023193
0.363403 0.294800 0.960327 -0.010620 -0.019165 0.029541
0.370850 0.321411 0.956299 -0.002563 -0.015137 0.050659
0.372803 0.344238 0.956421 -0.009644 -0.005371 0.014526
0.350952 0.318848 0.958374 -0.019531 -0.006470 0.001221
0.355835 0.307861 0.960449 -0.012451 -0.008179 0.008667
0.358154 0.305908 0.962280 -0.007690 -0.004517 0.010986
0.347168 0.306030 0.962158 -0.006836 -0.007202 0.016479
0.349121 0.328857 0.955688 -0.004150 -0.014038 0.033203
0.376099 0.315796 0.960449 -0.003540 -0.014038 0.044067
0.423218 0.428223 0.961914 0.047974 0.047363 0.001709
0.397705 0.275269 0.962524 -0.045532 -0.030029 0.044800
0.397705 0.274170 0.963867 -0.018311 -0.016724 0.028687
0.376831 0.311035 0.955811 -0.001831 -0.003906 0.005493
0.359741 0.335815 0.961060 -0.004517 0.000610 -0.003052
0.344971 0.333740 0.960205 -0.015991 -0.005127 -0.001587
0.354370 0.306763 0.960693 -0.021729 -0.014160 0.010620
0.375488 0.303955 0.951416 -0.012573 -0.013916 0.013672
0.375854 0.305908 0.956421 -0.006104 -0.006348 0.000610
0.383301 0.308472 0.955322 0.005371 0.005005 -0.003662
0.292358 0.391479 0.958374 0.013916 0.027466 -0.015259
0.421753 0.327637 0.954834 0.028564 0.033691 -0.013062
0.396484 0.275391 0.965210 -0.041748 -0.022949 0.014160
0.381714 0.276367 0.961060 -0.014282 -0.001099 -0.035889
0.349854 0.323853 0.953735 -0.000854 -0.000610 -0.006348
0.345703 0.334961 0.960327 -0.004395 -0.010742 0.035522
0.376831 0.303589 0.958252 -0.004272 -0.012695 0.054077
0.583984 0.457886 0.977417 0.074829 0.069702 -0.007324
0.393677 0.291992 0.963257 -0.046997 -0.029053 0.035645
0.385620 0.284302 0.962769 -0.016479 -0.009888 0.029663
0.394043 0.286621 0.957031 0.006470 0.003174 0.027222
0.300781 0.354736 0.964233 0.001709 0.002197 0.050049
0.363159 0.323364 0.954834 -0.017212 -0.011841 0.047119
0.363159 0.310425 0.959473 -0.016846 -0.005737 0.008911
0.354980 0.325195 0.963745 -0.013062 -0.009155 0.011475
0.363281 0.315308 0.952393 -0.011353 -0.007690 0.030273
0.383301 0.290771 0.958252 -0.000610 -0.001709 0.044678
0.340820 0.370972 0.951416 0.033325 0.048950 -0.016724
0.290039 0.355469 0.956421 -0.008179 0.005615 0.009399
0.363403 0.305908 0.963623 -0.024780 -0.014648 0.022339
0.390503 0.293579 0.960449 -0.013916 -0.005005 0.000854
0.362671 0.318848 0.953369 -0.003540 0.000244 0.013184
0.355957 0.328247 0.955566 -0.003052 0.006104 0.009888
0.354614 0.337646 0.956787 -0.008545 0.006470 -0.009766
0.339600 0.340942 0.960571 -0.020874 -0.000610 -0.021484
0.329224 0.323608 0.958740 -0.026733 -0.010620 -0.020508
0.383423 0.287109 0.952637 -0.019897 -0.017334 0.019531
0.376099 0.299438 0.958130 0.002441 0.000122 0.000488
0.373901 0.323608 0.955811 0.007568 0.006104 -0.014526
0.397217 0.257202 0.958008 0.025757 0.021118 -0.036499
0.350952 0.290405 0.955078 0.066895 0.045776 -0.042847
0.402588 0.296631 1.085083 0.076660 0.045288 -0.057983
0.194458 0.131714 1.175171 0.170288 -0.074341 -0.155884
0.437012 0.169189 0.997314 0.341431 -0.125732 -0.254517
0.397949 0.264038 0.926758 0.388428 -0.115112 -0.286987
0.460205 0.342896 0.894775 0.374146 -0.077637 -0.338135
0.409180 0.377563 0.904907 0.397949 -0.001587 -0.415527
0.327026 0.519775 0.871338 0.408936 0.029785 -0.400879
0.288086 0.594482 0.800293 0.337524 0.046997 -0.325684
0.278809 0.640625 0.783813 0.234863 0.078979 -0.212158
0.217407 0.671753 0.812744 0.131104 0.100098 -0.124512
0.207275 0.630249 0.835815 0.016968 0.065674 -0.049683
0.237549 0.582397 0.861206 -0.062744 0.042847 0.038208
0.283936 0.499878 0.906738 -0.094971 0.024292 0.097778
0.280273 0.436279 0.952515 -0.096436 0.006714 0.080811
0.324463 0.414307 0.935547 -0.068604 -0.015869 0.051636
0.345581 0.416016 0.926880 -0.031982 -0.006958 0.032349
0.345093 0.437378 0.916870 -0.007813 0.024658 0.026123
0.297974 0.491577 0.895264 -0.003418 0.031250 0.008911
0.273193 0.502319 0.901855 -0.026001 0.009155 0.002808
0.271118 0.516724 0.893188 -0.050049 -0.004272 0.012939
0.280273 0.507935 0.901611 -0.082397 -0.020752 0.055786
0.293213 0.473022 0.913086 -0.098511 -0.021729 0.075928
0.298218 0.434326 0.934814 -0.093628 -0.018188 0.072388
0.339478 0.408447 0.924683 -0.079956 -0.019043 0.048462
0.318359 0.415283 0.943115 -0.052856 -0.008545 0.025024
0.339233 0.416504 0.925659 -0.034302 -0.016235 0.009766
0.319214 0.445190 0.913696 -0.018921 -0.000366 0.000732
0.305420 0.460693 0.915527 -0.027222 -0.006104 0.002075
0.306763 0.464478 0.908691 -0.032471 -0.005249 0.012085
0.291992 0.453125 0.925781 -0.046509 -0.006714 0.016357
0.328735 0.430054 0.926147 -0.046631 -0.019043 0.014038
0.310425 0.441528 0.920410 -0.035522 -0.007080 0.004517
0.315308 0.443726 0.922119 -0.036987 -0.008667 0.010742
0.316406 0.432251 0.922241 -0.035645 -0.009155 0.000977
0.306396 0.435059 0.931519 -0.026245 -0.010376 0.008545
0.314697 0.445190 0.916138 -0.019287 -0.012207 0.003784
0.308594 0.466675 0.910034 -0.024536 -0.004150 0.015747
0.308960 0.443359 0.922852 -0.039917 -0.007813 0.019897
0.317017 0.437134 0.924438 -0.036377 -0.004761 0.016602
0.317627 0.432617 0.932251 -0.036377 -0.010132 0.015991
0.315186 0.432739 0.924561 -0.027954 -0.001221 0.008301
0.309937 0.435181 0.917847 -0.023682 -0.001099 0.010620
