0.336060 0.226807 0.992432 -0.023926 0.005493 -0.042969
0.338379 0.208862 0.992065 -0.024170 -0.004150 -0.010986
0.330322 0.220947 0.992188 -0.019653 -0.013184 0.017578
0.340576 0.214355 0.993652 -0.022095 -0.024170 0.020996
0.354248 0.209473 0.989746 -0.015015 -0.024780 0.001831
0.330078 0.225098 0.988892 -0.010742 -0.030029 0.008667
0.336304 0.244385 0.991089 -0.025024 -0.047119 0.025879
0.325684 0.231812 0.993286 -0.036987 -0.057739 0.040405
0.354736 0.180298 0.995483 -0.032593 -0.071533 0.074463
0.448975 0.114868 0.989258 0.004639 -0.057129 0.024170
0.371216 0.194458 0.988403 0.016602 -0.055542 0.012695
0.373535 0.171753 0.987061 0.030151 -0.048096 0.004761
0.369141 0.153320 0.993164 -0.010132 -0.081543 0.041992
-0.029419 0.425781 0.950073 0.205811 0.147827 -0.011108
0.237305 0.234741 0.982056 -0.070190 -0.087402 0.105225
-0.046997 0.646851 0.966675 0.048462 0.023682 0.009155
0.380737 0.165405 0.991333 -0.022827 -0.079468 0.015381
0.698975 0.184448 0.988037 0.124878 0.080078 0.005249
-0.328003 0.866821 0.952393 0.149048 0.171631 0.066040
1.212646 0.063599 0.951294 0.155273 0.158081 -0.132568
0.289063 0.173462 0.993896 -0.019531 -0.026611 0.168091
0.697021 0.088989 0.976929 0.050293 0.073242 -0.063477
0.495117 0.168335 0.992554 -0.021729 -0.054932 0.097412
1.734131 -0.128906 1.006958 0.052002 0.167725 -0.132202
0.681519 0.203125 1.014160 -0.018555 -0.035522 0.232300
0.197998 0.409180 1.031616 -0.002075 0.155273 -0.033203
0.047852 0.303223 0.963745 -0.016235 0.097046 0.002686
-0.299805 0.094727 0.898193 -0.057251 0.233398 -0.260864
0.298218 0.261475 0.965088 -0.015869 0.091553 -0.020020
0.063354 0.187988 0.959229 -0.035767 0.080933 -0.042847
0.475586 0.337158 1.044434 -0.022583 0.039185 0.036743
0.327637 0.118042 0.957642 -0.080933 0.085327 -0.094116
0.098145 0.231934 0.980225 -0.056030 0.152710 -0.239380
0.322510 0.367798 1.005127 0.005493 0.041260 -0.058716
0.218628 0.462158 1.015137 -0.077271 0.095825 -0.141846
0.300537 0.492920 1.050537 -0.057983 0.020264 -0.111816
0.215454 0.138062 0.978271 -0.147827 0.073242 -0.205444
-0.024780 0.515625 0.960449 -0.119019 0.057007 -0.128296
0.168457 0.440796 0.968506 -0.120117 0.025513 -0.197266
0.181885 -0.138916 0.992554 -0.138062 0.009521 -0.221924
1.051270 -0.225098 1.125854 -0.226563 -0.168945 -0.057373
0.564331 0.026123 1.017334 -0.085571 -0.058105 -0.205688
-0.027954 0.226563 0.992065 -0.182617 -0.093750 -0.129150
0.664429 -0.145264 1.138550 -0.186768 -0.177368 -0.077148
0.694824 0.081177 1.022583 -0.188110 -0.182129 -0.032471
-0.398682 0.639648 0.914551 -0.051758 -0.045166 -0.170532
-0.383179 0.431641 0.907471 -0.125366 -0.122925 -0.121948
-0.124023 0.325317 0.971558 -0.029175 -0.030518 -0.220947
0.038452 0.265869 0.975952 -0.065674 -0.107178 -0.111694
0.286743 0.209106 0.992920 -0.050659 -0.066528 -0.078003
0.032715 0.245239 0.952271 -0.024658 -0.078247 -0.093262
0.136353 0.194214 0.960205 -0.020386 -0.070190 -0.072266
0.488159 0.177002 1.022217 0.019165 -0.024536 -0.084229
0.202881 0.280396 0.972900 0.036865 -0.089844 -0.024902
0.530762 0.209717 1.030762 -0.008179 -0.052368 -0.063477
-0.134155 0.322266 0.909668 -0.009644 -0.123413 0.010254
0.108521 0.219116 0.995361 -0.015015 -0.009644 -0.106567
0.274170 0.170288 1.010986 -0.007690 -0.194458 0.142212
-0.236694 0.046143 0.805542 0.014282 -0.058960 -0.052246
0.176147 0.198242 0.994751 0.011108 0.005981 -0.135498
0.525635 0.479614 1.044189 0.074951 -0.149414 0.176636
0.181152 0.134155 0.944824 -0.009521 -0.020874 -0.043945
0.455566 0.257568 1.021606 -0.013550 -0.045654 0.062256
0.842163 0.679565 1.100342 0.065186 -0.163086 0.207031
0.302612 0.170044 0.984985 0.000366 -0.031738 0.015381
0.662720 0.433716 1.023193 0.051025 -0.161865 0.310181
0.401245 0.169189 0.993042 -0.048218 -0.044556 0.076538
0.312988 0.544678 1.009277 0.074463 -0.077759 0.208862
0.342896 0.166992 0.995483 -0.045654 -0.034790 0.088867
0.336304 -0.040649 0.950562 0.031860 -0.047729 0.093872
0.183105 0.609375 1.015259 0.141113 0.027832 0.141235
0.346069 0.168823 0.988281 -0.047852 -0.039795 0.104370
0.400513 0.143677 0.974731 0.019043 -0.037964 0.109985
0.401245 0.758301 1.033569 0.097900 -0.002686 0.137451
0.373657 0.147705 0.975098 -0.026245 -0.025879 0.057617
0.399536 -0.164307 0.918579 0.020020 -0.030640 0.067261
0.455078 0.133545 0.973755 0.017456 -0.015503 0.087524
0.464844 0.233643 0.986084 0.006592 -0.025391 0.079224
0.392578 0.183838 0.976196 -0.021118 -0.021606 0.067261
0.436890 0.099121 0.967773 0.022583 -0.018188 0.073120
0.373657 0.247437 0.984619 0.001709 -0.003662 0.042480
0.374023 0.206055 0.972534 0.002319 -0.007935 0.036011
0.375366 0.248047 0.983643 0.035767 0.005371 0.051880
0.416382 0.167725 0.982666 -0.022339 -0.021973 0.055786
0.416382 0.172974 0.980225 -0.002441 -0.014282 0.035034
0.485229 0.102905 0.993286 0.022827 -0.004883 0.023560
0.193970 0.859375 0.978638 0.196411 0.087891 0.077271
0.449951 0.177002 0.974976 -0.081055 -0.047241 0.096802
0.457520 0.082886 0.985352 -0.046631 -0.037598 0.083618
0.424805 0.165283 0.975586 0.012817 -0.008911 0.019531
0.388306 0.250732 0.973267 0.013794 -0.002686 0.029297
0.426758 0.193848 0.989990 -0.002808 -0.005737 0.041992
0.251831 0.723145 1.098633 0.182739 0.133301 -0.106689
0.198364 0.195679 0.978394 -0.038330 0.012695 0.012207
0.409668 0.132690 0.978638 -0.031982 -0.014038 0.045044
0.475098 0.104614 0.972168 0.034790 0.017456 -0.007446
0.468628 0.229858 0.974365 -0.002930 -0.012695 0.007202
0.410522 0.199585 0.980713 -0.017700 -0.008667 0.029663
0.356201 0.195435 0.980591 -0.020142 -0.010742 0.053467
0.429443 0.178833 0.981689 -0.004761 -0.006226 0.017944
0.387573 0.238647 0.980103 0.004150 0.010742 -0.036865
0.374023 0.255127 0.972534 -0.015747 0.007568 -0.037476
0.355713 0.247314 0.974731 -0.037720 -0.007080 0.002075
0.391357 0.169312 0.972290 -0.040405 -0.017578 0.044189
0.408447 0.163574 0.984497 -0.005737 -0.010620 0.076538
0.365112 0.209351 0.980225 0.021118 -0.000854 0.084961
0.367310 0.220093 0.975586 0.036743 0.005005 0.032959
0.392334 0.281006 0.973511 0.022949 0.009277 -0.021118
0.431396 0.199951 0.979492 0.011230 0.021240 -0.002197
0.440430 0.120972 0.979492 -0.013672 -0.006714 0.038330
0.358398 0.182251 0.986694 -0.000977 -0.000854 0.012085
0.430054 0.179321 0.976807 -0.011719 -0.010498 -0.003296
0.410522 0.215698 0.975708 0.000000 0.004272 -0.060669
0.385620 0.252808 0.979492 -0.004028 0.011230 -0.083130
0.374268 0.236084 0.977173 -0.021362 0.011719 -0.092773
0.392944 0.217529 0.978882 -0.026367 0.003540 -0.079224
0.402344 0.211182 0.982178 -0.017944 0.006592 -0.077881
0.383423 0.214844 0.978516 -0.009277 0.013794 -0.069458
0.371582 0.223633 0.975098 -0.000122 0.017456 -0.066895
0.350098 0.251465 0.979614 0.000732 0.007080 -0.023560
0.384399 0.235840 0.978149 -0.014404 -0.005981 0.039917
0.386108 0.210815 0.977905 -0.010254 0.001099 0.040405
0.359009 0.226685 0.979248 -0.003662 -0.000977 0.042969
0.367432 0.229004 0.976929 -0.003540 -0.023804 0.105835
0.390747 0.239746 0.974976 -0.002686 -0.023804 0.071777
0.397583 0.252319 0.977905 -0.013306 -0.012085 0.028320
0.383667 0.237793 0.981934 -0.028809 -0.004517 -0.004639
0.408691 0.170410 0.982422 -0.020874 0.004517 -0.038330
0.392944 0.189819 0.980957 0.008545 0.016968 -0.081543
0.353394 0.281860 0.981079 0.008545 0.009766 -0.049927
0.354858 0.274414 0.981323 -0.026001 -0.008423 -0.006470
0.370605 0.253052 0.981812 -0.049194 -0.016968 0.015381
0.381470 0.201172 0.984863 -0.056885 -0.019653 0.037964
0.344604 0.185303 0.985107 -0.029785 -0.028198 0.136719
0.375244 0.182983 0.978516 -0.002808 -0.039063 0.223755
0.527222 0.167969 0.988281 0.060913 -0.007324 0.138428
0.485229 0.278687 0.979980 -0.025513 -0.035400 0.137085
0.462524 0.064575 0.983032 -0.033325 -0.029175 0.094360
0.294678 0.076782 0.983276 -0.062134 -0.027222 0.103394
0.440552 0.125244 0.984619 -0.017578 -0.023193 0.059204
0.446655 0.187744 0.976929 0.040527 0.024292 -0.045776
0.390381 0.252441 0.970093 0.004883 0.012085 -0.044678
0.357178 0.260376 0.978516 -0.010986 0.001953 -0.021240
0.386963 0.199829 0.977905 -0.017700 -0.007690 0.014771
0.387085 0.220093 0.975586 -0.005371 -0.002686 0.010620
0.372314 0.227173 0.980347 -0.006714 -0.002319 0.000244
0.401489 0.197266 0.974121 -0.010742 -0.014282 0.043335
0.400757 0.218384 0.977539 0.005615 -0.007568 0.024658
0.362549 0.279297 0.976318 -0.000122 0.000366 -0.005493
0.384521 0.226563 0.981445 -0.028442 -0.012085 0.046997
