0.343384 0.271729 0.961060 -0.078369 0.049561 -0.004883
0.285645 0.292725 1.041992 -0.085693 0.057617 -0.005005
0.257080 0.207275 0.999023 -0.048584 -0.003052 -0.016846
0.316895 0.191040 1.013062 -0.002197 0.003662 -0.008301
0.330444 0.244507 1.001709 0.020020 0.020874 -0.009766
0.291870 0.302612 0.994507 0.003418 0.020020 -0.020264
0.273804 0.295532 0.996704 -0.025513 0.000732 0.005859
0.292358 0.252319 1.005859 -0.034668 -0.011108 0.029907
0.302368 0.264771 0.996582 -0.037354 -0.015503 0.022461
0.309937 0.255127 0.992554 -0.040039 -0.011963 0.019531
0.300537 0.240234 0.997925 -0.034180 -0.009399 0.031494
0.300293 0.242432 0.998901 -0.031006 -0.017212 0.054321
0.299072 0.250366 0.996948 -0.029297 -0.027344 0.086426
0.333618 0.215332 0.993286 -0.010986 -0.017212 0.069214
0.331299 0.226685 0.995605 0.007446 -0.002563 0.030762
0.285645 0.291992 0.996948 -0.001709 -0.008667 0.036987
0.308838 0.261719 1.004761 -0.026733 -0.018677 0.018677
0.283325 0.196655 1.000488 -0.013550 -0.014526 0.017578
0.301392 0.189941 0.988647 0.017822 -0.022339 0.102051
0.345581 0.453857 1.027588 0.025879 0.017212 0.141602
0.383789 0.132690 0.983521 0.027466 -0.009033 0.157593
0.396851 0.074219 0.996216 -0.016357 -0.038208 0.109863
-0.132080 0.738647 1.038696 0.013306 -0.017456 0.095215
0.467163 -0.101074 0.975464 0.095215 0.007813 0.112671
0.426758 0.393799 1.029175 0.136108 0.056274 0.180908
0.566895 0.013672 1.007690 0.097168 0.063354 0.126709
0.697388 0.099731 1.024292 0.089233 0.098877 0.066162
0.588013 -0.093018 0.953613 0.110107 0.087524 0.125732
0.676636 -0.217285 0.864136 0.136108 0.106323 0.152710
0.448486 0.087646 1.003662 -0.033081 -0.059814 0.234131
0.699341 0.108276 1.003296 0.240479 0.272339 -0.083984
0.211792 0.381714 1.003418 -0.011108 0.001343 0.183472
0.457275 0.243652 1.013672 0.026001 0.070557 0.136841
-0.078857 0.359741 0.968628 -0.015015 0.008057 0.180054
0.472534 0.139038 1.013794 -0.003784 0.049194 0.092285
0.637939 0.096436 1.010376 0.047729 0.124268 0.001221
0.394287 0.314575 1.007690 -0.002197 0.026489 0.181396
-0.456299 0.504517 0.907593 0.002930 0.070190 0.040894
0.642822 0.013184 0.922852 0.025146 0.159058 -0.027344
0.086426 0.302002 0.980713 -0.037842 -0.003540 0.156982
0.095947 0.009033 0.930420 -0.013062 0.152588 -0.102661
0.192017 0.164307 0.984497 -0.022949 0.016968 0.130859
-0.356934 0.445313 0.971680 -0.063354 0.049316 0.048950
0.365234 0.271729 1.046631 -0.035767 0.023193 0.096069
0.835327 0.506592 1.036621 -0.119629 0.229858 -0.242065
0.531616 0.269409 1.096313 -0.039429 0.100464 -0.031616
0.343018 0.326416 1.016724 -0.063721 0.096191 -0.133423
0.241943 0.253296 1.010132 -0.019287 0.057983 -0.102661
0.201660 0.286011 1.006104 -0.014893 0.032349 -0.086182
0.049805 -0.011719 0.953003 0.015137 0.027222 -0.095947
0.225708 0.103027 0.986450 -0.095215 0.041504 -0.118896
0.255249 -0.096802 0.990479 -0.041138 0.031494 -0.110474
0.313599 0.287354 1.045898 -0.023071 0.032837 -0.144653
0.432739 0.039307 1.028320 -0.077515 -0.004639 -0.136719
0.249634 0.513550 1.044678 -0.000244 0.064575 -0.168579
0.216919 0.005737 1.031006 -0.074951 0.001221 -0.139771
0.436646 0.281372 1.036987 -0.073975 0.004395 -0.122681
0.504883 -0.117065 1.012573 -0.063477 -0.025146 -0.134644
0.068115 0.567627 0.982422 -0.139038 -0.086426 -0.128784
0.485229 0.023438 1.090576 -0.160156 -0.102173 -0.121094
0.106445 0.328491 0.995728 -0.164673 -0.136841 -0.095703
0.140991 0.359253 0.968506 -0.081299 -0.061523 -0.176147
0.249756 0.319092 0.947632 -0.125610 -0.107300 -0.143066
0.018799 0.330322 0.999512 -0.040527 -0.032715 -0.208862
0.411255 -0.045654 1.036011 -0.055420 -0.084595 -0.109741
0.295776 0.177856 1.030884 -0.038818 -0.027222 -0.173828
0.094971 0.362549 0.998535 -0.158447 -0.179199 -0.059570
-0.515503 0.722046 0.916016 -0.161743 -0.209717 -0.045532
0.256348 0.100464 1.015381 -0.074463 -0.112549 -0.073608
0.166748 0.326538 0.999268 -0.090576 -0.110718 -0.070435
0.099609 0.353027 1.016968 -0.047607 -0.036621 -0.114380
-0.505615 0.615479 0.906616 -0.119751 -0.249756 0.076294
0.125000 0.261108 1.007690 -0.020630 -0.020386 -0.164673
0.445190 0.152466 1.031616 0.008667 -0.001709 -0.168823
-0.902588 0.731812 0.847168 -0.152100 -0.355591 0.205200
0.092773 0.272705 1.005005 -0.003906 -0.006714 -0.150146
0.412598 0.149658 1.028687 0.026733 0.028564 -0.195679
-1.273193 0.531616 0.650635 -0.045532 -0.387573 0.247681
-0.024414 0.343018 1.001709 -0.011597 -0.008057 -0.144165
0.259033 0.183350 1.000610 0.001099 -0.040771 -0.043823
0.686279 0.354370 1.081665 -0.000610 -0.063477 0.051270
0.512817 0.162476 1.021606 0.011597 -0.073364 0.035034
0.243286 0.182495 1.020874 0.007446 -0.007080 -0.090820
0.472290 0.307373 1.022827 0.020996 -0.021729 -0.005249
-0.150757 0.507446 0.943726 0.035156 -0.197998 0.236328
0.156982 0.205811 1.001221 -0.028687 -0.045776 0.012573
0.384644 0.187500 1.004883 0.036865 -0.100830 0.146118
0.237183 0.141479 0.940552 0.020630 -0.081299 0.079468
0.255859 0.451172 1.074219 0.031616 -0.082886 0.186401
0.285278 0.348633 1.019531 0.042969 -0.078125 0.220703
0.284424 0.166870 1.006348 -0.028687 -0.074463 0.146729
0.310791 0.322144 1.008545 0.025635 -0.053589 0.172485
0.298828 0.060791 0.954590 0.049194 -0.051270 0.111694
0.354248 0.162720 0.989014 0.029907 -0.019775 0.100220
0.341309 0.139282 0.996460 0.006348 -0.023071 0.110474
0.476563 -0.073364 0.973022 0.098633 0.010620 0.139648
0.148682 0.890259 1.119507 0.042114 0.001465 0.118896
0.225464 0.194580 0.978638 -0.005127 -0.026367 0.075317
0.299927 0.141724 1.001587 -0.068604 -0.022461 0.009644
0.346069 0.124878 0.999512 -0.006226 -0.007080 -0.007568
0.312500 0.240845 0.995605 0.027588 -0.005249 0.034424
0.318848 0.272339 0.991943 0.010742 -0.015869 0.077148
0.438354 -0.033325 0.956299 0.094238 0.007568 0.048096
0.274170 0.210449 0.963135 0.019043 0.000732 0.035156
0.342651 0.165649 1.002686 -0.075195 -0.024170 0.005859
0.361694 0.145996 0.998901 -0.016968 -0.015747 0.032593
0.366943 0.193237 0.992432 0.015381 0.003052 0.023438
0.332886 0.268921 0.991943 0.008057 0.011597 -0.005249
0.310181 0.275391 0.995483 -0.015259 0.004395 0.001953
0.273438 0.285767 0.991333 -0.042480 -0.018311 0.048096
0.358643 0.189209 0.993164 -0.033691 -0.023193 0.046021
0.366821 0.181641 0.992798 0.002563 -0.007568 0.012817
0.321289 0.260620 0.993286 0.005249 -0.004883 0.013794
0.290161 0.292603 0.994263 -0.017212 -0.020630 0.058228
0.349731 0.218750 0.996094 -0.029541 -0.027710 0.044067
0.356201 0.171021 0.994385 -0.007446 -0.021606 0.004028
0.338257 0.206299 0.997192 0.019653 -0.011841 -0.027588
0.365845 0.227539 0.990356 0.032471 0.001343 -0.033569
0.362183 0.278320 0.993652 0.014160 0.017700 -0.054688
0.326050 0.273560 0.995117 -0.012085 0.021851 -0.027100
0.332520 0.224976 0.993530 -0.017822 0.020142 -0.010254
0.346191 0.209351 0.994141 -0.004883 0.019165 -0.019287
0.348145 0.218140 0.994629 0.013672 0.036865 -0.054688
0.325562 0.215454 0.993286 0.031494 0.042969 -0.064331
0.276855 0.289185 0.992554 0.019653 0.019775 -0.029419
0.250122 0.294556 0.990967 -0.013794 -0.015381 0.021484
0.283813 0.255005 0.991211 -0.019531 -0.046875 0.035278
0.312500 0.259277 0.992188 -0.031738 -0.072021 0.063721
0.365601 0.234619 0.995850 -0.030396 -0.050171 0.036743
0.377563 0.180420 0.989746 0.000977 -0.020142 -0.006958
0.324341 0.223022 0.993652 0.027832 -0.007568 -0.025146
0.353271 0.279663 0.991211 0.030884 0.005981 -0.027100
0.353027 0.384521 0.980347 -0.038574 0.009277 0.004883
0.328491 0.257935 0.994019 -0.091797 -0.005493 0.015625
0.315308 0.185181 1.002930 -0.063843 -0.011353 0.019043
0.344849 0.163452 0.996582 -0.017822 -0.008545 -0.000732
0.353394 0.239624 0.997314 0.000610 0.002197 -0.040527
0.315918 0.341919 0.990112 -0.041138 0.003052 -0.042358
0.290894 0.323730 0.996582 -0.097168 -0.012085 0.028442
0.328247 0.224487 1.001831 -0.118774 -0.030029 0.082275
0.359497 0.146362 0.995483 -0.081421 -0.020142 0.064819
0.365112 0.171997 1.001587 -0.029541 0.004028 -0.000854
0.363647 0.242188 1.000366 -0.030029 0.013428 0.013062
0.366089 0.182495 0.997314 -0.019897 0.036865 -0.012207
0.361328 0.161987 0.997437 0.022461 0.059692 -0.084839
0.330688 0.222046 0.991577 0.048706 0.086060 -0.151855
0.296631 0.247314 0.998169 0.041992 0.079712 -0.156494
0.264282 0.306519 1.001099 0.012451 0.050049 -0.131714
0.236084 0.352417 1.000488 -0.043457 0.012451 -0.085571
0.303833 0.306641 0.993408 -0.096436 -0.007446 -0.067871
