0.116211 -0.246094 0.833496 -0.018555 -0.300293 -0.112671
0.116211 -0.246094 0.833496 -0.007446 -0.158203 -0.091431
0.260376 -0.396240 0.901245 -0.007446 -0.158203 -0.091431
0.260376 -0.396240 0.901245 0.035034 0.056030 -0.069336
0.265625 -0.255127 0.960205 0.035034 0.056030 -0.069336
0.265625 -0.255127 0.960205 0.088989 0.307373 -0.020020
0.305664 -0.135986 0.869019 0.088989 0.307373 -0.020020
0.305664 -0.135986 0.869019 0.088989 0.307373 -0.020020
0.231201 -0.006836 0.851318 0.144043 0.593506 0.008911
0.231201 -0.006836 0.851318 0.144043 0.593506 0.008911
0.175171 0.096069 0.926147 0.186157 0.820313 0.025024
0.175171 0.096069 0.926147 0.186157 0.820313 0.025024
0.104370 0.147583 1.049438 0.208740 0.962524 0.037109
0.104370 0.147583 1.049438 0.208740 0.962524 0.037109
0.104370 0.147583 1.049438 0.218140 1.015869 0.051514
0.096680 0.147095 1.120728 0.218140 1.015869 0.051514
0.096680 0.147095 1.120728 0.224365 1.013916 0.062866
0.131714 0.120728 1.129028 0.224365 1.013916 0.062866
0.131714 0.120728 1.129028 0.224365 1.013916 0.062866
0.176392 0.058228 1.135132 0.237183 1.025635 0.063965
0.176392 0.058228 1.135132 0.237183 1.025635 0.063965
0.125122 0.053589 1.160278 0.264160 1.090942 0.039917
0.125122 0.053589 1.160278 0.264160 1.090942 0.039917
0.114136 0.060303 1.133789 0.297363 1.160645 0.035156
0.114136 0.060303 1.133789 0.297363 1.160645 0.035156
0.114136 0.060303 1.133789 0.328369 1.217285 0.042480
0.089355 0.107910 1.150879 0.328369 1.217285 0.042480
0.089355 0.107910 1.150879 0.351563 1.276489 0.046021
-0.178833 0.209839 1.194824 0.351563 1.276489 0.046021
-0.178833 0.209839 1.194824 0.518921 1.821289 0.151978
-0.095703 0.257202 1.194946 0.518921 1.821289 0.151978
-0.095703 0.257202 1.194946 0.518921 1.821289 0.151978
0.433350 0.157227 0.775757 0.814941 2.681885 0.246094
0.433350 0.157227 0.775757 0.814941 2.681885 0.246094
-1.016724 0.139282 0.819946 0.907959 3.097900 0.251709
-1.016724 0.139282 0.819946 0.907959 3.097900 0.251709
-0.609863 -0.215820 3.732422 0.754761 3.020020 0.333740
-0.609863 -0.215820 3.732422 0.754761 3.020020 0.333740
-0.609863 -0.215820 3.732422 0.026123 0.701050 -0.027588
-0.276001 0.050903 1.120117 0.026123 0.701050 -0.027588
-0.276001 0.050903 1.120117 0.329834 0.763184 0.030762
-1.014771 -0.024780 1.638306 0.329834 0.763184 0.030762
-1.014771 -0.024780 1.638306 0.329834 0.763184 0.030762
-0.444336 0.290527 1.040527 0.307129 -0.297852 0.114868
-0.444336 0.290527 1.040527 0.307129 -0.297852 0.114868
-0.172729 0.140625 0.865601 0.310059 -0.565796 0.104614
-0.172729 0.140625 0.865601 0.310059 -0.565796 0.104614
0.677490 0.411621 -0.591187 0.282715 -0.840576 0.052979
0.677490 0.411621 -0.591187 0.282715 -0.840576 0.052979
0.677490 0.411621 -0.591187 0.106445 -0.498413 -0.026001
0.291748 0.305664 0.504517 0.106445 -0.498413 -0.026001
0.291748 0.305664 0.504517 0.113892 -0.218506 -0.057617
0.295166 0.271606 0.461426 0.113892 -0.218506 -0.057617
0.295166 0.271606 0.461426 0.103516 0.079468 -0.080811
0.295654 0.230957 0.479858 0.103516 0.079468 -0.080811
0.295654 0.230957 0.479858 0.103516 0.079468 -0.080811
-0.358032 0.233887 1.329224 0.082031 0.306152 -0.111084
-0.358032 0.233887 1.329224 0.082031 0.306152 -0.111084
0.153809 0.233032 0.641235 0.031616 0.001587 -0.119385
0.153809 0.233032 0.641235 0.031616 0.001587 -0.119385
0.153809 0.233032 0.641235 0.000977 -0.019043 -0.135742
0.045288 0.171875 0.907593 0.000977 -0.019043 -0.135742
0.045288 0.171875 0.907593 -0.001465 -0.021729 -0.140381
-0.079956 0.067871 1.034912 -0.001465 -0.021729 -0.140381
-0.079956 0.067871 1.034912 0.001587 -0.038818 -0.126343
0.007568 -0.016602 0.838013 0.001587 -0.038818 -0.126343
0.007568 -0.016602 0.838013 0.001587 -0.038818 -0.126343
-0.070801 -0.046265 0.903320 -0.002319 -0.010132 -0.115112
-0.070801 -0.046265 0.903320 -0.002319 -0.010132 -0.115112
-0.222900 -0.109985 1.053345 0.004883 -0.011108 -0.095215
-0.222900 -0.109985 1.053345 0.004883 -0.011108 -0.095215
-0.379272 -0.088623 1.174683 0.010742 -0.008667 -0.067261
-0.379272 -0.088623 1.174683 0.010742 -0.008667 -0.067261
-0.379272 -0.088623 1.174683 0.025146 -0.000732 -0.030396
-0.399536 -0.010864 1.164307 0.025146 -0.000732 -0.030396
-0.399536 -0.010864 1.164307 0.039795 -0.000977 0.004517
-0.366211 0.107178 1.105591 0.039795 -0.000977 0.004517
-0.366211 0.107178 1.105591 0.039795 -0.000977 0.004517
-0.347412 0.101563 1.037598 0.048096 -0.004272 0.046387
-0.347412 0.101563 1.037598 0.048096 -0.004272 0.046387
-0.240967 0.101929 0.979736 0.045532 -0.002930 0.085815
-0.240967 0.101929 0.979736 0.045532 -0.002930 0.085815
-0.116089 0.109741 0.945801 0.036133 0.007690 0.111206
-0.116089 0.109741 0.945801 0.036133 0.007690 0.111206
-0.116089 0.109741 0.945801 0.020142 0.013550 0.117676
-0.020752 0.123901 0.918945 0.020142 0.013550 0.117676
-0.020752 0.123901 0.918945 0.000488 0.026733 0.110474
0.015869 0.148193 0.909546 0.000488 0.026733 0.110474
0.015869 0.148193 0.909546 -0.024414 0.082153 0.096558
0.066284 0.137939 0.846802 -0.024414 0.082153 0.096558
0.066284 0.137939 0.846802 -0.024414 0.082153 0.096558
0.005127 0.143433 0.837280 -0.058350 0.171631 0.078979
0.005127 0.143433 0.837280 -0.058350 0.171631 0.078979
-0.123169 0.114990 1.059082 -0.088867 0.245728 0.069458
-0.123169 0.114990 1.059082 -0.088867 0.245728 0.069458
-0.215210 0.105591 1.111938 -0.092651 0.251099 0.072998
-0.215210 0.105591 1.111938 -0.092651 0.251099 0.072998
-0.215210 0.105591 1.111938 -0.082275 0.219727 0.088257
-0.262085 0.097900 1.158691 -0.082275 0.219727 0.088257
-0.262085 0.097900 1.158691 -0.065186 0.163818 0.107910
-0.188477 0.090332 1.197144 -0.065186 0.163818 0.107910
-0.188477 0.090332 1.197144 -0.065186 0.163818 0.107910
-0.122559 0.103394 1.199951 -0.039917 0.083862 0.115601
-0.122559 0.103394 1.199951 -0.039917 0.083862 0.115601
-0.089233 0.106934 1.149780 -0.014038 -0.003418 0.113159
-0.089233 0.106934 1.149780 -0.014038 -0.003418 0.113159
-0.054688 0.111938 1.096558 0.004639 -0.068481 0.106567
-0.054688 0.111938 1.096558 0.004639 -0.068481 0.106567
-0.054688 0.111938 1.096558 0.013184 -0.096069 0.097046
-0.024170 0.115356 1.045044 0.013184 -0.096069 0.097046
-0.024170 0.115356 1.045044 0.012695 -0.082886 0.086792
-0.029175 0.121826 0.999512 0.012695 -0.082886 0.086792
-0.029175 0.121826 0.999512 0.004395 -0.031006 0.078857
-0.055176 0.117188 0.997437 0.004395 -0.031006 0.078857
-0.055176 0.117188 0.997437 0.004395 -0.031006 0.078857
-0.044800 0.115723 1.027222 -0.005859 0.052856 0.077026
-0.044800 0.115723 1.027222 -0.005859 0.052856 0.077026
-0.057129 0.112427 1.069336 -0.011719 0.153076 0.075928
-0.057129 0.112427 1.069336 -0.011719 0.153076 0.075928
-0.057129 0.112427 1.069336 -0.013550 0.249023 0.076172
-0.085571 0.111450 1.078369 -0.013550 0.249023 0.076172
-0.085571 0.111450 1.078369 -0.012207 0.328369 0.078491
-0.090210 0.112427 1.062378 -0.012207 0.328369 0.078491
-0.090210 0.112427 1.062378 -0.013062 0.396606 0.080566
-0.083618 0.119995 1.039917 -0.013062 0.396606 0.080566
-0.083618 0.119995 1.039917 -0.013062 0.396606 0.080566
-0.056396 0.122314 1.036621 -0.016235 0.450073 0.078979
-0.056396 0.122314 1.036621 -0.016235 0.450073 0.078979
-0.044067 0.129028 1.038574 -0.018799 0.479248 0.070557
-0.044067 0.129028 1.038574 -0.018799 0.479248 0.070557
-0.045776 0.137573 1.054321 -0.020142 0.481934 0.057495
-0.045776 0.137573 1.054321 -0.020142 0.481934 0.057495
-0.045776 0.137573 1.054321 -0.018555 0.465576 0.041748
-0.062744 0.142944 1.049438 -0.018555 0.465576 0.041748
-0.062744 0.142944 1.049438 -0.015747 0.447632 0.027588
-0.074463 0.133057 1.043213 -0.015747 0.447632 0.027588
-0.074463 0.133057 1.043213 -0.015747 0.447632 0.027588
-0.107910 0.134888 1.060913 -0.014038 0.435181 0.015869
-0.107910 0.134888 1.060913 -0.014038 0.435181 0.015869
-0.143921 0.134888 1.071899 -0.010620 0.429199 0.009033
-0.143921 0.134888 1.071899 -0.010620 0.429199 0.009033
-0.184937 0.147949 1.111450 -0.004272 0.435181 0.007935
-0.184937 0.147949 1.111450 -0.004272 0.435181 0.007935
-0.184937 0.147949 1.111450 0.006348 0.451416 0.012207
-0.169800 0.146484 1.083618 0.006348 0.451416 0.012207
-0.169800 0.146484 1.083618 0.013916 0.478271 0.013794
-0.127563 0.087646 1.041016 0.013916 0.478271 0.013794
-0.127563 0.087646 1.041016 0.014771 0.504395 0.013428
-0.154785 0.050659 1.102539 0.014771 0.504395 0.013428
-0.154785 0.050659 1.102539 0.014771 0.504395 0.013428
