-0.067749 0.073608 1.054199 -0.014526 -0.006714 0.000366
-0.067749 0.073608 1.054199 -0.014526 -0.006714 0.000366
-0.064575 0.075195 1.059082 -0.014648 -0.006592 0.000244
-0.064575 0.075195 1.059082 -0.014648 -0.006592 0.000244
-0.070068 0.077271 1.060669 -0.014648 -0.007080 0.000244
-0.070068 0.077271 1.060669 -0.014648 -0.007080 0.000244
-0.070068 0.077271 1.060669 -0.014893 -0.006226 -0.000122
-0.061401 0.078369 1.060181 -0.014893 -0.006226 -0.000122
-0.061401 0.078369 1.060181 -0.015259 -0.005859 -0.000854
-0.061523 0.072632 1.056641 -0.015259 -0.005859 -0.000854
-0.061523 0.072632 1.056641 -0.015137 -0.005493 -0.001343
-0.059570 0.076416 1.059448 -0.015137 -0.005493 -0.001343
-0.059570 0.076416 1.059448 -0.015137 -0.005493 -0.001343
-0.066162 0.074829 1.051025 -0.015259 -0.005981 -0.001221
-0.066162 0.074829 1.051025 -0.015259 -0.005981 -0.001221
-0.064209 0.078979 1.059204 -0.015259 -0.005615 -0.002075
-0.064209 0.078979 1.059204 -0.015259 -0.005615 -0.002075
-0.064209 0.078979 1.059204 -0.015625 -0.005859 -0.001709
-0.062988 0.076294 1.052612 -0.015625 -0.005859 -0.001709
-0.062988 0.076294 1.052612 -0.015503 -0.005859 -0.002319
-0.064941 0.075684 1.054321 -0.015503 -0.005859 -0.002319
-0.064941 0.075684 1.054321 -0.015503 -0.006348 -0.002563
-0.065552 0.077881 1.056152 -0.015503 -0.006348 -0.002563
-0.065552 0.077881 1.056152 -0.015503 -0.006348 -0.002563
-0.068848 0.076660 1.062256 -0.015259 -0.006226 -0.002686
-0.068848 0.076660 1.062256 -0.015259 -0.006226 -0.002686
-0.067871 0.076660 1.061646 -0.015869 -0.006348 -0.001709
-0.067871 0.076660 1.061646 -0.015869 -0.006348 -0.001709
-0.066772 0.079468 1.056763 -0.015137 -0.006104 -0.002319
-0.066772 0.079468 1.056763 -0.015137 -0.006104 -0.002319
-0.066772 0.079468 1.056763 -0.014648 -0.006226 -0.002319
-0.067139 0.079468 1.056641 -0.014648 -0.006226 -0.002319
-0.067139 0.079468 1.056641 -0.014893 -0.006226 -0.002319
-0.065918 0.080566 1.053833 -0.014893 -0.006226 -0.002319
-0.065918 0.080566 1.053833 -0.015015 -0.006592 -0.002075
-0.068970 0.081055 1.053711 -0.015015 -0.006592 -0.002075
-0.068970 0.081055 1.053711 -0.015015 -0.006592 -0.002075
-0.067017 0.075439 1.059692 -0.014771 -0.006226 -0.001099
-0.067017 0.075439 1.059692 -0.014771 -0.006226 -0.001099
-0.073608 0.075317 1.060425 -0.014404 -0.006104 -0.000977
-0.073608 0.075317 1.060425 -0.014404 -0.006104 -0.000977
-0.073608 0.075317 1.060425 -0.014038 -0.005737 -0.000854
-0.070557 0.078003 1.059570 -0.014038 -0.005737 -0.000854
-0.070557 0.078003 1.059570 -0.014038 -0.005981 0.000244
-0.069702 0.076416 1.059326 -0.014038 -0.005981 0.000244
-0.069702 0.076416 1.059326 -0.014404 -0.006226 0.000244
-0.067749 0.079102 1.059570 -0.014404 -0.006226 0.000244
-0.067749 0.079102 1.059570 -0.014404 -0.006226 0.000244
-0.070557 0.080078 1.054810 -0.013794 -0.005981 0.000366
-0.070557 0.080078 1.054810 -0.013794 -0.005981 0.000366
-0.074341 0.079834 1.057007 -0.013916 -0.005615 0.001465
-0.074341 0.079834 1.057007 -0.013916 -0.005615 0.001465
-0.068970 0.076416 1.058960 -0.014282 -0.005127 0.001709
-0.068970 0.076416 1.058960 -0.014282 -0.005127 0.001709
-0.068970 0.076416 1.058960 -0.014160 -0.005859 0.002686
-0.067261 0.075562 1.060669 -0.014160 -0.005859 0.002686
-0.067261 0.075562 1.060669 -0.014893 -0.005737 0.002441
-0.067627 0.076782 1.059814 -0.014893 -0.005737 0.002441
-0.067627 0.076782 1.059814 -0.014893 -0.005737 0.002441
-0.065430 0.075562 1.051025 -0.015015 -0.005737 0.002319
-0.065430 0.075562 1.051025 -0.015015 -0.005737 0.002319
-0.067749 0.077271 1.060669 -0.015503 -0.006104 0.001465
-0.067749 0.077271 1.060669 -0.015503 -0.006104 0.001465
-0.064453 0.075439 1.057373 -0.015747 -0.006348 0.001221
-0.064453 0.075439 1.057373 -0.015747 -0.006348 0.001221
-0.064453 0.075439 1.057373 -0.015503 -0.006226 0.001099
-0.065063 0.074585 1.056763 -0.015503 -0.006226 0.001099
-0.065063 0.074585 1.056763 -0.015381 -0.006348 0.000122
-0.059692 0.075928 1.056274 -0.015381 -0.006348 0.000122
-0.059692 0.075928 1.056274 -0.015503 -0.006470 0.000244
-0.063843 0.074829 1.054565 -0.015503 -0.006470 0.000244
-0.063843 0.074829 1.054565 -0.015503 -0.006470 0.000244
-0.065430 0.076782 1.058594 -0.015137 -0.006836 -0.000366
-0.065430 0.076782 1.058594 -0.015137 -0.006836 -0.000366
-0.066406 0.077271 1.060181 -0.015381 -0.006470 -0.000488
-0.066406 0.077271 1.060181 -0.015381 -0.006470 -0.000488
-0.066406 0.077271 1.060181 -0.015625 -0.007080 0.000122
-0.068359 0.077393 1.050415 -0.015625 -0.007080 0.000122
-0.068359 0.077393 1.050415 -0.015503 -0.006836 0.000366
-0.067017 0.081543 1.053101 -0.015503 -0.006836 0.000366
-0.067017 0.081543 1.053101 -0.015503 -0.007324 0.000732
-0.065186 0.076294 1.057007 -0.015503 -0.007324 0.000732
-0.065186 0.076294 1.057007 -0.015503 -0.007324 0.000732
-0.062012 0.078491 1.057251 -0.015625 -0.006104 0.000610
-0.062012 0.078491 1.057251 -0.015625 -0.006104 0.000610
-0.066040 0.080078 1.059570 -0.015869 -0.007080 -0.000244
-0.066040 0.080078 1.059570 -0.015869 -0.007080 -0.000244
-0.067749 0.078369 1.054932 -0.015381 -0.006470 0.000488
-0.067749 0.078369 1.054932 -0.015381 -0.006470 0.000488
-0.067749 0.078369 1.054932 -0.015747 -0.006592 0.000610
-0.064819 0.078247 1.053467 -0.015747 -0.006592 0.000610
-0.064819 0.078247 1.053467 -0.015991 -0.006592 0.000854
-0.069092 0.078369 1.054199 -0.015991 -0.006592 0.000854
-0.069092 0.078369 1.054199 -0.015503 -0.006958 0.001709
-0.066650 0.076782 1.060303 -0.015503 -0.006958 0.001709
-0.066650 0.076782 1.060303 -0.015503 -0.006958 0.001709
-0.062256 0.075317 1.062012 -0.015869 -0.006592 0.001465
-0.062256 0.075317 1.062012 -0.015869 -0.006592 0.001465
-0.063477 0.076904 1.054932 -0.015869 -0.006348 0.001099
-0.063477 0.076904 1.054932 -0.015869 -0.006348 0.001099
-0.063477 0.076904 1.054932 -0.015137 -0.006348 0.000488
-0.059082 0.076904 1.056396 -0.015137 -0.006348 0.000488
-0.059082 0.076904 1.056396 -0.014893 -0.006714 0.000244
-0.064575 0.077637 1.054443 -0.014893 -0.006714 0.000244
-0.064575 0.077637 1.054443 -0.015381 -0.007080 0.000122
-0.070923 0.078857 1.050537 -0.015381 -0.007080 0.000122
-0.070923 0.078857 1.050537 -0.015381 -0.007080 0.000122
-0.067383 0.079346 1.057373 -0.015625 -0.007446 -0.000366
-0.067383 0.079346 1.057373 -0.015625 -0.007446 -0.000366
-0.067139 0.075562 1.057129 -0.015869 -0.007324 -0.000610
-0.067139 0.075562 1.057129 -0.015869 -0.007324 -0.000610
-0.068604 0.075317 1.056030 -0.016602 -0.007080 0.000122
-0.068604 0.075317 1.056030 -0.016602 -0.007080 0.000122
-0.068604 0.075317 1.056030 -0.016846 -0.006592 0.000610
-0.069458 0.077148 1.056274 -0.016846 -0.006592 0.000610
-0.069458 0.077148 1.056274 -0.016357 -0.007568 0.000732
-0.068848 0.077026 1.061401 -0.016357 -0.007568 0.000732
-0.068848 0.077026 1.061401 -0.016357 -0.007568 0.000732
-0.069702 0.078125 1.059570 -0.016602 -0.006592 0.001099
-0.069702 0.078125 1.059570 -0.016602 -0.006592 0.001099
-0.064087 0.077148 1.053711 -0.016724 -0.007324 0.000977
-0.064087 0.077148 1.053711 -0.016724 -0.007324 0.000977
-0.062256 0.075684 1.059937 -0.017212 -0.006958 0.000732
-0.062256 0.075684 1.059937 -0.017212 -0.006958 0.000732
-0.062256 0.075684 1.059937 -0.016724 -0.006592 0.000366
-0.061157 0.076416 1.061523 -0.016724 -0.006592 0.000366
-0.061157 0.076416 1.061523 -0.015869 -0.007324 -0.000732
-0.063721 0.076660 1.068237 -0.015869 -0.007324 -0.000732
-0.063721 0.076660 1.068237 -0.016113 -0.006958 -0.001099
-0.065186 0.073975 1.055298 -0.016113 -0.006958 -0.001099
-0.065186 0.073975 1.055298 -0.016113 -0.006958 -0.001099
-0.067261 0.076416 1.060913 -0.016235 -0.006470 -0.001099
-0.067261 0.076416 1.060913 -0.016235 -0.006470 -0.001099
-0.067383 0.078857 1.058838 -0.016602 -0.006714 -0.001465
-0.067383 0.078857 1.058838 -0.016602 -0.006714 -0.001465
-0.064697 0.073120 1.053711 -0.016479 -0.006714 -0.001221
-0.064697 0.073120 1.053711 -0.016479 -0.006714 -0.001221
-0.064697 0.073120 1.053711 -0.016479 -0.007202 -0.001099
-0.063354 0.079346 1.060303 -0.016479 -0.007202 -0.001099
-0.063354 0.079346 1.060303 -0.016479 -0.006958 -0.000977
-0.067383 0.077881 1.060303 -0.016479 -0.006958 -0.000977
-0.067383 0.077881 1.060303 -0.016479 -0.006958 -0.000977
-0.069702 0.076904 1.063232 -0.016235 -0.006714 -0.000610
-0.069702 0.076904 1.063232 -0.016235 -0.006714 -0.000610
-0.065674 0.077026 1.055420 -0.015991 -0.005737 0.000000
-0.065674 0.077026 1.055420 -0.015991 -0.005737 0.000000
-0.062378 0.075806 1.057373 -0.015747 -0.006226 0.000488
-0.062378 0.075806 1.057373 -0.015747 -0.006226 0.000488
-0.062378 0.075806 1.057373 -0.015503 -0.006226 -0.000366
-0.058350 0.072144 1.050781 -0.015503 -0.006226 -0.000366
