-0.025513 0.129395 1.082397 -0.027954 -0.005859 -0.016846
-0.025513 0.129395 1.082397 -0.027954 -0.005859 -0.016846
-0.025513 0.129395 1.082397 -0.026367 -0.008057 -0.025757
-0.034546 0.144287 1.062622 -0.026367 -0.008057 -0.025757
-0.034546 0.144287 1.062622 -0.023560 -0.008179 -0.032471
-0.035400 0.161987 1.056152 -0.023560 -0.008179 -0.032471
-0.035400 0.161987 1.056152 -0.023560 -0.008179 -0.032471
-0.029053 0.136963 1.042603 -0.022095 -0.011719 -0.038452
-0.029053 0.136963 1.042603 -0.022095 -0.011719 -0.038452
-0.059326 0.126343 1.060425 -0.022705 -0.008301 -0.046021
-0.059326 0.126343 1.060425 -0.022705 -0.008301 -0.046021
-0.121094 0.125000 1.032715 -0.021606 -0.009766 -0.049072
-0.121094 0.125000 1.032715 -0.021606 -0.009766 -0.049072
-0.121094 0.125000 1.032715 -0.023560 -0.009521 -0.039063
-0.156982 0.109985 1.040771 -0.023560 -0.009521 -0.039063
-0.156982 0.109985 1.040771 -0.026123 -0.009888 -0.026123
-0.144287 0.105103 1.033203 -0.026123 -0.009888 -0.026123
-0.144287 0.105103 1.033203 -0.026855 -0.008667 -0.015381
-0.151245 0.097778 1.036865 -0.026855 -0.008667 -0.015381
-0.151245 0.097778 1.036865 -0.026855 -0.008667 -0.015381
-0.152710 0.083862 1.052002 -0.029785 -0.011719 -0.003906
-0.152710 0.083862 1.052002 -0.029785 -0.011719 -0.003906
-0.152832 0.051758 1.059570 -0.030029 -0.007935 0.009399
-0.152832 0.051758 1.059570 -0.030029 -0.007935 0.009399
-0.124268 0.040771 1.100830 -0.027588 -0.002563 0.023071
-0.124268 0.040771 1.100830 -0.027588 -0.002563 0.023071
-0.124268 0.040771 1.100830 -0.022827 -0.002930 0.031250
-0.083374 0.060059 1.101074 -0.022827 -0.002930 0.031250
-0.083374 0.060059 1.101074 -0.015625 -0.000854 0.033325
-0.080933 0.101685 1.092041 -0.015625 -0.000854 0.033325
-0.080933 0.101685 1.092041 -0.015625 -0.000854 0.033325
-0.072510 0.104736 1.094604 -0.008911 -0.001465 0.034302
-0.072510 0.104736 1.094604 -0.008911 -0.001465 0.034302
-0.024902 0.102417 1.082886 -0.004395 -0.002686 0.032959
-0.024902 0.102417 1.082886 -0.004395 -0.002686 0.032959
0.005493 0.105225 1.076172 0.000977 -0.002808 0.024658
0.005493 0.105225 1.076172 0.000977 -0.002808 0.024658
0.005493 0.105225 1.076172 0.004639 -0.003052 0.012573
-0.006470 0.113647 1.062866 0.004639 -0.003052 0.012573
-0.006470 0.113647 1.062866 0.006470 -0.001709 0.001099
-0.038330 0.132202 1.061035 0.006470 -0.001709 0.001099
-0.038330 0.132202 1.061035 0.008301 -0.002441 -0.003906
-0.062866 0.151978 1.076538 0.008301 -0.002441 -0.003906
-0.062866 0.151978 1.076538 0.008301 -0.002441 -0.003906
-0.074219 0.162598 1.062744 0.010742 -0.005127 -0.005371
-0.074219 0.162598 1.062744 0.010742 -0.005127 -0.005371
-0.078735 0.152710 1.050537 0.012329 -0.006226 -0.004395
-0.078735 0.152710 1.050537 0.012329 -0.006226 -0.004395
-0.078735 0.152710 1.050537 0.012207 -0.015137 -0.003418
-0.071167 0.130615 1.024048 0.012207 -0.015137 -0.003418
-0.071167 0.130615 1.024048 0.010498 -0.010376 -0.002197
-0.068604 0.081177 1.050537 0.010498 -0.010376 -0.002197
-0.068604 0.081177 1.050537 0.009033 -0.011841 -0.000366
-0.081299 0.066162 1.083984 0.009033 -0.011841 -0.000366
-0.081299 0.066162 1.083984 0.009033 -0.011841 -0.000366
-0.098389 0.039307 1.113037 0.011597 -0.018188 0.005249
-0.098389 0.039307 1.113037 0.011597 -0.018188 0.005249
-0.125244 0.040649 1.157227 0.019653 -0.011108 0.010986
-0.125244 0.040649 1.157227 0.019653 -0.011108 0.010986
-0.148193 0.067505 1.174927 0.033936 -0.006836 0.016235
-0.148193 0.067505 1.174927 0.033936 -0.006836 0.016235
-0.148193 0.067505 1.174927 0.051514 -0.003662 0.021973
-0.134644 0.096802 1.165161 0.051514 -0.003662 0.021973
-0.134644 0.096802 1.165161 0.068237 -0.003662 0.029053
-0.093506 0.104492 1.144531 0.068237 -0.003662 0.029053
-0.093506 0.104492 1.144531 0.068237 -0.003662 0.029053
-0.071289 0.113525 1.117920 0.081787 -0.004150 0.032959
-0.071289 0.113525 1.117920 0.081787 -0.004150 0.032959
-0.080933 0.141235 1.128174 0.092041 -0.007935 0.034790
-0.080933 0.141235 1.128174 0.092041 -0.007935 0.034790
-0.069092 0.171509 1.118164 0.099731 -0.021729 0.041992
-0.069092 0.171509 1.118164 0.099731 -0.021729 0.041992
-0.069092 0.171509 1.118164 0.105469 -0.037598 0.053101
-0.066284 0.179443 1.085693 0.105469 -0.037598 0.053101
-0.066284 0.179443 1.085693 0.108032 -0.039795 0.069336
-0.051392 0.172485 1.056885 0.108032 -0.039795 0.069336
-0.051392 0.172485 1.056885 0.109131 -0.027954 0.092285
-0.024902 0.154785 1.045654 0.109131 -0.027954 0.092285
-0.024902 0.154785 1.045654 0.109131 -0.027954 0.092285
-0.012085 0.147827 1.019897 0.109131 0.001221 0.120728
-0.012085 0.147827 1.019897 0.109131 0.001221 0.120728
-0.018311 0.155640 1.049316 0.107422 0.054932 0.149536
-0.018311 0.155640 1.049316 0.107422 0.054932 0.149536
-0.090698 0.177734 1.165405 0.110596 0.114746 0.174561
-0.090698 0.177734 1.165405 0.110596 0.114746 0.174561
-0.090698 0.177734 1.165405 0.104858 0.056396 0.199585
-0.050659 0.219116 1.114990 0.104858 0.056396 0.199585
-0.050659 0.219116 1.114990 0.110107 0.026978 0.221924
0.013550 0.215576 1.064331 0.110107 0.026978 0.221924
0.013550 0.215576 1.064331 0.110107 0.026978 0.221924
0.022217 0.232544 1.088623 0.116577 0.030518 0.230469
0.022217 0.232544 1.088623 0.116577 0.030518 0.230469
-0.036011 0.267822 1.131836 0.128784 0.024902 0.230835
-0.036011 0.267822 1.131836 0.128784 0.024902 0.230835
-0.112061 0.262329 1.234131 0.145386 0.046509 0.239380
-0.112061 0.262329 1.234131 0.145386 0.046509 0.239380
-0.112061 0.262329 1.234131 0.159058 0.018188 0.258301
-0.124146 0.266602 1.159546 0.159058 0.018188 0.258301
-0.124146 0.266602 1.159546 0.166870 0.047363 0.284180
-0.158691 0.231567 1.203857 0.166870 0.047363 0.284180
-0.158691 0.231567 1.203857 0.166992 0.030151 0.317017
-0.177612 0.227661 1.180542 0.166992 0.030151 0.317017
-0.177612 0.227661 1.180542 0.166992 0.030151 0.317017
-0.081421 0.199463 0.997681 0.169067 0.034424 0.351563
-0.081421 0.199463 0.997681 0.169067 0.034424 0.351563
-0.123657 0.219238 1.043823 0.163574 0.058716 0.377930
-0.123657 0.219238 1.043823 0.163574 0.058716 0.377930
-0.123657 0.219238 1.043823 0.162964 0.055664 0.401855
-0.101929 0.204468 1.013428 0.162964 0.055664 0.401855
-0.101929 0.204468 1.013428 0.166504 0.064331 0.421875
-0.124023 0.227539 1.056152 0.166504 0.064331 0.421875
-0.124023 0.227539 1.056152 0.172729 0.047241 0.432617
0.025513 0.264404 0.808838 0.172729 0.047241 0.432617
0.025513 0.264404 0.808838 0.172729 0.047241 0.432617
-0.187378 0.235107 1.035889 0.185059 0.073364 0.438232
-0.187378 0.235107 1.035889 0.185059 0.073364 0.438232
-0.212402 0.272461 1.053223 0.194580 0.061401 0.449585
-0.212402 0.272461 1.053223 0.194580 0.061401 0.449585
-0.331421 0.223145 1.245361 0.208740 0.091797 0.465332
-0.331421 0.223145 1.245361 0.208740 0.091797 0.465332
-0.331421 0.223145 1.245361 0.230103 0.052368 0.487549
-0.247314 0.183716 1.127808 0.230103 0.052368 0.487549
-0.247314 0.183716 1.127808 0.257324 0.093994 0.501709
-0.329712 0.227783 1.276001 0.257324 0.093994 0.501709
-0.329712 0.227783 1.276001 0.286377 0.099365 0.506592
-0.382935 0.260986 1.372803 0.286377 0.099365 0.506592
-0.382935 0.260986 1.372803 0.286377 0.099365 0.506592
-0.379150 0.276245 1.446533 0.329956 0.098267 0.503540
-0.379150 0.276245 1.446533 0.329956 0.098267 0.503540
-0.312378 0.286255 1.401855 0.384155 0.061523 0.493408
-0.312378 0.286255 1.401855 0.384155 0.061523 0.493408
-0.312378 0.286255 1.401855 0.438965 0.015137 0.476929
-0.157471 0.309814 1.168701 0.438965 0.015137 0.476929
-0.157471 0.309814 1.168701 0.485718 0.063477 0.455200
-0.094116 0.337036 1.055298 0.485718 0.063477 0.455200
-0.094116 0.337036 1.055298 0.534058 0.051758 0.439941
-0.164673 0.397461 1.155029 0.534058 0.051758 0.439941
-0.164673 0.397461 1.155029 0.534058 0.051758 0.439941
-0.080200 0.467041 1.103271 0.581421 0.064697 0.427490
-0.080200 0.467041 1.103271 0.581421 0.064697 0.427490
-0.023315 0.507446 1.140381 0.621338 0.075439 0.411865
-0.023315 0.507446 1.140381 0.621338 0.075439 0.411865
0.008179 0.491333 1.177612 0.657959 0.058105 0.394897
0.008179 0.491333 1.177612 0.657959 0.058105 0.394897
0.008179 0.491333 1.177612 0.686768 0.047729 0.374023
0.183838 0.478638 0.983154 0.686768 0.047729 0.374023
0.183838 0.478638 0.983154 0.700439 0.065674 0.354492
0.225464 0.494385 0.948608 0.700439 0.065674 0.354492
0.225464 0.494385 0.948608 0.700439 0.065674 0.354492
0.268677 0.442383 0.920532 0.706299 0.074463 0.343750
