0.125000 0.028442 1.033813 -0.011963 -0.002808 0.122314
0.125000 0.028442 1.033813 -0.011963 -0.002808 0.122314
0.125000 0.028442 1.033813 -0.010254 0.006470 0.123047
0.154419 0.031616 1.110352 -0.010254 0.006470 0.123047
0.154419 0.031616 1.110352 -0.008911 -0.011475 0.097778
0.057373 0.047363 1.065308 -0.008911 -0.011475 0.097778
0.057373 0.047363 1.065308 -0.014526 -0.040894 0.089355
0.053101 0.034302 0.974121 -0.014526 -0.040894 0.089355
0.053101 0.034302 0.974121 -0.014526 -0.040894 0.089355
0.027588 0.022095 1.038208 -0.020386 -0.023926 0.081299
0.027588 0.022095 1.038208 -0.020386 -0.023926 0.081299
0.034546 0.020874 1.067993 -0.016846 -0.019531 0.080322
0.034546 0.020874 1.067993 -0.016846 -0.019531 0.080322
0.063965 0.034546 1.055664 -0.014038 -0.013550 0.085815
0.063965 0.034546 1.055664 -0.014038 -0.013550 0.085815
0.063965 0.034546 1.055664 -0.012451 0.003052 0.080933
0.211182 -0.010986 1.077026 -0.012451 0.003052 0.080933
0.211182 -0.010986 1.077026 -0.011597 0.000000 0.039673
0.109619 0.046631 1.109985 -0.011597 0.000000 0.039673
0.109619 0.046631 1.109985 -0.011597 0.000000 0.039673
0.049438 0.057617 1.067993 -0.016479 -0.025635 0.014893
0.049438 0.057617 1.067993 -0.016479 -0.025635 0.014893
0.104004 0.037598 1.042358 -0.018555 -0.038452 0.012695
0.104004 0.037598 1.042358 -0.018555 -0.038452 0.012695
0.122192 0.028198 1.051758 -0.017700 -0.030396 0.009644
0.122192 0.028198 1.051758 -0.017700 -0.030396 0.009644
0.122192 0.028198 1.051758 -0.014404 -0.015015 0.005859
0.097168 0.035645 1.063843 -0.014404 -0.015015 0.005859
0.097168 0.035645 1.063843 -0.012451 -0.009155 0.005371
0.090820 0.041870 1.064087 -0.012451 -0.009155 0.005371
0.090820 0.041870 1.064087 -0.012695 -0.008545 0.005249
0.090088 0.038696 1.067871 -0.012695 -0.008545 0.005249
0.090088 0.038696 1.067871 -0.012695 -0.008545 0.005249
0.099243 0.044678 1.067261 -0.012695 -0.010742 0.005249
0.099243 0.044678 1.067261 -0.012695 -0.010742 0.005249
0.090576 0.041992 1.058472 -0.012817 -0.016357 0.005371
0.090576 0.041992 1.058472 -0.012817 -0.016357 0.005371
0.100586 0.036499 1.060425 -0.012817 -0.016479 0.005615
0.100586 0.036499 1.060425 -0.012817 -0.016479 0.005615
0.100586 0.036499 1.060425 -0.011841 -0.012573 0.006470
0.103149 0.037354 1.050537 -0.011841 -0.012573 0.006470
0.103149 0.037354 1.050537 -0.012207 -0.007446 0.005127
0.099731 0.030273 1.048096 -0.012207 -0.007446 0.005127
0.099731 0.030273 1.048096 -0.012207 -0.007446 0.005127
0.094727 0.029663 1.057007 -0.013062 -0.005005 0.003418
0.094727 0.029663 1.057007 -0.013062 -0.005005 0.003418
0.086670 0.033081 1.061401 -0.013550 -0.004028 0.002930
0.086670 0.033081 1.061401 -0.013550 -0.004028 0.002930
0.086182 0.037598 1.058838 -0.014526 -0.004395 0.002686
0.086182 0.037598 1.058838 -0.014526 -0.004395 0.002686
0.086182 0.037598 1.058838 -0.014648 -0.005737 0.003174
0.087158 0.040039 1.064453 -0.014648 -0.005737 0.003174
0.087158 0.040039 1.064453 -0.015503 -0.005371 0.003174
0.086670 0.033569 1.061035 -0.015503 -0.005371 0.003174
0.086670 0.033569 1.061035 -0.015137 -0.004883 0.004272
0.086792 0.028687 1.054810 -0.015137 -0.004883 0.004272
0.086792 0.028687 1.054810 -0.015137 -0.004883 0.004272
0.086304 0.028198 1.061035 -0.015137 -0.003662 0.007446
0.086304 0.028198 1.061035 -0.015137 -0.003662 0.007446
0.086914 0.032837 1.054688 -0.015625 -0.004395 0.009399
0.086914 0.032837 1.054688 -0.015625 -0.004395 0.009399
0.086914 0.032837 1.054688 -0.016724 -0.005615 0.010742
0.085449 0.030396 1.057373 -0.016724 -0.005615 0.010742
0.085449 0.030396 1.057373 -0.018433 -0.007080 0.012451
0.084595 0.023193 1.060059 -0.018433 -0.007080 0.012451
0.084595 0.023193 1.060059 -0.019531 -0.008179 0.015503
0.088379 0.022949 1.061768 -0.019531 -0.008179 0.015503
0.088379 0.022949 1.061768 -0.019531 -0.008179 0.015503
0.090088 0.024414 1.062134 -0.019165 -0.006470 0.019653
0.090088 0.024414 1.062134 -0.019165 -0.006470 0.019653
0.103638 0.036011 1.062256 -0.018555 -0.006104 0.025391
0.103638 0.036011 1.062256 -0.018555 -0.006104 0.025391
0.096313 0.051025 1.065430 -0.017822 -0.004272 0.024414
0.096313 0.051025 1.065430 -0.017822 -0.004272 0.024414
0.096313 0.051025 1.065430 -0.016968 -0.002075 0.017456
0.083984 0.056030 1.073120 -0.016968 -0.002075 0.017456
0.083984 0.056030 1.073120 -0.017822 -0.007813 0.013062
0.091553 0.046631 1.071167 -0.017822 -0.007813 0.013062
0.091553 0.046631 1.071167 -0.016235 -0.007813 0.010132
0.091675 0.052124 1.064819 -0.016235 -0.007813 0.010132
0.091675 0.052124 1.064819 -0.016235 -0.007813 0.010132
0.083862 0.046143 1.072632 -0.015015 -0.007935 0.008789
0.083862 0.046143 1.072632 -0.015015 -0.007935 0.008789
0.083740 0.039307 1.061646 -0.014893 -0.010742 0.009521
0.083740 0.039307 1.061646 -0.014893 -0.010742 0.009521
0.083740 0.039307 1.061646 -0.013550 -0.011353 0.010498
0.092896 0.041992 1.066162 -0.013550 -0.011353 0.010498
0.092896 0.041992 1.066162 -0.014038 -0.010498 0.010742
0.089478 0.045044 1.064819 -0.014038 -0.010498 0.010742
0.089478 0.045044 1.064819 -0.013550 -0.010498 0.009766
0.081543 0.045776 1.063232 -0.013550 -0.010498 0.009766
0.081543 0.045776 1.063232 -0.013550 -0.010498 0.009766
0.083740 0.040527 1.065796 -0.012939 -0.009766 0.010742
0.083740 0.040527 1.065796 -0.012939 -0.009766 0.010742
-0.074341 0.078003 1.049561 -0.012207 -0.007446 0.016724
-0.074341 0.078003 1.049561 -0.012207 -0.007446 0.016724
0.036011 0.031006 1.029785 -0.009888 0.009277 0.050781
0.036011 0.031006 1.029785 -0.009888 0.009277 0.050781
0.036011 0.031006 1.029785 -0.003906 0.036743 0.078735
0.111572 0.015259 1.051758 -0.003906 0.036743 0.078735
0.111572 0.015259 1.051758 0.002441 0.051270 0.086548
0.196289 0.028809 1.081665 0.002441 0.051270 0.086548
0.196289 0.028809 1.081665 0.002441 0.051270 0.086548
0.132324 0.070557 1.095093 0.001221 0.049805 0.072876
0.132324 0.070557 1.095093 0.001221 0.049805 0.072876
0.104126 0.075562 1.066772 -0.002441 0.022705 0.068848
0.104126 0.075562 1.066772 -0.002441 0.022705 0.068848
0.059937 0.081665 1.046997 -0.006836 0.003906 0.073730
0.059937 0.081665 1.046997 -0.006836 0.003906 0.073730
0.059937 0.081665 1.046997 -0.009766 -0.000488 0.089478
0.121948 0.056763 1.005737 -0.009766 -0.000488 0.089478
0.121948 0.056763 1.005737 -0.008789 0.022461 0.101318
0.187012 0.014282 1.064331 -0.008789 0.022461 0.101318
0.187012 0.014282 1.064331 -0.003906 0.042725 0.097168
0.101685 0.023315 1.114136 -0.003906 0.042725 0.097168
0.101685 0.023315 1.114136 -0.003906 0.042725 0.097168
0.058105 0.055664 1.046753 -0.004028 0.033081 0.098999
0.058105 0.055664 1.046753 -0.004028 0.033081 0.098999
0.057861 0.022339 1.140503 -0.009399 0.030640 0.110352
0.057861 0.022339 1.140503 -0.009399 0.030640 0.110352
0.057861 0.022339 1.140503 -0.008545 0.016968 0.114746
0.060791 0.016724 1.104248 -0.008545 0.016968 0.114746
0.060791 0.016724 1.104248 -0.010132 0.022705 0.122803
0.049316 0.006958 1.110596 -0.010132 0.022705 0.122803
0.049316 0.006958 1.110596 -0.005737 0.032104 0.133667
0.026611 0.013428 1.120728 -0.005737 0.032104 0.133667
0.026611 0.013428 1.120728 -0.005737 0.032104 0.133667
0.150024 -0.012085 1.112671 -0.005127 0.042969 0.138550
0.150024 -0.012085 1.112671 -0.005127 0.042969 0.138550
0.045898 0.026367 1.118774 -0.003052 0.037231 0.125854
0.045898 0.026367 1.118774 -0.003052 0.037231 0.125854
0.068726 0.026001 1.085815 -0.006592 0.038574 0.112793
0.068726 0.026001 1.085815 -0.006592 0.038574 0.112793
0.068726 0.026001 1.085815 -0.007568 0.011719 0.101929
0.106445 0.028442 1.051758 -0.007568 0.011719 0.101929
0.106445 0.028442 1.051758 -0.011597 0.007446 0.086182
-0.006226 0.056274 1.086792 -0.011597 0.007446 0.086182
-0.006226 0.056274 1.086792 -0.009277 0.013916 0.087524
-0.048950 0.051270 1.034180 -0.009277 0.013916 0.087524
-0.048950 0.051270 1.034180 -0.009277 0.013916 0.087524
0.133423 0.011108 1.019653 -0.005737 0.027954 0.098022
0.133423 0.011108 1.019653 -0.005737 0.027954 0.098022
0.024414 0.074219 1.064453 -0.002197 0.044312 0.094849
0.024414 0.074219 1.064453 -0.002197 0.044312 0.094849
0.024414 0.074219 1.064453 0.001221 0.057373 0.091553
0.166504 0.016357 1.071411 0.001221 0.057373 0.091553
0.166504 0.016357 1.071411 -0.000488 0.041626 0.058105
0.004150 0.076294 1.105957 -0.000488 0.041626 0.058105
0.004150 0.076294 1.105957 -0.006592 0.008057 0.054565
0.036255 0.054199 1.068359 -0.006592 0.008057 0.054565
