0.004883 0.027832 1.060913 -0.014038 -0.005493 0.002686
0.004883 0.027832 1.060913 -0.014038 -0.005493 0.002686
0.017456 0.027222 1.056641 -0.014893 -0.006592 0.001587
0.017456 0.027222 1.056641 -0.014893 -0.006592 0.001587
-0.003418 0.025513 1.069580 -0.015259 -0.006592 0.000122
-0.003418 0.025513 1.069580 -0.015259 -0.006592 0.000122
-0.011475 0.028687 1.076782 -0.014404 -0.005371 0.000732
-0.011475 0.028687 1.076782 -0.014404 -0.005371 0.000732
-0.011475 0.028687 1.076782 -0.012939 -0.005005 0.001587
0.002197 0.024658 1.066406 -0.012939 -0.005005 0.001587
0.002197 0.024658 1.066406 -0.013672 -0.005005 0.001465
0.006104 0.026001 1.058105 -0.013672 -0.005005 0.001465
0.006104 0.026001 1.058105 -0.014160 -0.005981 0.000366
0.014526 0.025635 1.064697 -0.014160 -0.005981 0.000366
0.014526 0.025635 1.064697 -0.014160 -0.005981 0.000366
0.002930 0.023560 1.069214 -0.014038 -0.006226 -0.001587
0.002930 0.023560 1.069214 -0.014038 -0.006226 -0.001587
-0.006226 0.029053 1.070801 -0.013062 -0.006836 -0.003296
-0.006226 0.029053 1.070801 -0.013062 -0.006836 -0.003296
-0.006226 0.029053 1.070801 -0.011963 -0.006348 -0.003174
-0.005127 0.027832 1.064575 -0.011963 -0.006348 -0.003174
-0.005127 0.027832 1.064575 -0.011353 -0.005371 -0.002441
-0.000122 0.024658 1.070068 -0.011353 -0.005371 -0.002441
-0.000122 0.024658 1.070068 -0.011719 -0.005249 -0.001953
0.002563 0.029053 1.060303 -0.011719 -0.005249 -0.001953
0.002563 0.029053 1.060303 -0.011719 -0.005249 -0.001953
0.003296 0.026978 1.067627 -0.012573 -0.005859 -0.002808
0.003296 0.026978 1.067627 -0.012573 -0.005859 -0.002808
-0.002930 0.027954 1.062622 -0.012207 -0.006226 -0.003174
-0.002930 0.027954 1.062622 -0.012207 -0.006226 -0.003174
-0.005005 0.028076 1.052490 -0.012329 -0.005493 -0.002319
-0.005005 0.028076 1.052490 -0.012329 -0.005493 -0.002319
-0.005005 0.028076 1.052490 -0.012939 -0.005737 -0.001465
-0.003540 0.026245 1.064331 -0.012939 -0.005737 -0.001465
-0.003540 0.026245 1.064331 -0.012939 -0.005249 0.000000
0.000977 0.024170 1.060669 -0.012939 -0.005249 0.000000
0.000977 0.024170 1.060669 -0.012939 -0.005249 0.000000
-0.003418 0.026855 1.063354 -0.013306 -0.005005 0.000366
-0.003418 0.026855 1.063354 -0.013306 -0.005005 0.000366
0.000854 0.026001 1.065186 -0.012817 -0.006470 0.000366
0.000854 0.026001 1.065186 -0.012817 -0.006470 0.000366
-0.002319 0.026611 1.067017 -0.013306 -0.006592 0.001099
-0.002319 0.026611 1.067017 -0.013306 -0.006592 0.001099
-0.002319 0.026611 1.067017 -0.013184 -0.006592 0.002075
0.002808 0.025146 1.068115 -0.013184 -0.006592 0.002075
0.002808 0.025146 1.068115 -0.013306 -0.006470 0.001221
0.003906 0.028320 1.067139 -0.013306 -0.006470 0.001221
0.003906 0.028320 1.067139 -0.013428 -0.006836 -0.000488
0.010376 0.026978 1.065186 -0.013428 -0.006836 -0.000488
0.010376 0.026978 1.065186 -0.013428 -0.006836 -0.000488
0.005249 0.025269 1.065674 -0.011719 -0.007935 -0.001953
0.005249 0.025269 1.065674 -0.011719 -0.007935 -0.001953
0.003784 0.025269 1.065308 -0.010742 -0.008179 -0.002930
0.003784 0.025269 1.065308 -0.010742 -0.008179 -0.002930
0.000732 0.023193 1.063965 -0.009888 -0.008423 -0.003540
0.000732 0.023193 1.063965 -0.009888 -0.008423 -0.003540
0.000732 0.023193 1.063965 -0.009277 -0.008423 -0.004272
0.000366 0.029297 1.069092 -0.009277 -0.008423 -0.004272
0.000366 0.029297 1.069092 -0.009155 -0.008057 -0.004150
-0.001709 0.027344 1.073364 -0.009155 -0.008057 -0.004150
-0.001709 0.027344 1.073364 -0.009155 -0.008057 -0.004150
0.001343 0.028564 1.067017 -0.008423 -0.007690 -0.004395
0.001343 0.028564 1.067017 -0.008423 -0.007690 -0.004395
0.005005 0.025757 1.064087 -0.008179 -0.008301 -0.005005
0.005005 0.025757 1.064087 -0.008179 -0.008301 -0.005005
-0.001953 0.026123 1.064819 -0.007935 -0.008911 -0.005981
-0.001953 0.026123 1.064819 -0.007935 -0.008911 -0.005981
-0.001953 0.026123 1.064819 -0.007568 -0.009155 -0.006104
-0.003540 0.029785 1.064819 -0.007568 -0.009155 -0.006104
-0.003540 0.029785 1.064819 -0.008301 -0.009155 -0.005981
-0.001343 0.029907 1.061646 -0.008301 -0.009155 -0.005981
-0.001343 0.029907 1.061646 -0.008301 -0.008789 -0.005737
-0.002319 0.027100 1.058838 -0.008301 -0.008789 -0.005737
-0.002319 0.027100 1.058838 -0.008301 -0.008789 -0.005737
0.000366 0.028687 1.055786 -0.009155 -0.007568 -0.004883
0.000366 0.028687 1.055786 -0.009155 -0.007568 -0.004883
0.003174 0.029785 1.061890 -0.010254 -0.006226 -0.005249
0.003174 0.029785 1.061890 -0.010254 -0.006226 -0.005249
0.003174 0.029785 1.061890 -0.011230 -0.006470 -0.005249
-0.000610 0.024658 1.073486 -0.011230 -0.006470 -0.005249
-0.000610 0.024658 1.073486 -0.011963 -0.006714 -0.005615
-0.006714 0.027466 1.064819 -0.011963 -0.006714 -0.005615
-0.006714 0.027466 1.064819 -0.011475 -0.007568 -0.004272
0.003540 0.028076 1.056885 -0.011475 -0.007568 -0.004272
0.003540 0.028076 1.056885 -0.011475 -0.007568 -0.004272
-0.002319 0.026733 1.058472 -0.012817 -0.006226 -0.004639
-0.002319 0.026733 1.058472 -0.012817 -0.006226 -0.004639
-0.006348 0.027954 1.064941 -0.014038 -0.006714 -0.004150
-0.006348 0.027954 1.064941 -0.014038 -0.006714 -0.004150
-0.008789 0.029541 1.065308 -0.013794 -0.007446 -0.002808
-0.008789 0.029541 1.065308 -0.013794 -0.007446 -0.002808
-0.008789 0.029541 1.065308 -0.013550 -0.007446 -0.000977
-0.003418 0.028442 1.072388 -0.013550 -0.007446 -0.000977
-0.003418 0.028442 1.072388 -0.013184 -0.006470 -0.000366
-0.000366 0.030396 1.066528 -0.013184 -0.006470 -0.000366
-0.000366 0.030396 1.066528 -0.012939 -0.006714 -0.000488
0.005005 0.031250 1.062866 -0.012939 -0.006714 -0.000488
0.005005 0.031250 1.062866 -0.012939 -0.006714 -0.000488
0.013916 0.027344 1.063965 -0.013062 -0.007080 -0.001221
0.013916 0.027344 1.063965 -0.013062 -0.007080 -0.001221
0.003052 0.026489 1.061890 -0.012329 -0.007080 -0.003784
0.003052 0.026489 1.061890 -0.012329 -0.007080 -0.003784
0.003052 0.026489 1.061890 -0.012207 -0.006836 -0.004395
-0.002075 0.026978 1.059204 -0.012207 -0.006836 -0.004395
-0.002075 0.026978 1.059204 -0.012085 -0.007080 -0.004272
0.000610 0.030640 1.069458 -0.012085 -0.007080 -0.004272
0.000610 0.030640 1.069458 -0.012207 -0.007935 -0.003906
0.000610 0.028320 1.065552 -0.012207 -0.007935 -0.003906
0.000610 0.028320 1.065552 -0.012207 -0.007935 -0.003906
0.003052 0.031494 1.060059 -0.012695 -0.007080 -0.003662
0.003052 0.031494 1.060059 -0.012695 -0.007080 -0.003662
0.006470 0.026611 1.062256 -0.013550 -0.007446 -0.003906
0.006470 0.026611 1.062256 -0.013550 -0.007446 -0.003906
0.008301 0.029785 1.066406 -0.013672 -0.008057 -0.004639
0.008301 0.029785 1.066406 -0.013672 -0.008057 -0.004639
0.008301 0.029785 1.066406 -0.013184 -0.007813 -0.005737
0.001709 0.029663 1.068848 -0.013184 -0.007813 -0.005737
0.001709 0.029663 1.068848 -0.012573 -0.007446 -0.006470
-0.002197 0.030396 1.065063 -0.012573 -0.007446 -0.006470
-0.002197 0.030396 1.065063 -0.012573 -0.007446 -0.006470
-0.001831 0.031738 1.063477 -0.012695 -0.007568 -0.006104
-0.001831 0.031738 1.063477 -0.012695 -0.007568 -0.006104
-0.004761 0.028320 1.058838 -0.013184 -0.007568 -0.006104
-0.004761 0.028320 1.058838 -0.013184 -0.007568 -0.006104
-0.001953 0.028198 1.059692 -0.013306 -0.007568 -0.005615
-0.001953 0.028198 1.059692 -0.013306 -0.007568 -0.005615
-0.001953 0.028198 1.059692 -0.013672 -0.008057 -0.004517
-0.003296 0.026733 1.063477 -0.013672 -0.008057 -0.004517
-0.003296 0.026733 1.063477 -0.013794 -0.008911 -0.003906
-0.001465 0.029663 1.060181 -0.013794 -0.008911 -0.003906
-0.001465 0.029663 1.060181 -0.014038 -0.007935 -0.002808
-0.003418 0.031128 1.066284 -0.014038 -0.007935 -0.002808
-0.003418 0.031128 1.066284 -0.014038 -0.007935 -0.002808
-0.006836 0.025391 1.064941 -0.014526 -0.007935 -0.002563
-0.006836 0.025391 1.064941 -0.014526 -0.007935 -0.002563
-0.009521 0.028809 1.059814 -0.014893 -0.007324 -0.001587
-0.009521 0.028809 1.059814 -0.014893 -0.007324 -0.001587
-0.006226 0.026733 1.061768 -0.014648 -0.006958 -0.000732
-0.006226 0.026733 1.061768 -0.014648 -0.006958 -0.000732
-0.006226 0.026733 1.061768 -0.015015 -0.006470 0.000488
-0.001953 0.030518 1.058594 -0.015015 -0.006470 0.000488
-0.001953 0.030518 1.058594 -0.015259 -0.006836 0.001099
-0.001465 0.029785 1.058594 -0.015259 -0.006836 0.001099
-0.001465 0.029785 1.058594 -0.015259 -0.006836 0.001099
-0.003906 0.029297 1.061157 -0.015259 -0.007080 0.001221
-0.003906 0.029297 1.061157 -0.015259 -0.007080 0.001221
-0.004883 0.031128 1.063477 -0.015015 -0.006714 0.002319
-0.004883 0.031128 1.063477 -0.015015 -0.006714 0.002319
0.004028 0.028442 1.063477 -0.015869 -0.005981 0.003174
0.004028 0.028442 1.063477 -0.015869 -0.005981 0.003174
